2.046939522241388310e-01
2.017009712646570252e-01
2.041542456005385198e-01
2.115413742616246706e-01
2.058837974559206419e-01
2.029636065257264255e-01
2.051457306058682706e-01
1.947285035287339705e-01
1.999103987256707626e-01
1.931087807471125462e-01
1.955451576741238928e-01
1.868810104779675685e-01
1.831512503034717076e-01
1.878071327786697831e-01
1.945491021187062686e-01
1.872692364495643080e-01
1.774379135104036942e-01
1.793459720259271972e-01
1.726771729672242073e-01
1.755272621245990983e-01
1.748585485854858568e-01
1.661267707779335578e-01
1.682737017277666225e-01
1.775815550649987862e-01
1.699055003634601380e-01
1.718834989863027296e-01
1.616659419239503404e-01
1.734698975768173834e-01
1.684026936679424435e-01
1.722773244735427700e-01
1.574571883711668729e-01
1.607891491985203314e-01
1.623243559718969553e-01
1.627463445645263851e-01
1.507944244078370244e-01
1.529762205280961185e-01
1.451175629713609694e-01
1.385769676217332158e-01
1.333040678958150316e-01
1.217539806117836215e-01
1.227654967521023266e-01
1.261001441996917050e-01
1.478346151860837343e-01
1.679858835391983829e-01
1.843652538473337099e-01
1.869449601123877314e-01
1.911131377615645777e-01
1.939916746075530385e-01
1.986761558751804213e-01
1.891255324480080047e-01
1.931917071922190920e-01
1.978901418697708303e-01
1.998495863624968616e-01
1.972330613692798995e-01
1.985374202582853576e-01
1.960688201558747068e-01
1.986427186447596582e-01
2.063253791604120202e-01
2.012229587379887885e-01
2.100978059740946369e-01
1.984586738388331439e-01
2.032378843010072267e-01
2.025634318597959727e-01
2.100907209931561492e-01
2.018718651429753375e-01
2.050315115197851035e-01
2.171719853448733639e-01
2.033104476023205043e-01
2.051440647389309868e-01
2.088933751261754235e-01
2.163206180589087313e-01
2.097610520126156064e-01
2.083531337451819121e-01
2.117477592829705435e-01
2.110610720562390297e-01
2.196831705028426396e-01
1.990921228304405877e-01
2.049076517150395793e-01
2.026489344306971196e-01
2.048915061806992344e-01
2.015487085070666595e-01
2.149720427772650877e-01
2.114081014053458274e-01
2.112214884288806382e-01
2.119586260302007974e-01
2.072352267146832516e-01
2.089716136825344461e-01
2.097020024176170783e-01
2.047613906283740071e-01
2.095227658758424261e-01
2.086590823313743404e-01
2.107474086197490548e-01
2.095358250538821299e-01
2.111994661624868042e-01
2.067503668677645456e-01
2.167568453844892495e-01
2.077091398754418450e-01
2.149169715733183217e-01
2.142979403206481392e-01
2.120340607906163743e-01
2.051282051282051211e-01
2.114210736493810361e-01
2.152562440096972562e-01
2.047248534055029212e-01
2.058206161003006684e-01
2.012143221925892234e-01
1.951028184008516964e-01
1.953572847494182418e-01
1.920884825912758942e-01
1.901574587150929863e-01
1.847782774520407567e-01
1.784207019102621028e-01
1.790110009802853841e-01
1.725373463425390053e-01
1.602157182180776462e-01
1.629293216009083112e-01
1.601386481802426209e-01
1.532448945890901026e-01
1.582064766122336097e-01
1.507486960910773277e-01
1.542435014441235208e-01
1.560853744636941376e-01
1.647589512263885059e-01
1.698763200993957112e-01
1.778460488137907358e-01
1.942539808466028084e-01
2.074679505122319911e-01
2.108099006566762079e-01
2.183901589619726968e-01
2.059965123474152005e-01
2.082109780889993267e-01
2.056074766355140138e-01
2.034492507774950387e-01
2.082466107892220197e-01
2.148982680343030083e-01
2.114981591617105527e-01
2.244520432759683770e-01
2.147809910366987873e-01
2.122247744971706984e-01
2.159959246051961212e-01
2.304241667139855787e-01
2.127094740335158385e-01
2.114612207953838197e-01
2.217359591539022623e-01
2.109538045010999063e-01
2.228168860247938532e-01
2.225079666797115108e-01
2.106629055007052109e-01
2.225135179419957532e-01
2.145659218829950587e-01
2.152475991201244776e-01
2.134003167149019775e-01
2.123903818953323808e-01
2.185687742807274347e-01
2.268443099837095522e-01
2.140229506396529868e-01
2.237222757955641406e-01
2.164369280667207129e-01
2.130595950955232465e-01
2.156421356421356350e-01
2.200599649261752444e-01
