1.165399999999999991e+01
1.164799999999999969e+01
1.165300000000000047e+01
1.165199999999999925e+01
1.164700000000000024e+01
1.164300000000000068e+01
1.164799999999999969e+01
1.164700000000000024e+01
1.164300000000000068e+01
1.164300000000000068e+01
1.164499999999999957e+01
1.164300000000000068e+01
1.164000000000000057e+01
1.163700000000000045e+01
1.163700000000000045e+01
1.163599999999999923e+01
1.163700000000000045e+01
1.163599999999999923e+01
1.164100000000000001e+01
1.163899999999999935e+01
1.163599999999999923e+01
1.163599999999999923e+01
1.163400000000000034e+01
1.163400000000000034e+01
1.162800000000000011e+01
1.163400000000000034e+01
1.163400000000000034e+01
1.163400000000000034e+01
1.163599999999999923e+01
1.162599999999999945e+01
1.162400000000000055e+01
1.162400000000000055e+01
1.162599999999999945e+01
1.162299999999999933e+01
1.162599999999999945e+01
1.162599999999999945e+01
1.162800000000000011e+01
1.162599999999999945e+01
1.162199999999999989e+01
1.162400000000000055e+01
1.162400000000000055e+01
1.162599999999999945e+01
1.162599999999999945e+01
1.162700000000000067e+01
1.162800000000000011e+01
1.162599999999999945e+01
1.162599999999999945e+01
1.162400000000000055e+01
1.162400000000000055e+01
1.162299999999999933e+01
1.162299999999999933e+01
1.162599999999999945e+01
1.162700000000000067e+01
1.162599999999999945e+01
1.162599999999999945e+01
1.162800000000000011e+01
1.162299999999999933e+01
1.162700000000000067e+01
1.162700000000000067e+01
1.162599999999999945e+01
1.162400000000000055e+01
1.162599999999999945e+01
1.162400000000000055e+01
1.163000000000000078e+01
1.162800000000000011e+01
1.162700000000000067e+01
1.162400000000000055e+01
1.163000000000000078e+01
1.162599999999999945e+01
1.162400000000000055e+01
1.162400000000000055e+01
1.162700000000000067e+01
1.162800000000000011e+01
1.162599999999999945e+01
1.162599999999999945e+01
1.162800000000000011e+01
1.162800000000000011e+01
1.162599999999999945e+01
1.162700000000000067e+01
1.162599999999999945e+01
1.162800000000000011e+01
