2.605000000000000000e+03
2.211000000000000000e+03
3.900000000000000000e+02
1.287000000000000000e+03
2.163000000000000000e+03
2.099000000000000000e+03
2.064000000000000000e+03
2.077000000000000000e+03
2.069000000000000000e+03
1.765000000000000000e+03
5.390000000000000000e+02
4.550000000000000000e+02
1.251000000000000000e+03
1.827000000000000000e+03
1.847000000000000000e+03
1.818000000000000000e+03
2.005000000000000000e+03
1.751000000000000000e+03
1.843000000000000000e+03
1.621000000000000000e+03
1.291000000000000000e+03
7.120000000000000000e+02
3.930000000000000000e+02
1.237000000000000000e+03
1.439000000000000000e+03
1.783000000000000000e+03
1.649000000000000000e+03
1.792000000000000000e+03
1.696000000000000000e+03
1.651000000000000000e+03
1.592000000000000000e+03
1.581000000000000000e+03
1.056000000000000000e+03
3.940000000000000000e+02
1.267000000000000000e+03
1.525000000000000000e+03
1.514000000000000000e+03
1.611000000000000000e+03
1.481000000000000000e+03
1.574000000000000000e+03
1.461000000000000000e+03
