9.565562009811401367e+00
9.609233617782592773e+00
9.566814661026000977e+00
1.062998342514038086e+01
9.585975885391235352e+00
9.601323604583740234e+00
9.575619697570800781e+00
9.669799089431762695e+00
9.512788534164428711e+00
9.558284044265747070e+00
9.631923437118530273e+00
9.675435304641723633e+00
9.558667659759521484e+00
9.636733770370483398e+00
9.586715698242187500e+00
9.594216346740722656e+00
9.602970361709594727e+00
9.671539068222045898e+00
9.568163394927978516e+00
9.652219295501708984e+00
9.665418863296508789e+00
9.558003902435302734e+00
9.594037294387817383e+00
9.579929590225219727e+00
9.547676563262939453e+00
9.600564241409301758e+00
9.675423383712768555e+00
9.569060325622558594e+00
9.573513746261596680e+00
9.578238964080810547e+00
9.647336006164550781e+00
9.578780889511108398e+00
9.569709062576293945e+00
9.613358497619628906e+00
9.638740539550781250e+00
9.586931943893432617e+00
9.570468664169311523e+00
9.597283363342285156e+00
9.581577062606811523e+00
9.546194314956665039e+00
9.557981014251708984e+00
9.617023229598999023e+00
9.612253189086914062e+00
9.593025684356689453e+00
9.554143190383911133e+00
9.600351095199584961e+00
9.560189485549926758e+00
9.554074764251708984e+00
9.611757516860961914e+00
9.598697900772094727e+00
9.572411775588989258e+00
9.566891670227050781e+00
9.580954074859619141e+00
9.594551086425781250e+00
9.580216407775878906e+00
9.651439189910888672e+00
9.540658712387084961e+00
9.652993679046630859e+00
9.557419300079345703e+00
9.559319257736206055e+00
9.551698923110961914e+00
9.598432302474975586e+00
9.652844905853271484e+00
9.703777551651000977e+00
9.640811681747436523e+00
9.773215532302856445e+00
9.571232080459594727e+00
9.579591035842895508e+00
9.608722686767578125e+00
9.586161375045776367e+00
9.554276704788208008e+00
9.604560852050781250e+00
9.697240114212036133e+00
9.550785303115844727e+00
9.638898849487304688e+00
9.630184412002563477e+00
9.601876735687255859e+00
9.560021877288818359e+00
9.492140531539916992e+00
9.685988903045654297e+00
9.563506126403808594e+00
9.586614131927490234e+00
9.596711397171020508e+00
9.675108194351196289e+00
9.629679918289184570e+00
9.579512357711791992e+00
9.569453477859497070e+00
9.598885536193847656e+00
9.563084125518798828e+00
9.630832195281982422e+00
9.558716535568237305e+00
9.697991609573364258e+00
9.581956386566162109e+00
9.588407278060913086e+00
9.571851491928100586e+00
9.644407033920288086e+00
9.640714406967163086e+00
9.627438545227050781e+00
9.676786661148071289e+00
9.596846580505371094e+00
9.641552925109863281e+00
9.593421936035156250e+00
9.609982013702392578e+00
9.581979751586914062e+00
9.654402017593383789e+00
9.550659656524658203e+00
9.809490919113159180e+00
9.600046157836914062e+00
9.548290014266967773e+00
9.493244409561157227e+00
9.616627931594848633e+00
9.581365585327148438e+00
9.594485282897949219e+00
9.612096786499023438e+00
9.675672054290771484e+00
9.546742439270019531e+00
9.601907968521118164e+00
9.581283807754516602e+00
9.601804494857788086e+00
9.631336450576782227e+00
9.590991735458374023e+00
9.607207775115966797e+00
9.610710144042968750e+00
9.744842052459716797e+00
9.568638563156127930e+00
9.642309665679931641e+00
9.574000597000122070e+00
9.593147039413452148e+00
9.601699113845825195e+00
9.664472818374633789e+00
9.564479351043701172e+00
9.652242183685302734e+00
9.621605396270751953e+00
9.708344221115112305e+00
9.564223527908325195e+00
9.619002580642700195e+00
9.598801851272583008e+00
9.630629777908325195e+00
9.613847970962524414e+00
9.609513759613037109e+00
9.689347505569458008e+00
9.612884998321533203e+00
9.646330118179321289e+00
9.686304092407226562e+00
9.698136091232299805e+00
9.620687007904052734e+00
9.677072286605834961e+00
9.585430622100830078e+00
9.645022869110107422e+00
9.584324598312377930e+00
9.572471618652343750e+00
9.619305133819580078e+00
9.567907810211181641e+00
9.684134244918823242e+00
9.613771915435791016e+00
9.611350059509277344e+00
9.600884437561035156e+00
9.565629005432128906e+00
9.551327228546142578e+00
9.617465257644653320e+00
9.618111848831176758e+00
9.587222576141357422e+00
9.602377891540527344e+00
9.643109560012817383e+00
9.555611848831176758e+00
9.540924787521362305e+00
9.556381702423095703e+00
9.666997671127319336e+00
9.548208236694335938e+00
9.614136695861816406e+00
9.644186496734619141e+00
9.611155509948730469e+00
9.591217756271362305e+00
9.562638759613037109e+00
9.592293739318847656e+00
9.594581604003906250e+00
9.582702636718750000e+00
9.721592903137207031e+00
9.622464895248413086e+00
9.638765335083007812e+00
9.564192533493041992e+00
9.635827302932739258e+00
9.663607120513916016e+00
9.545606613159179688e+00
9.603269100189208984e+00
9.629408359527587891e+00
9.602625131607055664e+00
9.688300609588623047e+00
9.624325037002563477e+00
9.637277126312255859e+00
9.599143981933593750e+00
9.465854167938232422e+00
9.599213123321533203e+00
9.603964805603027344e+00
9.572799921035766602e+00
9.597965955734252930e+00
9.585551500320434570e+00
9.645718812942504883e+00
9.561833143234252930e+00
9.596032381057739258e+00
9.540460348129272461e+00
9.728816509246826172e+00
9.543666362762451172e+00
9.564790964126586914e+00
9.613739490509033203e+00
9.585535764694213867e+00
9.590623378753662109e+00
9.567336320877075195e+00
9.635587930679321289e+00
9.527219533920288086e+00
9.581962347030639648e+00
9.560111045837402344e+00
9.632724761962890625e+00
9.550902366638183594e+00
9.552772998809814453e+00
9.764240741729736328e+00
9.633028268814086914e+00
9.635547637939453125e+00
9.597604990005493164e+00
9.581170320510864258e+00
9.582595109939575195e+00
9.635445356369018555e+00
9.503927230834960938e+00
9.646685600280761719e+00
9.587955713272094727e+00
9.603659152984619141e+00
9.622561216354370117e+00
9.614286899566650391e+00
9.586012125015258789e+00
9.643138170242309570e+00
9.623739480972290039e+00
9.608921527862548828e+00
9.649576425552368164e+00
9.593570709228515625e+00
9.598564624786376953e+00
9.642776012420654297e+00
9.548711538314819336e+00
9.573923349380493164e+00
9.575608253479003906e+00
9.684898614883422852e+00
9.629000425338745117e+00
9.551385402679443359e+00
9.641058921813964844e+00
9.559858560562133789e+00
9.503356218338012695e+00
9.629205942153930664e+00
9.641861200332641602e+00
9.639899730682373047e+00
9.561579227447509766e+00
