1.920000000000000000e+02
1.760000000000000000e+02
1.640000000000000000e+02
1.760000000000000000e+02
1.620000000000000000e+02
1.600000000000000000e+02
1.660000000000000000e+02
1.330000000000000000e+02
1.900000000000000000e+02
1.760000000000000000e+02
1.520000000000000000e+02
1.560000000000000000e+02
1.480000000000000000e+02
1.890000000000000000e+02
1.640000000000000000e+02
1.460000000000000000e+02
1.660000000000000000e+02
1.600000000000000000e+02
1.810000000000000000e+02
1.560000000000000000e+02
1.560000000000000000e+02
1.260000000000000000e+02
1.280000000000000000e+02
1.480000000000000000e+02
1.240000000000000000e+02
1.600000000000000000e+02
1.500000000000000000e+02
1.080000000000000000e+02
1.220000000000000000e+02
1.360000000000000000e+02
1.060000000000000000e+02
1.380000000000000000e+02
1.400000000000000000e+02
1.370000000000000000e+02
9.800000000000000000e+01
1.240000000000000000e+02
1.580000000000000000e+02
1.580000000000000000e+02
1.360000000000000000e+02
1.660000000000000000e+02
1.160000000000000000e+02
