1.588089330024813894e-02
1.553196997152472142e-02
1.575614026054271075e-02
1.400342305896997049e-02
1.393764736704218056e-02
1.660104288602745615e-02
1.535075948687671110e-02
1.562335057531932803e-02
1.238520073471529800e-02
1.730338249856673907e-02
1.957775543679559846e-02
1.512488682963199736e-02
1.430009003760394047e-02
1.625587164194859310e-02
1.653741461660931597e-02
1.511442256519425140e-02
1.495139475908706730e-02
1.659221442246330488e-02
1.910422415623010128e-02
2.252631578947368249e-02
1.966069446646583063e-02
2.200032039301543299e-02
2.706912293893334875e-02
2.389794929759405870e-02
2.774142894530227596e-02
3.424474289689122264e-02
3.742093233402434688e-02
3.887238809858788169e-02
4.383074428578900839e-02
4.682165501544464231e-02
4.744584984528527061e-02
5.364887294533383227e-02
5.974289219608470980e-02
5.987764603973796951e-02
6.046936254766124147e-02
6.179141368008167490e-02
6.370458349079523297e-02
7.208663326329400878e-02
7.302144871999574627e-02
7.226969570654438735e-02
6.978486567483677128e-02
6.904173025311792500e-02
6.636318762683046657e-02
4.714060717970998404e-02
3.805867836578009228e-02
2.870969495949105693e-02
2.569201827465734944e-02
2.292079473035934373e-02
2.379561268391140391e-02
2.232989256372445649e-02
2.163461538461538408e-02
2.343877163474580860e-02
2.252373035877084859e-02
1.778838331796735173e-02
1.755794657673571957e-02
1.285622455538890097e-02
1.551997376905841879e-02
1.414075993091537184e-02
1.470904015460597000e-02
1.339662447257384051e-02
1.605662071515343708e-02
1.341838979322481328e-02
1.425594911722776609e-02
1.248015764409655774e-02
1.338401413351892472e-02
1.352009085501054524e-02
1.294214422813271155e-02
1.449981063680138432e-02
1.586697821007444428e-02
1.247606019151846837e-02
1.458277072643802269e-02
1.226328069889847522e-02
1.262369617544798102e-02
1.412398921832884111e-02
1.829713195262951120e-02
1.637978900610771726e-02
1.462880838564764238e-02
1.764020635713096918e-02
1.568584434815992884e-02
1.610784257725481408e-02
1.662878997838257433e-02
