1.164400000000000013e+01
1.164199999999999946e+01
1.164300000000000068e+01
1.164000000000000057e+01
1.163899999999999935e+01
1.164199999999999946e+01
1.163899999999999935e+01
1.163799999999999990e+01
1.163799999999999990e+01
1.162199999999999989e+01
1.161999999999999922e+01
1.161899999999999977e+01
1.162199999999999989e+01
1.162199999999999989e+01
1.162199999999999989e+01
1.162199999999999989e+01
1.162199999999999989e+01
1.161999999999999922e+01
1.161899999999999977e+01
1.161800000000000033e+01
1.161999999999999922e+01
1.162199999999999989e+01
1.161999999999999922e+01
1.161599999999999966e+01
1.161599999999999966e+01
1.161800000000000033e+01
1.161899999999999977e+01
1.161500000000000021e+01
1.161800000000000033e+01
1.161999999999999922e+01
1.161999999999999922e+01
1.161899999999999977e+01
1.161800000000000033e+01
1.161800000000000033e+01
1.161500000000000021e+01
1.161500000000000021e+01
1.161800000000000033e+01
1.161599999999999966e+01
1.161800000000000033e+01
1.161500000000000021e+01
1.161400000000000077e+01
