8.790000000000000000e+02
8.350000000000000000e+02
7.650000000000000000e+02
9.090000000000000000e+02
8.330000000000000000e+02
8.480000000000000000e+02
9.260000000000000000e+02
8.270000000000000000e+02
8.990000000000000000e+02
8.090000000000000000e+02
8.850000000000000000e+02
9.530000000000000000e+02
8.550000000000000000e+02
8.090000000000000000e+02
8.670000000000000000e+02
7.780000000000000000e+02
8.020000000000000000e+02
8.970000000000000000e+02
8.530000000000000000e+02
8.950000000000000000e+02
8.870000000000000000e+02
8.270000000000000000e+02
9.770000000000000000e+02
9.110000000000000000e+02
8.330000000000000000e+02
8.370000000000000000e+02
8.370000000000000000e+02
9.250000000000000000e+02
9.190000000000000000e+02
9.210000000000000000e+02
8.890000000000000000e+02
8.110000000000000000e+02
9.610000000000000000e+02
7.830000000000000000e+02
8.930000000000000000e+02
8.210000000000000000e+02
9.720000000000000000e+02
8.550000000000000000e+02
8.130000000000000000e+02
9.090000000000000000e+02
1.055000000000000000e+03
9.630000000000000000e+02
8.690000000000000000e+02
9.630000000000000000e+02
8.850000000000000000e+02
8.940000000000000000e+02
8.850000000000000000e+02
8.730000000000000000e+02
9.890000000000000000e+02
8.370000000000000000e+02
8.320000000000000000e+02
8.830000000000000000e+02
8.430000000000000000e+02
9.170000000000000000e+02
9.590000000000000000e+02
8.070000000000000000e+02
8.690000000000000000e+02
8.590000000000000000e+02
8.710000000000000000e+02
9.130000000000000000e+02
8.500000000000000000e+02
8.150000000000000000e+02
8.620000000000000000e+02
8.590000000000000000e+02
8.870000000000000000e+02
9.270000000000000000e+02
9.510000000000000000e+02
8.850000000000000000e+02
9.920000000000000000e+02
1.011000000000000000e+03
1.035000000000000000e+03
9.730000000000000000e+02
9.030000000000000000e+02
8.590000000000000000e+02
8.680000000000000000e+02
9.010000000000000000e+02
9.310000000000000000e+02
9.290000000000000000e+02
9.730000000000000000e+02
1.085000000000000000e+03
9.240000000000000000e+02
1.013000000000000000e+03
9.620000000000000000e+02
1.001000000000000000e+03
9.300000000000000000e+02
9.230000000000000000e+02
9.900000000000000000e+02
9.440000000000000000e+02
9.570000000000000000e+02
9.410000000000000000e+02
1.005000000000000000e+03
8.710000000000000000e+02
8.810000000000000000e+02
1.023000000000000000e+03
1.121000000000000000e+03
9.690000000000000000e+02
9.770000000000000000e+02
9.590000000000000000e+02
1.067000000000000000e+03
9.490000000000000000e+02
1.055000000000000000e+03
1.005000000000000000e+03
9.990000000000000000e+02
1.045000000000000000e+03
1.049000000000000000e+03
1.012000000000000000e+03
1.143000000000000000e+03
1.183000000000000000e+03
9.090000000000000000e+02
8.990000000000000000e+02
8.910000000000000000e+02
1.012000000000000000e+03
1.013000000000000000e+03
9.310000000000000000e+02
9.680000000000000000e+02
1.065000000000000000e+03
1.166000000000000000e+03
1.144000000000000000e+03
9.970000000000000000e+02
1.056000000000000000e+03
1.117000000000000000e+03
1.069000000000000000e+03
1.356000000000000000e+03
1.229000000000000000e+03
1.185000000000000000e+03
1.261000000000000000e+03
1.325000000000000000e+03
1.187000000000000000e+03
1.111000000000000000e+03
1.212000000000000000e+03
1.242000000000000000e+03
1.231000000000000000e+03
1.049000000000000000e+03
1.015000000000000000e+03
1.079000000000000000e+03
9.660000000000000000e+02
1.167000000000000000e+03
1.051000000000000000e+03
1.157000000000000000e+03
1.145000000000000000e+03
1.203000000000000000e+03
1.241000000000000000e+03
1.168000000000000000e+03
1.303000000000000000e+03
1.277000000000000000e+03
1.351000000000000000e+03
1.473000000000000000e+03
1.397000000000000000e+03
1.469000000000000000e+03
1.457000000000000000e+03
1.501000000000000000e+03
1.298000000000000000e+03
1.307000000000000000e+03
1.440000000000000000e+03
1.600000000000000000e+03
1.582000000000000000e+03
1.496000000000000000e+03
1.416000000000000000e+03
1.638000000000000000e+03
1.554000000000000000e+03
1.431000000000000000e+03
