1.182499999999999929e+01
1.182399999999999984e+01
1.181700000000000017e+01
1.181499999999999950e+01
1.181300000000000061e+01
1.181499999999999950e+01
1.181499999999999950e+01
1.181099999999999994e+01
1.180899999999999928e+01
1.181099999999999994e+01
1.181300000000000061e+01
1.180700000000000038e+01
1.180899999999999928e+01
1.180700000000000038e+01
1.180899999999999928e+01
1.180899999999999928e+01
1.180799999999999983e+01
1.180700000000000038e+01
1.180899999999999928e+01
1.180400000000000027e+01
1.180400000000000027e+01
1.180499999999999972e+01
1.180300000000000082e+01
1.180700000000000038e+01
1.180499999999999972e+01
1.180499999999999972e+01
1.180300000000000082e+01
1.179899999999999949e+01
1.180100000000000016e+01
1.180000000000000071e+01
1.180000000000000071e+01
1.179899999999999949e+01
1.179499999999999993e+01
1.179899999999999949e+01
1.179899999999999949e+01
1.179800000000000004e+01
1.179599999999999937e+01
1.179899999999999949e+01
1.180100000000000016e+01
1.179899999999999949e+01
1.179899999999999949e+01
1.179499999999999993e+01
1.179800000000000004e+01
1.179499999999999993e+01
1.179599999999999937e+01
1.179899999999999949e+01
1.179800000000000004e+01
1.179599999999999937e+01
1.179499999999999993e+01
1.179899999999999949e+01
1.179499999999999993e+01
1.179899999999999949e+01
1.179899999999999949e+01
1.179800000000000004e+01
1.179499999999999993e+01
1.179599999999999937e+01
1.179899999999999949e+01
1.180000000000000071e+01
1.179499999999999993e+01
1.179899999999999949e+01
1.179599999999999937e+01
1.179899999999999949e+01
1.179599999999999937e+01
1.179599999999999937e+01
1.179599999999999937e+01
1.179899999999999949e+01
1.179499999999999993e+01
1.179599999999999937e+01
1.179599999999999937e+01
1.179400000000000048e+01
1.179599999999999937e+01
1.179499999999999993e+01
1.179400000000000048e+01
1.179899999999999949e+01
1.179599999999999937e+01
1.179199999999999982e+01
1.179400000000000048e+01
1.179400000000000048e+01
1.179599999999999937e+01
1.179400000000000048e+01
1.179599999999999937e+01
