7.090748079999999618e+02
7.090750600000000077e+02
7.090751609999999800e+02
7.090752569999999650e+02
7.090753590000000486e+02
7.090754510000000437e+02
7.090755530000000135e+02
7.090756529999999884e+02
7.090757539999999608e+02
7.090758650000000216e+02
7.090759580000000142e+02
7.090767070000000558e+02
7.090760000000000218e+02
7.090762369999999919e+02
7.090772170000000187e+02
7.090760139999999865e+02
7.090765119999999797e+02
7.090770909999999958e+02
7.090763369999999668e+02
7.090765179999999646e+02
7.090771059999999579e+02
7.090768420000000560e+02
7.090776210000000219e+02
7.090761340000000246e+02
7.090791749999999638e+02
7.090775559999999587e+02
7.090769699999999602e+02
7.090781230000000050e+02
7.090778010000000222e+02
7.090773520000000190e+02
7.090780650000000378e+02
7.090774569999999812e+02
7.090783269999999447e+02
7.090782860000000483e+02
7.090790899999999510e+02
7.090784989999999652e+02
7.090803869999999733e+02
7.090787360000000490e+02
7.090796820000000480e+02
7.090788969999999836e+02
7.090789660000000367e+02
7.090790500000000520e+02
7.090791530000000193e+02
7.090792559999999867e+02
7.090793559999999616e+02
7.090794560000000502e+02
7.090795540000000301e+02
7.090796599999999899e+02
7.090797589999999673e+02
7.090798579999999447e+02
7.090799560000000383e+02
7.090800530000000208e+02
7.090801569999999856e+02
7.090802549999999655e+02
7.090803620000000365e+02
7.090804540000000316e+02
7.090805520000000115e+02
7.090806559999999763e+02
7.090807640000000447e+02
7.090808560000000398e+02
7.090809540000000197e+02
