2.980000000000000000e+02
3.080000000000000000e+02
2.960000000000000000e+02
3.260000000000000000e+02
3.100000000000000000e+02
3.600000000000000000e+02
3.320000000000000000e+02
2.880000000000000000e+02
2.860000000000000000e+02
2.880000000000000000e+02
3.100000000000000000e+02
2.680000000000000000e+02
3.280000000000000000e+02
3.240000000000000000e+02
3.040000000000000000e+02
3.300000000000000000e+02
3.600000000000000000e+02
4.040000000000000000e+02
4.140000000000000000e+02
4.600000000000000000e+02
5.100000000000000000e+02
6.500000000000000000e+02
7.880000000000000000e+02
9.420000000000000000e+02
1.040000000000000000e+03
1.184000000000000000e+03
1.316000000000000000e+03
1.305000000000000000e+03
1.270000000000000000e+03
1.282000000000000000e+03
1.376000000000000000e+03
1.392000000000000000e+03
1.368000000000000000e+03
1.488000000000000000e+03
1.580000000000000000e+03
1.508000000000000000e+03
1.730000000000000000e+03
1.724000000000000000e+03
1.458000000000000000e+03
1.334000000000000000e+03
1.174000000000000000e+03
1.072000000000000000e+03
9.340000000000000000e+02
8.680000000000000000e+02
8.340000000000000000e+02
7.680000000000000000e+02
7.640000000000000000e+02
7.220000000000000000e+02
6.660000000000000000e+02
6.060000000000000000e+02
5.620000000000000000e+02
5.880000000000000000e+02
5.120000000000000000e+02
4.760000000000000000e+02
4.540000000000000000e+02
4.560000000000000000e+02
4.300000000000000000e+02
4.400000000000000000e+02
3.400000000000000000e+02
3.700000000000000000e+02
3.680000000000000000e+02
2.800000000000000000e+02
3.240000000000000000e+02
3.160000000000000000e+02
3.120000000000000000e+02
2.680000000000000000e+02
3.300000000000000000e+02
2.800000000000000000e+02
2.800000000000000000e+02
2.700000000000000000e+02
2.600000000000000000e+02
2.800000000000000000e+02
2.640000000000000000e+02
2.880000000000000000e+02
2.740000000000000000e+02
2.840000000000000000e+02
2.720000000000000000e+02
2.880000000000000000e+02
3.060000000000000000e+02
3.040000000000000000e+02
2.720000000000000000e+02
