1.863173216885007435e-02
2.030082126049644747e-02
2.046924785169450603e-02
1.961338991041961313e-02
2.231105326763967514e-02
2.168021680216802166e-02
2.199427040014785908e-02
1.923422613697645112e-02
2.146690518783541876e-02
2.198003480172176782e-02
2.009669162953834493e-02
3.142909964873358969e-02
2.548486835941159850e-02
2.538837106080781350e-02
2.406124681006197724e-02
2.919708029197080196e-02
2.979826022580048250e-02
3.555385644652585275e-02
2.889959244164505212e-02
3.458213256484150150e-02
3.357623835439534771e-02
3.285951633745615857e-02
3.344665992832858425e-02
4.096728307254623308e-02
3.520662712981267178e-02
3.890791476407914895e-02
4.388360485921461579e-02
5.270244277745720490e-02
5.129179331306990552e-02
4.985741882071566267e-02
5.504760109341125252e-02
5.218207414359455482e-02
5.877934272300469609e-02
4.978254834829277248e-02
4.541662804708499618e-02
4.941023497724528896e-02
5.811679240011176362e-02
5.678989582373006328e-02
5.811902330331445571e-02
7.643778001280059076e-02
8.222786715589425199e-02
8.870363431997002612e-02
7.325204800914460190e-02
6.388344073970299297e-02
5.773078022292083694e-02
3.875602608942244065e-02
3.731624575951753009e-02
2.828854314002828690e-02
2.668180527959125581e-02
2.648375726398018506e-02
2.766985691272623796e-02
2.255351681957186438e-02
2.469135802469135665e-02
2.253888423209462685e-02
2.070750647109577056e-02
2.139650396408444150e-02
2.220356376527661199e-02
2.461367632090311758e-02
2.086723461280750452e-02
1.894934333958724071e-02
2.273786226819494993e-02
1.925369029063903753e-02
2.167865707434052727e-02
1.758241758241758240e-02
1.812859975450854463e-02
1.691854386465165005e-02
1.745269144033728681e-02
1.695741155832765010e-02
2.190709046454767869e-02
1.909028927632219763e-02
1.773250330126391328e-02
1.772669718515632736e-02
1.812747083212805019e-02
1.720347892573831708e-02
1.909082317361307859e-02
2.075667515803377577e-02
1.769400903933070549e-02
2.146550883012976821e-02
1.870420362514461921e-02
1.913026328764421552e-02
2.519591310385874486e-02
