3.638455867767333984e+00
3.658553838729858398e+00
3.578331232070922852e+00
3.594302892684936523e+00
3.643004179000854492e+00
3.652540922164916992e+00
3.633095979690551758e+00
3.669061183929443359e+00
3.576116323471069336e+00
3.615186214447021484e+00
3.629296302795410156e+00
3.654625177383422852e+00
3.604105949401855469e+00
3.602957487106323242e+00
3.642057418823242188e+00
3.660800695419311523e+00
3.602429389953613281e+00
3.603463649749755859e+00
3.613534688949584961e+00
3.658383131027221680e+00
3.584344148635864258e+00
3.624771833419799805e+00
3.613855123519897461e+00
3.666695833206176758e+00
3.582152128219604492e+00
3.656234979629516602e+00
3.664556980133056641e+00
3.592901229858398438e+00
3.614638805389404297e+00
3.632714033126831055e+00
3.643257617950439453e+00
3.644843101501464844e+00
3.605953454971313477e+00
3.585103988647460938e+00
3.634984016418457031e+00
3.588624954223632812e+00
3.622613668441772461e+00
3.630285263061523438e+00
3.607767581939697266e+00
3.646515846252441406e+00
3.600218057632446289e+00
3.601696014404296875e+00
3.670617103576660156e+00
3.615461349487304688e+00
3.618146657943725586e+00
3.642239093780517578e+00
3.601317644119262695e+00
3.572412729263305664e+00
3.667298316955566406e+00
3.669936895370483398e+00
3.628049373626708984e+00
3.607477903366088867e+00
3.642556190490722656e+00
3.641390323638916016e+00
3.617776632308959961e+00
3.628388881683349609e+00
3.610071420669555664e+00
3.671511173248291016e+00
3.673889160156250000e+00
3.604140043258666992e+00
3.672956228256225586e+00
