1.176800000000000068e+01
1.176500000000000057e+01
1.176200000000000045e+01
1.176200000000000045e+01
1.175799999999999912e+01
1.175600000000000023e+01
1.175900000000000034e+01
1.175999999999999979e+01
1.175999999999999979e+01
1.175900000000000034e+01
1.175900000000000034e+01
1.175399999999999956e+01
1.175600000000000023e+01
1.175399999999999956e+01
1.175200000000000067e+01
1.175399999999999956e+01
1.174799999999999933e+01
1.175099999999999945e+01
1.175099999999999945e+01
1.174499999999999922e+01
1.173799999999999955e+01
1.173700000000000010e+01
1.173700000000000010e+01
1.173499999999999943e+01
1.173199999999999932e+01
1.173300000000000054e+01
1.173300000000000054e+01
1.173300000000000054e+01
1.173399999999999999e+01
1.172799999999999976e+01
1.173199999999999932e+01
1.173300000000000054e+01
1.173199999999999932e+01
1.172600000000000087e+01
1.172899999999999920e+01
1.172899999999999920e+01
1.173000000000000043e+01
1.172799999999999976e+01
1.172600000000000087e+01
1.172799999999999976e+01
1.172799999999999976e+01
1.172799999999999976e+01
1.173000000000000043e+01
1.172799999999999976e+01
1.172899999999999920e+01
1.172899999999999920e+01
1.173000000000000043e+01
1.173199999999999932e+01
1.172799999999999976e+01
1.173199999999999932e+01
1.172199999999999953e+01
1.172799999999999976e+01
1.172799999999999976e+01
1.172799999999999976e+01
1.172499999999999964e+01
1.172499999999999964e+01
1.172799999999999976e+01
1.172799999999999976e+01
1.174699999999999989e+01
1.174900000000000055e+01
1.174499999999999922e+01
1.174600000000000044e+01
1.174699999999999989e+01
1.174600000000000044e+01
1.174200000000000088e+01
1.174499999999999922e+01
1.174499999999999922e+01
1.175000000000000000e+01
1.174900000000000055e+01
1.174600000000000044e+01
1.175099999999999945e+01
1.174900000000000055e+01
1.174699999999999989e+01
1.174900000000000055e+01
1.174600000000000044e+01
1.174699999999999989e+01
1.174699999999999989e+01
1.174699999999999989e+01
1.175099999999999945e+01
1.174699999999999989e+01
1.175000000000000000e+01
