5.179000000000000000e+03
3.820000000000000000e+03
4.187000000000000000e+03
4.207000000000000000e+03
4.633000000000000000e+03
4.401000000000000000e+03
4.285000000000000000e+03
3.775000000000000000e+03
4.103000000000000000e+03
3.753000000000000000e+03
4.571000000000000000e+03
4.291000000000000000e+03
4.239000000000000000e+03
3.925000000000000000e+03
4.239000000000000000e+03
4.353000000000000000e+03
4.185000000000000000e+03
4.135000000000000000e+03
4.378000000000000000e+03
4.375000000000000000e+03
4.365000000000000000e+03
4.615000000000000000e+03
4.628000000000000000e+03
3.693000000000000000e+03
4.501000000000000000e+03
4.413000000000000000e+03
4.573000000000000000e+03
4.601000000000000000e+03
4.785000000000000000e+03
4.501000000000000000e+03
4.087000000000000000e+03
3.644000000000000000e+03
4.319000000000000000e+03
4.538000000000000000e+03
4.894000000000000000e+03
4.912000000000000000e+03
4.578000000000000000e+03
4.771000000000000000e+03
4.475000000000000000e+03
4.845000000000000000e+03
4.793000000000000000e+03
