4.536000000000000000e+03
4.648000000000000000e+03
4.700000000000000000e+03
4.530000000000000000e+03
4.506000000000000000e+03
4.588000000000000000e+03
4.564000000000000000e+03
4.556000000000000000e+03
4.404000000000000000e+03
4.556000000000000000e+03
4.390000000000000000e+03
4.436000000000000000e+03
4.336000000000000000e+03
4.302000000000000000e+03
4.444000000000000000e+03
4.102000000000000000e+03
4.120000000000000000e+03
3.942000000000000000e+03
4.140000000000000000e+03
3.994000000000000000e+03
3.976000000000000000e+03
3.888000000000000000e+03
3.808000000000000000e+03
4.036000000000000000e+03
3.812000000000000000e+03
3.752000000000000000e+03
3.800000000000000000e+03
3.660000000000000000e+03
3.700000000000000000e+03
3.614000000000000000e+03
3.684000000000000000e+03
3.628000000000000000e+03
3.570000000000000000e+03
3.620000000000000000e+03
3.460000000000000000e+03
3.372000000000000000e+03
3.468000000000000000e+03
3.256000000000000000e+03
3.014000000000000000e+03
3.076000000000000000e+03
2.876000000000000000e+03
2.832000000000000000e+03
2.580000000000000000e+03
2.788000000000000000e+03
3.284000000000000000e+03
3.776000000000000000e+03
3.981000000000000000e+03
4.122000000000000000e+03
4.294000000000000000e+03
4.398000000000000000e+03
4.348000000000000000e+03
4.400000000000000000e+03
4.432000000000000000e+03
4.390000000000000000e+03
4.372000000000000000e+03
4.386000000000000000e+03
4.431000000000000000e+03
4.592000000000000000e+03
4.562000000000000000e+03
4.546000000000000000e+03
4.394000000000000000e+03
4.455000000000000000e+03
4.458000000000000000e+03
4.348000000000000000e+03
4.352000000000000000e+03
4.522000000000000000e+03
4.592000000000000000e+03
4.528000000000000000e+03
4.551000000000000000e+03
4.587000000000000000e+03
4.464000000000000000e+03
4.384000000000000000e+03
4.500000000000000000e+03
4.480000000000000000e+03
4.638000000000000000e+03
4.505000000000000000e+03
4.490000000000000000e+03
4.436000000000000000e+03
4.514000000000000000e+03
4.546000000000000000e+03
4.648000000000000000e+03
4.481000000000000000e+03
4.502000000000000000e+03
4.464000000000000000e+03
4.610000000000000000e+03
4.534000000000000000e+03
4.638000000000000000e+03
4.620000000000000000e+03
4.674000000000000000e+03
4.734000000000000000e+03
4.482000000000000000e+03
4.660000000000000000e+03
4.630000000000000000e+03
4.654000000000000000e+03
4.596000000000000000e+03
4.518000000000000000e+03
4.549000000000000000e+03
4.516000000000000000e+03
4.498000000000000000e+03
4.524000000000000000e+03
4.565000000000000000e+03
4.568000000000000000e+03
4.504000000000000000e+03
4.424000000000000000e+03
4.474000000000000000e+03
4.360000000000000000e+03
4.494000000000000000e+03
4.438000000000000000e+03
4.206000000000000000e+03
4.154000000000000000e+03
3.997000000000000000e+03
4.008000000000000000e+03
3.918000000000000000e+03
3.842000000000000000e+03
3.634000000000000000e+03
3.542000000000000000e+03
3.669000000000000000e+03
3.726000000000000000e+03
3.408000000000000000e+03
3.550000000000000000e+03
3.376000000000000000e+03
3.324000000000000000e+03
3.432000000000000000e+03
3.394000000000000000e+03
3.579000000000000000e+03
3.656000000000000000e+03
3.808000000000000000e+03
4.038000000000000000e+03
4.248000000000000000e+03
4.388000000000000000e+03
4.380000000000000000e+03
4.368000000000000000e+03
4.260000000000000000e+03
4.360000000000000000e+03
4.234000000000000000e+03
4.412000000000000000e+03
4.416000000000000000e+03
4.510000000000000000e+03
4.645000000000000000e+03
4.578000000000000000e+03
4.446000000000000000e+03
4.478000000000000000e+03
4.414000000000000000e+03
4.584000000000000000e+03
4.646000000000000000e+03
4.602000000000000000e+03
4.746000000000000000e+03
4.614000000000000000e+03
4.475000000000000000e+03
4.601000000000000000e+03
4.710000000000000000e+03
4.501000000000000000e+03
4.444000000000000000e+03
4.691000000000000000e+03
4.646000000000000000e+03
4.674000000000000000e+03
4.686000000000000000e+03
4.672000000000000000e+03
4.688000000000000000e+03
4.698000000000000000e+03
4.566000000000000000e+03
