6.040000000000000000e+02
6.020000000000000000e+02
4.660000000000000000e+02
5.410000000000000000e+02
4.700000000000000000e+02
5.400000000000000000e+02
5.490000000000000000e+02
4.860000000000000000e+02
4.980000000000000000e+02
5.050000000000000000e+02
4.860000000000000000e+02
5.200000000000000000e+02
4.600000000000000000e+02
4.720000000000000000e+02
4.380000000000000000e+02
4.700000000000000000e+02
4.760000000000000000e+02
4.560000000000000000e+02
4.520000000000000000e+02
4.460000000000000000e+02
4.560000000000000000e+02
4.500000000000000000e+02
4.450000000000000000e+02
4.320000000000000000e+02
4.840000000000000000e+02
4.220000000000000000e+02
4.150000000000000000e+02
5.230000000000000000e+02
4.540000000000000000e+02
4.600000000000000000e+02
4.620000000000000000e+02
3.930000000000000000e+02
9.600000000000000000e+01
5.350000000000000000e+02
1.740000000000000000e+02
4.400000000000000000e+01
4.600000000000000000e+01
5.200000000000000000e+01
4.600000000000000000e+01
4.400000000000000000e+01
3.400000000000000000e+01
4.000000000000000000e+01
3.500000000000000000e+01
3.400000000000000000e+01
3.600000000000000000e+01
3.800000000000000000e+01
3.600000000000000000e+01
4.100000000000000000e+01
4.400000000000000000e+01
3.200000000000000000e+01
3.000000000000000000e+01
2.800000000000000000e+01
4.400000000000000000e+01
4.400000000000000000e+01
2.600000000000000000e+01
4.000000000000000000e+01
4.200000000000000000e+01
5.300000000000000000e+01
4.800000000000000000e+01
4.200000000000000000e+01
7.000000000000000000e+01
