1.309139914328343902e-02
1.378497256609078139e-02
1.287186642063099101e-02
1.403351955307262540e-02
1.456441607479996327e-02
1.374661877522061031e-02
1.401472885516625785e-02
1.430653066631341896e-02
1.454738989666030935e-02
1.482209027188713737e-02
1.377644585588406329e-02
1.568170616963125708e-02
1.584405180470871075e-02
1.553868954057574005e-02
1.438128612387930619e-02
1.577158395649218281e-02
1.764837625979843311e-02
1.783234015860925628e-02
1.716047727577423368e-02
1.847385903444510175e-02
1.937586499397294520e-02
2.250287026406429247e-02
2.263198232721698802e-02
2.367350669530643090e-02
2.487244897959183659e-02
2.673289681643711835e-02
2.807746129192434381e-02
3.022487670241165436e-02
2.914787994716946593e-02
3.461728173624500915e-02
3.574644336394741662e-02
4.191699151570740800e-02
4.549321631666144311e-02
5.468110272040760389e-02
5.267699014576994465e-02
5.966173924623784791e-02
6.820761999909177864e-02
6.920012533011056510e-02
7.509149234175213627e-02
8.699190667812090050e-02
8.903708376515116762e-02
9.421841541755889005e-02
9.636615563402314844e-02
9.788961763262392368e-02
1.059400152884572149e-01
7.781330211194668889e-02
4.550269423847464606e-02
3.183391003460207813e-02
2.900692840646651102e-02
2.658477334188935268e-02
2.682630418148264709e-02
2.289414876636110610e-02
2.081336437080651830e-02
2.123064197417398255e-02
2.091398567169492143e-02
2.039603054831481271e-02
2.028194633924510978e-02
2.166162732975314767e-02
1.807588200211038276e-02
2.043318348998773848e-02
1.771197602070938640e-02
1.676308477201293723e-02
1.692821521709292343e-02
1.842523258452461940e-02
1.894633361633674476e-02
1.817928859620646445e-02
1.656296163659966986e-02
1.965966522928548274e-02
1.740337884748900665e-02
1.853274872304841100e-02
1.893201684858915670e-02
1.626815642458100467e-02
1.800394984613971558e-02
1.794171220400728531e-02
1.756053405747906929e-02
1.952228869596509334e-02
1.829793015988042879e-02
1.974369424444142457e-02
1.866936726696314525e-02
1.805950607250891848e-02
1.693131377842859234e-02
1.839532080189311067e-02
1.749944481456806519e-02
1.721625068318454951e-02
1.757847533632286852e-02
1.645535473428648421e-02
1.510150562915404428e-02
1.577041213954981022e-02
1.747563932476325563e-02
1.813663513101103006e-02
1.493526578586894075e-02
1.626987774611637211e-02
1.490570324926153087e-02
1.469170377852256626e-02
1.584212193907572411e-02
1.606792349477335902e-02
1.429026532562690556e-02
1.681603991499584089e-02
1.547831661858313848e-02
1.573184357541899600e-02
1.609017771919458301e-02
1.438784227327907957e-02
1.784215872455063509e-02
2.023174544785727447e-02
2.431639260259933766e-02
2.767502397588710722e-02
2.567721374914637075e-02
2.726134730400111422e-02
3.076214598204006501e-02
2.947444792091778731e-02
3.237195653170709536e-02
3.656795468152719553e-02
3.875861431016141417e-02
3.961035963251927083e-02
4.155440887711767811e-02
4.022805017103762981e-02
4.288156739522203109e-02
3.997982669295309377e-02
4.298112687698030232e-02
4.431044721575076728e-02
4.543200973543065624e-02
4.112368670243946728e-02
4.448910610697483226e-02
4.035520014877493067e-02
3.989686524630207953e-02
3.369010522512758121e-02
3.186639584743850007e-02
2.614499424626006915e-02
2.402348159855497919e-02
2.024198371440401323e-02
1.857838896225126255e-02
1.757741347905282178e-02
1.565681705054527278e-02
1.416009019165727183e-02
1.590438979544932241e-02
1.674996622990679307e-02
1.567369385884509470e-02
1.293239882432738012e-02
1.506967454949843452e-02
1.559436414208198451e-02
1.444674488152749084e-02
1.624270711785297597e-02
1.457194899817850636e-02
1.490299422963333245e-02
1.440393647953477907e-02
1.315789473684210453e-02
1.419149420059131160e-02
1.393759963561830989e-02
1.271629047640674033e-02
1.373413979717131271e-02
1.471849744909476711e-02
1.331327223817991082e-02
1.514151151018970978e-02
1.461854728186386468e-02
1.538820237817673138e-02
1.467651293483814012e-02
1.529304029304029248e-02
1.312132671192309426e-02
1.269900555581492986e-02
1.279160723323977296e-02
1.385208943429554196e-02
1.402484939759036063e-02
1.391098786198117880e-02
1.391893162795071991e-02
1.477809474816443001e-02
1.391401140948935605e-02
1.550103187342352640e-02
1.216059410536087307e-02
1.538314542327536699e-02
1.206761549444981818e-02
1.077115929244626055e-02
1.456356290519590299e-02
1.424475071686245528e-02
1.308961712869898507e-02
1.327853303825482154e-02
1.467839722842685830e-02
1.173676121279865897e-02
1.315789473684210453e-02
1.366081871345029182e-02
1.130100504839979571e-02
1.280060238128853146e-02
1.373535914201044240e-02
1.322688837450989620e-02
1.431043352195669402e-02
1.520106868119213209e-02
1.451957295373665531e-02
1.693589212573059014e-02
1.977949179009132544e-02
2.194085112218311512e-02
2.745869754244657096e-02
3.028125149729289298e-02
3.581152798929346237e-02
4.392193745591347481e-02
5.014446826358467946e-02
5.969298037165533810e-02
6.145381638457592804e-02
6.522872718653709156e-02
6.477191306424648354e-02
5.939220130440815704e-02
6.118582189565136692e-02
6.074039141711860129e-02
6.704971746046821390e-02
6.271407207294128761e-02
5.999531286618232928e-02
6.411671545807938466e-02
7.530905129541040632e-02
7.665077641950251985e-02
6.869017268747895644e-02
5.738534985774219888e-02
4.492159909591750266e-02
4.608467590857999452e-02
3.860083873427373052e-02
3.439127918194095912e-02
3.471043199396340456e-02
3.289314564891403919e-02
2.879543834640057101e-02
2.834712297856336813e-02
2.694981430339967593e-02
2.639090356090028483e-02
2.187663480287249662e-02
2.161854643720665520e-02
2.004822923069648696e-02
2.106585495482437079e-02
1.999339840618663544e-02
1.591685782500819324e-02
1.751540707103470609e-02
1.571151388954616576e-02
1.416363722203861988e-02
1.422448306721303679e-02
1.367066976788341992e-02
1.231434480165444559e-02
1.250528889097832740e-02
1.287775532264886884e-02
1.673325499412455994e-02
1.288244766505636067e-02
1.533869115958668219e-02
1.444418220438989896e-02
1.205889226454779153e-02
1.164702014746630404e-02
1.506645554435967482e-02
1.169368255930028008e-02
1.410312913177611330e-02
1.363407603971267777e-02
1.051584482023589645e-02
1.134251536958490181e-02
1.283064478638835937e-02
1.440963170118974256e-02
1.305193001943904391e-02
1.190308824218566999e-02
