0.000000000000000000e+00
1.720000000000000000e+02
1.360000000000000000e+02
0.000000000000000000e+00
1.980000000000000000e+02
9.000000000000000000e+01
0.000000000000000000e+00
6.000000000000000000e+01
8.000000000000000000e+01
7.200000000000000000e+01
0.000000000000000000e+00
8.800000000000000000e+01
8.800000000000000000e+01
2.660000000000000000e+02
2.000000000000000000e+00
4.000000000000000000e+01
5.400000000000000000e+01
5.670000000000000000e+02
5.260000000000000000e+02
2.960000000000000000e+02
0.000000000000000000e+00
3.600000000000000000e+01
1.040000000000000000e+02
2.410000000000000000e+02
2.340000000000000000e+02
2.000000000000000000e+02
1.220000000000000000e+02
1.360000000000000000e+02
1.160000000000000000e+02
9.600000000000000000e+01
8.700000000000000000e+01
7.800000000000000000e+01
7.800000000000000000e+01
5.900000000000000000e+01
4.400000000000000000e+01
4.200000000000000000e+01
3.200000000000000000e+01
4.000000000000000000e+01
3.800000000000000000e+01
3.600000000000000000e+01
2.300000000000000000e+01
3.400000000000000000e+01
3.000000000000000000e+01
2.400000000000000000e+01
3.200000000000000000e+01
2.200000000000000000e+01
2.000000000000000000e+01
4.000000000000000000e+01
1.900000000000000000e+01
3.200000000000000000e+01
1.800000000000000000e+01
2.400000000000000000e+01
2.200000000000000000e+01
1.200000000000000000e+01
1.500000000000000000e+01
1.900000000000000000e+01
6.000000000000000000e+00
1.600000000000000000e+01
8.000000000000000000e+00
1.400000000000000000e+01
1.600000000000000000e+01
