2.013583699560527462e-01
1.949419116721889111e-01
1.975536967760918028e-01
1.892467727785436815e-01
1.909564775183285879e-01
1.957755493919351442e-01
1.920309673076114054e-01
1.921471047193285819e-01
1.861290731583618574e-01
1.947591159748642831e-01
1.861668292269199887e-01
1.877989924219973794e-01
1.850066134744207946e-01
1.827294737289215376e-01
1.867619247741122146e-01
1.702286591691911932e-01
1.711176641608173898e-01
1.684975422098738962e-01
1.782408404012571501e-01
1.695606028444067159e-01
1.675869336143308852e-01
1.646969119329012576e-01
1.602356406480117956e-01
1.682017086893102809e-01
1.609729318863223624e-01
1.560148031103164301e-01
1.596974154234082899e-01
1.569670197709825410e-01
1.573463746544758735e-01
1.535976879595392919e-01
1.576447430356455182e-01
1.535141539372910646e-01
1.497671686873348063e-01
1.547537619699042299e-01
1.459977214228448394e-01
1.440471613481994206e-01
1.486561790046722897e-01
1.381592905333729471e-01
1.254735439823487786e-01
1.298328549721425029e-01
1.220868531646644300e-01
1.202598836468639909e-01
1.111158964641026786e-01
1.209282151377141651e-01
1.389699970377893390e-01
1.589024954761604214e-01
1.652690136167386248e-01
1.728519310605107495e-01
1.800872336856232103e-01
1.892834086507424185e-01
1.827274637528892576e-01
1.870032725572697563e-01
1.880276611089898575e-01
1.853806849372915122e-01
1.846361755141686656e-01
1.870920957215373437e-01
1.866312863280262802e-01
1.954125707476913887e-01
1.915599412135208790e-01
1.909362005964131137e-01
1.889161184917666214e-01
1.924572317262830401e-01
1.914537255744041266e-01
1.859470555531796687e-01
1.832189618153496347e-01
1.940023167017032035e-01
1.972932330827067704e-01
1.890684370954945903e-01
1.962314591238357997e-01
1.934300413257991069e-01
1.906144583457876074e-01
1.860386165924039770e-01
1.884974657562937250e-01
1.945542189603508831e-01
1.973701008553555569e-01
1.909707503179313148e-01
1.897316712444538367e-01
1.875290636229127172e-01
1.931122994652406388e-01
1.945811753627530727e-01
1.954830298187323900e-01
1.916103651757461723e-01
1.911271492252175630e-01
1.922397829550837600e-01
1.962955077709176155e-01
1.896039810981474394e-01
1.977740821286938788e-01
1.980877245637353568e-01
1.994622967609780972e-01
2.042894748198334220e-01
1.879797005410392963e-01
2.010093603071216040e-01
1.952844911215150248e-01
1.957847797736738116e-01
1.969404807815914593e-01
1.897442358573768473e-01
1.923629905277401964e-01
1.915913622671927274e-01
1.928899180925425505e-01
1.897253092891591497e-01
1.954027908569471728e-01
1.937974629841754670e-01
1.881763108418633701e-01
1.886808546935642150e-01
1.899384419443854721e-01
1.865719542984295432e-01
1.908037192714303887e-01
1.881385391496036286e-01
1.784547498833213008e-01
1.762783789518353461e-01
1.690921397749386712e-01
1.678040611262298643e-01
1.652397621357175883e-01
1.627207657447799771e-01
1.561331901181525206e-01
1.521020311761927257e-01
1.555979643765903198e-01
1.576875872868085948e-01
1.440101415592647260e-01
1.498585841529823937e-01
1.414505384003016675e-01
1.403123680878007595e-01
1.436764767446728208e-01
1.446163023562997973e-01
1.510508989617624642e-01
1.541380328007082856e-01
1.613901250264886678e-01
1.725272377697073256e-01
1.785098962054040561e-01
1.851711187070093356e-01
1.870116562059689902e-01
1.860544362567619348e-01
1.807458950316093160e-01
1.814021219055544087e-01
1.786422513817982338e-01
1.843017669911023726e-01
1.898456644168350360e-01
1.893605407901918780e-01
2.002327786878179139e-01
1.945353333616623437e-01
1.882382827384732615e-01
1.919993139819062833e-01
1.872481228524159047e-01
1.945588048045499008e-01
1.952346934487540486e-01
1.933044902759692429e-01
2.021897499254462494e-01
1.942655046103322070e-01
1.909618503029785752e-01
1.939059339177343355e-01
2.022587709881049634e-01
1.922682614267407220e-01
1.889375451723991350e-01
1.983174093176629793e-01
1.993050491184419348e-01
1.971403264583069803e-01
1.960915596099928881e-01
1.963767811357235993e-01
1.976141297475024206e-01
1.980857612682885571e-01
1.935155753337571560e-01
