4.400000000000000000e+02
4.260000000000000000e+02
4.160000000000000000e+02
3.700000000000000000e+02
4.940000000000000000e+02
4.400000000000000000e+02
4.820000000000000000e+02
5.500000000000000000e+02
6.060000000000000000e+02
5.720000000000000000e+02
6.240000000000000000e+02
6.980000000000000000e+02
8.140000000000000000e+02
8.720000000000000000e+02
8.140000000000000000e+02
9.140000000000000000e+02
9.060000000000000000e+02
9.540000000000000000e+02
1.008000000000000000e+03
1.144000000000000000e+03
1.200000000000000000e+03
1.250000000000000000e+03
1.264000000000000000e+03
1.320000000000000000e+03
1.294000000000000000e+03
1.302000000000000000e+03
1.278000000000000000e+03
1.288000000000000000e+03
1.366000000000000000e+03
1.356000000000000000e+03
1.358000000000000000e+03
1.370000000000000000e+03
1.372000000000000000e+03
1.442000000000000000e+03
1.568000000000000000e+03
1.652000000000000000e+03
1.628000000000000000e+03
1.768000000000000000e+03
1.766000000000000000e+03
1.912000000000000000e+03
2.034000000000000000e+03
2.064000000000000000e+03
2.258000000000000000e+03
2.250000000000000000e+03
2.240000000000000000e+03
1.900000000000000000e+03
1.364000000000000000e+03
1.072000000000000000e+03
8.500000000000000000e+02
7.400000000000000000e+02
6.800000000000000000e+02
6.780000000000000000e+02
6.120000000000000000e+02
5.960000000000000000e+02
6.520000000000000000e+02
5.820000000000000000e+02
5.580000000000000000e+02
6.080000000000000000e+02
6.000000000000000000e+02
5.940000000000000000e+02
5.340000000000000000e+02
5.140000000000000000e+02
5.860000000000000000e+02
5.460000000000000000e+02
5.520000000000000000e+02
5.780000000000000000e+02
6.320000000000000000e+02
5.120000000000000000e+02
4.820000000000000000e+02
6.020000000000000000e+02
5.340000000000000000e+02
4.580000000000000000e+02
5.240000000000000000e+02
4.620000000000000000e+02
4.460000000000000000e+02
4.420000000000000000e+02
5.320000000000000000e+02
5.140000000000000000e+02
5.120000000000000000e+02
5.100000000000000000e+02
4.780000000000000000e+02
4.260000000000000000e+02
4.660000000000000000e+02
4.600000000000000000e+02
4.340000000000000000e+02
4.540000000000000000e+02
3.960000000000000000e+02
4.060000000000000000e+02
4.180000000000000000e+02
4.020000000000000000e+02
3.460000000000000000e+02
4.260000000000000000e+02
4.100000000000000000e+02
3.960000000000000000e+02
4.740000000000000000e+02
3.940000000000000000e+02
3.680000000000000000e+02
3.960000000000000000e+02
4.340000000000000000e+02
4.040000000000000000e+02
3.600000000000000000e+02
3.520000000000000000e+02
4.240000000000000000e+02
4.200000000000000000e+02
4.260000000000000000e+02
4.420000000000000000e+02
5.080000000000000000e+02
6.200000000000000000e+02
6.720000000000000000e+02
6.900000000000000000e+02
7.900000000000000000e+02
9.040000000000000000e+02
8.880000000000000000e+02
1.062000000000000000e+03
1.126000000000000000e+03
1.252000000000000000e+03
1.264000000000000000e+03
1.238000000000000000e+03
1.220000000000000000e+03
1.284000000000000000e+03
1.354000000000000000e+03
1.378000000000000000e+03
1.324000000000000000e+03
1.250000000000000000e+03
1.178000000000000000e+03
1.060000000000000000e+03
1.008000000000000000e+03
8.600000000000000000e+02
7.140000000000000000e+02
6.380000000000000000e+02
5.820000000000000000e+02
4.480000000000000000e+02
5.040000000000000000e+02
4.620000000000000000e+02
4.480000000000000000e+02
3.980000000000000000e+02
3.740000000000000000e+02
3.420000000000000000e+02
3.320000000000000000e+02
3.260000000000000000e+02
3.360000000000000000e+02
3.120000000000000000e+02
3.640000000000000000e+02
3.420000000000000000e+02
3.120000000000000000e+02
3.200000000000000000e+02
3.500000000000000000e+02
2.880000000000000000e+02
3.860000000000000000e+02
3.220000000000000000e+02
3.020000000000000000e+02
3.420000000000000000e+02
3.700000000000000000e+02
3.240000000000000000e+02
3.420000000000000000e+02
3.680000000000000000e+02
3.660000000000000000e+02
3.440000000000000000e+02
3.320000000000000000e+02
3.340000000000000000e+02
3.760000000000000000e+02
