1.550000000000000000e+02
9.200000000000000000e+01
4.400000000000000000e+01
3.740000000000000000e+02
5.200000000000000000e+01
3.100000000000000000e+01
4.980000000000000000e+02
2.200000000000000000e+01
6.280000000000000000e+02
5.100000000000000000e+01
1.090000000000000000e+02
3.940000000000000000e+02
2.200000000000000000e+01
6.990000000000000000e+02
2.000000000000000000e+01
1.890000000000000000e+02
4.900000000000000000e+02
1.600000000000000000e+01
3.340000000000000000e+02
2.020000000000000000e+02
2.500000000000000000e+01
1.530000000000000000e+02
1.810000000000000000e+02
1.400000000000000000e+02
4.000000000000000000e+00
7.700000000000000000e+01
7.900000000000000000e+01
6.800000000000000000e+01
7.200000000000000000e+01
5.500000000000000000e+01
6.400000000000000000e+01
5.400000000000000000e+01
5.800000000000000000e+01
4.500000000000000000e+01
5.500000000000000000e+01
2.200000000000000000e+01
4.200000000000000000e+01
2.600000000000000000e+01
1.600000000000000000e+01
3.000000000000000000e+01
2.600000000000000000e+01
2.000000000000000000e+01
8.000000000000000000e+00
2.100000000000000000e+01
2.000000000000000000e+01
1.200000000000000000e+01
9.000000000000000000e+00
2.000000000000000000e+01
6.000000000000000000e+00
1.200000000000000000e+01
1.200000000000000000e+01
6.000000000000000000e+00
1.800000000000000000e+01
1.400000000000000000e+01
2.000000000000000000e+01
1.400000000000000000e+01
1.400000000000000000e+01
1.200000000000000000e+01
1.500000000000000000e+01
6.000000000000000000e+00
1.000000000000000000e+01
