5.400485436893203567e-02
5.009345794392523060e-02
4.851367419738406711e-02
4.565756823821340293e-02
3.997527302699361434e-02
5.890538033395176232e-02
5.117707267144319672e-02
4.227893787058520370e-02
5.973715651135005911e-02
4.384283660757067741e-02
6.149035956227201505e-02
4.758974358974359109e-02
5.797101449275362389e-02
5.564263322884012430e-02
4.985754985754985852e-02
4.746691008671839046e-02
4.983314794215795013e-02
5.490926012098650694e-02
4.194260485651214038e-02
5.309000414765657067e-02
5.056179775280898736e-02
4.992295839753466830e-02
4.485125858123569648e-02
4.401969302056182864e-02
4.643222942983953744e-02
5.032467532467532756e-02
4.285714285714285754e-02
4.497269514937359686e-02
4.390934844192634356e-02
5.326460481099656169e-02
6.367583212735165865e-02
3.669994128009395479e-02
5.621871390065460300e-02
5.189921022940955503e-02
5.434298440979955236e-02
4.682013265704252497e-02
5.305542396968261631e-02
4.816878980891720063e-02
7.012345679012345345e-02
3.982576228998133128e-02
5.457025920873124353e-02
