1.920000000000000000e+02
1.070000000000000000e+03
3.078000000000000000e+03
3.333000000000000000e+03
2.954000000000000000e+03
3.042000000000000000e+03
3.073000000000000000e+03
2.807000000000000000e+03
2.850000000000000000e+03
2.606000000000000000e+03
2.366000000000000000e+03
2.332000000000000000e+03
2.196000000000000000e+03
2.088000000000000000e+03
1.892000000000000000e+03
1.792000000000000000e+03
1.804000000000000000e+03
1.604000000000000000e+03
1.610000000000000000e+03
1.604000000000000000e+03
1.450000000000000000e+03
1.386000000000000000e+03
1.324000000000000000e+03
1.270000000000000000e+03
1.296000000000000000e+03
1.166000000000000000e+03
1.056000000000000000e+03
1.080000000000000000e+03
9.390000000000000000e+02
8.540000000000000000e+02
9.730000000000000000e+02
9.660000000000000000e+02
9.040000000000000000e+02
8.680000000000000000e+02
7.500000000000000000e+02
7.500000000000000000e+02
8.060000000000000000e+02
7.340000000000000000e+02
6.100000000000000000e+02
6.700000000000000000e+02
6.900000000000000000e+02
