1.164000000000000057e+01
1.163499999999999979e+01
1.163899999999999935e+01
1.163400000000000034e+01
1.164100000000000001e+01
1.163499999999999979e+01
1.163599999999999923e+01
1.163499999999999979e+01
1.163400000000000034e+01
1.163499999999999979e+01
1.163199999999999967e+01
1.163199999999999967e+01
1.163199999999999967e+01
1.163700000000000045e+01
1.163700000000000045e+01
1.163000000000000078e+01
1.163100000000000023e+01
1.163599999999999923e+01
1.163199999999999967e+01
1.163000000000000078e+01
1.163199999999999967e+01
1.163000000000000078e+01
1.163400000000000034e+01
1.163199999999999967e+01
1.163100000000000023e+01
1.163100000000000023e+01
1.163000000000000078e+01
1.163000000000000078e+01
1.163199999999999967e+01
1.163400000000000034e+01
1.163199999999999967e+01
1.163199999999999967e+01
1.163400000000000034e+01
1.163299999999999912e+01
1.163299999999999912e+01
1.163599999999999923e+01
1.163599999999999923e+01
1.163299999999999912e+01
1.163400000000000034e+01
1.163199999999999967e+01
1.163700000000000045e+01
1.163700000000000045e+01
1.163400000000000034e+01
1.163700000000000045e+01
1.163400000000000034e+01
1.163400000000000034e+01
1.163299999999999912e+01
1.163599999999999923e+01
1.163799999999999990e+01
1.163400000000000034e+01
1.163199999999999967e+01
1.163299999999999912e+01
1.163400000000000034e+01
1.163199999999999967e+01
1.163299999999999912e+01
1.163400000000000034e+01
1.163199999999999967e+01
1.163199999999999967e+01
1.163400000000000034e+01
1.163199999999999967e+01
1.163199999999999967e+01
1.163299999999999912e+01
1.162899999999999956e+01
1.163199999999999967e+01
1.163199999999999967e+01
1.163599999999999923e+01
1.163199999999999967e+01
1.163000000000000078e+01
1.162800000000000011e+01
1.163400000000000034e+01
1.163400000000000034e+01
1.163299999999999912e+01
1.163400000000000034e+01
1.163299999999999912e+01
1.163199999999999967e+01
1.163299999999999912e+01
1.163199999999999967e+01
1.163400000000000034e+01
1.163400000000000034e+01
1.163700000000000045e+01
1.163000000000000078e+01
1.163199999999999967e+01
1.163599999999999923e+01
1.163199999999999967e+01
1.163400000000000034e+01
1.163000000000000078e+01
1.163199999999999967e+01
1.163000000000000078e+01
1.163400000000000034e+01
1.163400000000000034e+01
1.163400000000000034e+01
1.163299999999999912e+01
1.163199999999999967e+01
1.163599999999999923e+01
1.163000000000000078e+01
1.163299999999999912e+01
1.163299999999999912e+01
1.163199999999999967e+01
1.163199999999999967e+01
1.163400000000000034e+01
1.163299999999999912e+01
1.163199999999999967e+01
1.163199999999999967e+01
1.163599999999999923e+01
1.163400000000000034e+01
1.163199999999999967e+01
1.163199999999999967e+01
1.163400000000000034e+01
1.163599999999999923e+01
1.163299999999999912e+01
1.163400000000000034e+01
1.163199999999999967e+01
1.163700000000000045e+01
1.163199999999999967e+01
1.163000000000000078e+01
1.163199999999999967e+01
1.163400000000000034e+01
1.163400000000000034e+01
1.163299999999999912e+01
1.163000000000000078e+01
1.163400000000000034e+01
1.163799999999999990e+01
1.163299999999999912e+01
1.163400000000000034e+01
1.163299999999999912e+01
1.163400000000000034e+01
1.163599999999999923e+01
1.163299999999999912e+01
1.163299999999999912e+01
1.163400000000000034e+01
1.163700000000000045e+01
1.163199999999999967e+01
1.163400000000000034e+01
1.163299999999999912e+01
1.163199999999999967e+01
1.163199999999999967e+01
1.163000000000000078e+01
1.163000000000000078e+01
1.163599999999999923e+01
1.163400000000000034e+01
1.163400000000000034e+01
1.163400000000000034e+01
1.163000000000000078e+01
1.163400000000000034e+01
1.163199999999999967e+01
1.163400000000000034e+01
1.163599999999999923e+01
1.163599999999999923e+01
1.163400000000000034e+01
1.163299999999999912e+01
1.163400000000000034e+01
1.163299999999999912e+01
1.163299999999999912e+01
1.162899999999999956e+01
1.163400000000000034e+01
1.163000000000000078e+01
1.163400000000000034e+01
1.163299999999999912e+01
1.163199999999999967e+01
1.163400000000000034e+01
1.163299999999999912e+01
1.163199999999999967e+01
1.163400000000000034e+01
1.163400000000000034e+01
1.163700000000000045e+01
1.163199999999999967e+01
1.163299999999999912e+01
1.163599999999999923e+01
1.162899999999999956e+01
1.163000000000000078e+01
1.163199999999999967e+01
1.163199999999999967e+01
1.163199999999999967e+01
1.163299999999999912e+01
1.163000000000000078e+01
1.163400000000000034e+01
1.163199999999999967e+01
1.163299999999999912e+01
1.163000000000000078e+01
1.163000000000000078e+01
1.163199999999999967e+01
1.163199999999999967e+01
1.163199999999999967e+01
1.163199999999999967e+01
1.163599999999999923e+01
1.163199999999999967e+01
1.163400000000000034e+01
1.163199999999999967e+01
1.163299999999999912e+01
1.163400000000000034e+01
1.163599999999999923e+01
1.163000000000000078e+01
1.163199999999999967e+01
1.163400000000000034e+01
1.163599999999999923e+01
1.163199999999999967e+01
1.163199999999999967e+01
1.163000000000000078e+01
1.163000000000000078e+01
1.163199999999999967e+01
