3.683147192001342773e+00
3.583850622177124023e+00
3.619360208511352539e+00
3.623934507369995117e+00
3.664741754531860352e+00
3.581188678741455078e+00
3.618212699890136719e+00
3.629987955093383789e+00
3.556017160415649414e+00
3.631462574005126953e+00
3.621645212173461914e+00
3.658136129379272461e+00
3.666884422302246094e+00
3.614156007766723633e+00
3.633603572845458984e+00
3.623106479644775391e+00
3.603146553039550781e+00
3.602461814880371094e+00
3.646084785461425781e+00
3.662925958633422852e+00
3.607529878616333008e+00
3.605098247528076172e+00
3.622402906417846680e+00
3.625933170318603516e+00
3.610149145126342773e+00
3.588521003723144531e+00
3.686114788055419922e+00
3.667809247970581055e+00
3.630021572113037109e+00
3.610104560852050781e+00
3.665400743484497070e+00
3.587619066238403320e+00
3.643970489501953125e+00
3.608262777328491211e+00
3.697805881500244141e+00
3.591034412384033203e+00
3.683173656463623047e+00
3.595173120498657227e+00
3.629544973373413086e+00
3.582062005996704102e+00
3.610419511795043945e+00
3.603542327880859375e+00
3.665184497833251953e+00
3.589021444320678711e+00
3.644137144088745117e+00
3.654325246810913086e+00
3.583708286285400391e+00
3.648174524307250977e+00
3.546401262283325195e+00
3.689624786376953125e+00
3.674038171768188477e+00
3.593112468719482422e+00
3.611210107803344727e+00
3.694935798645019531e+00
3.591591596603393555e+00
3.609692096710205078e+00
3.652533292770385742e+00
3.672656297683715820e+00
3.591307640075683594e+00
3.639026403427124023e+00
3.664741754531860352e+00
