1.165700000000000003e+01
1.165700000000000003e+01
1.165399999999999991e+01
1.165399999999999991e+01
1.168699999999999939e+01
1.165799999999999947e+01
1.167200000000000060e+01
1.166699999999999982e+01
1.167600000000000016e+01
1.167600000000000016e+01
1.167099999999999937e+01
1.166600000000000037e+01
1.166399999999999970e+01
1.167399999999999949e+01
0.000000000000000000e+00
0.000000000000000000e+00
0.000000000000000000e+00
0.000000000000000000e+00
0.000000000000000000e+00
0.000000000000000000e+00
0.000000000000000000e+00
0.000000000000000000e+00
0.000000000000000000e+00
0.000000000000000000e+00
0.000000000000000000e+00
0.000000000000000000e+00
0.000000000000000000e+00
0.000000000000000000e+00
0.000000000000000000e+00
0.000000000000000000e+00
0.000000000000000000e+00
0.000000000000000000e+00
0.000000000000000000e+00
0.000000000000000000e+00
0.000000000000000000e+00
0.000000000000000000e+00
0.000000000000000000e+00
0.000000000000000000e+00
0.000000000000000000e+00
0.000000000000000000e+00
0.000000000000000000e+00
