2.256300000000000000e+04
2.304900000000000000e+04
2.337300000000000000e+04
2.339500000000000000e+04
2.342900000000000000e+04
2.382700000000000000e+04
2.338100000000000000e+04
2.350700000000000000e+04
2.336100000000000000e+04
2.342000000000000000e+04
2.324100000000000000e+04
2.319300000000000000e+04
2.341900000000000000e+04
2.333100000000000000e+04
2.307500000000000000e+04
2.334900000000000000e+04
2.310700000000000000e+04
2.342700000000000000e+04
2.353000000000000000e+04
2.335500000000000000e+04
2.343200000000000000e+04
2.328100000000000000e+04
2.361900000000000000e+04
2.320600000000000000e+04
2.384700000000000000e+04
2.304600000000000000e+04
2.291900000000000000e+04
2.355600000000000000e+04
2.294100000000000000e+04
2.317900000000000000e+04
2.298500000000000000e+04
2.248400000000000000e+04
2.261100000000000000e+04
2.268900000000000000e+04
2.338700000000000000e+04
2.316800000000000000e+04
2.284500000000000000e+04
2.310300000000000000e+04
2.332500000000000000e+04
2.317100000000000000e+04
2.271700000000000000e+04
2.338900000000000000e+04
2.292500000000000000e+04
2.274900000000000000e+04
2.282100000000000000e+04
2.292500000000000000e+04
2.296900000000000000e+04
2.290500000000000000e+04
2.335400000000000000e+04
2.319100000000000000e+04
2.300900000000000000e+04
2.326900000000000000e+04
2.321700000000000000e+04
2.295100000000000000e+04
2.319700000000000000e+04
2.337300000000000000e+04
2.321300000000000000e+04
2.299900000000000000e+04
2.334900000000000000e+04
2.295900000000000000e+04
2.312100000000000000e+04
2.332200000000000000e+04
2.306700000000000000e+04
2.377300000000000000e+04
2.339100000000000000e+04
2.367700000000000000e+04
2.370100000000000000e+04
2.333900000000000000e+04
2.367800000000000000e+04
2.334500000000000000e+04
2.384500000000000000e+04
2.363500000000000000e+04
2.380300000000000000e+04
2.333100000000000000e+04
2.360300000000000000e+04
2.352700000000000000e+04
2.396900000000000000e+04
2.340300000000000000e+04
2.402900000000000000e+04
2.340700000000000000e+04
2.364500000000000000e+04
