1.181300000000000061e+01
1.180799999999999983e+01
1.181199999999999939e+01
1.180899999999999928e+01
1.180700000000000038e+01
1.180400000000000027e+01
1.180300000000000082e+01
1.181000000000000050e+01
1.181199999999999939e+01
1.181000000000000050e+01
1.181199999999999939e+01
1.181199999999999939e+01
1.181000000000000050e+01
1.181199999999999939e+01
1.181000000000000050e+01
1.181199999999999939e+01
1.181000000000000050e+01
1.180899999999999928e+01
1.180499999999999972e+01
1.180799999999999983e+01
1.181199999999999939e+01
1.180599999999999916e+01
1.180300000000000082e+01
1.180499999999999972e+01
1.180799999999999983e+01
1.180599999999999916e+01
1.180899999999999928e+01
1.180799999999999983e+01
1.181000000000000050e+01
1.180599999999999916e+01
1.180799999999999983e+01
1.180899999999999928e+01
1.180799999999999983e+01
1.180899999999999928e+01
1.180599999999999916e+01
1.180599999999999916e+01
1.180599999999999916e+01
1.180799999999999983e+01
1.180599999999999916e+01
1.180400000000000027e+01
1.180599999999999916e+01
1.180400000000000027e+01
1.180799999999999983e+01
1.180300000000000082e+01
1.180400000000000027e+01
1.180599999999999916e+01
1.180599999999999916e+01
1.180300000000000082e+01
1.180499999999999972e+01
1.180599999999999916e+01
1.180300000000000082e+01
1.180400000000000027e+01
1.180499999999999972e+01
1.180499999999999972e+01
1.180300000000000082e+01
1.180400000000000027e+01
1.180599999999999916e+01
1.180400000000000027e+01
1.180400000000000027e+01
1.180400000000000027e+01
1.180000000000000071e+01
1.180599999999999916e+01
1.180599999999999916e+01
1.180300000000000082e+01
1.180300000000000082e+01
1.180899999999999928e+01
1.180499999999999972e+01
1.180300000000000082e+01
1.180300000000000082e+01
1.178999999999999915e+01
1.179499999999999993e+01
1.179400000000000048e+01
1.179499999999999993e+01
1.179499999999999993e+01
1.179400000000000048e+01
1.179499999999999993e+01
1.179199999999999982e+01
1.179199999999999982e+01
1.179400000000000048e+01
1.179599999999999937e+01
1.179599999999999937e+01
