9.751888513565063477e+00
9.577693223953247070e+00
9.655695199966430664e+00
9.545543432235717773e+00
9.642105579376220703e+00
9.649008274078369141e+00
9.630131006240844727e+00
9.670027256011962891e+00
9.612363815307617188e+00
9.559586286544799805e+00
9.687025070190429688e+00
9.602772235870361328e+00
9.585711956024169922e+00
9.626091480255126953e+00
9.641560316085815430e+00
9.586119651794433594e+00
9.568563461303710938e+00
9.632034063339233398e+00
9.562824726104736328e+00
9.613909006118774414e+00
9.580804109573364258e+00
9.661281108856201172e+00
9.629783868789672852e+00
9.663724422454833984e+00
9.650435924530029297e+00
9.551553726196289062e+00
9.527140140533447266e+00
9.817931890487670898e+00
9.624806880950927734e+00
9.559231996536254883e+00
9.703004121780395508e+00
9.630926370620727539e+00
9.633369445800781250e+00
9.583104372024536133e+00
9.614547967910766602e+00
9.608573436737060547e+00
9.639893770217895508e+00
9.583660125732421875e+00
9.612790346145629883e+00
9.633929252624511719e+00
9.611290931701660156e+00
9.602279186248779297e+00
9.602914571762084961e+00
9.554774045944213867e+00
9.558497905731201172e+00
9.584771394729614258e+00
9.616411447525024414e+00
9.608046770095825195e+00
9.603118181228637695e+00
9.696689128875732422e+00
9.581355094909667969e+00
9.624428749084472656e+00
9.599321365356445312e+00
9.604737520217895508e+00
9.643302202224731445e+00
9.575494766235351562e+00
9.605995655059814453e+00
9.632539987564086914e+00
9.620261669158935547e+00
9.635802745819091797e+00
9.706323146820068359e+00
9.639821529388427734e+00
9.591920614242553711e+00
9.577653884887695312e+00
9.716742515563964844e+00
9.565932035446166992e+00
9.622958898544311523e+00
9.632455348968505859e+00
9.614172458648681641e+00
9.561609983444213867e+00
9.592861652374267578e+00
9.573002815246582031e+00
9.647620916366577148e+00
9.603655815124511719e+00
9.569259405136108398e+00
9.627445936203002930e+00
9.593391895294189453e+00
9.580680608749389648e+00
9.642226457595825195e+00
9.610395193099975586e+00
9.591652393341064453e+00
