2.756995581737849838e-02
3.169551090776473457e-02
3.698028399223618479e-02
4.270937604270937799e-02
3.224722875377897258e-02
3.303657620937466149e-02
3.423290979733277506e-02
3.726972633372378080e-02
3.635510730620382380e-02
3.942997964213007522e-02
4.047496128033040846e-02
3.814771643530782963e-02
3.615376238701949185e-02
3.653169014084507032e-02
3.362620674693567874e-02
3.644539107797893640e-02
4.669828529733673766e-02
3.643076923076923185e-02
3.219219219219219413e-02
4.162129461584997137e-02
3.470388532629196249e-02
3.895937459951300669e-02
3.496940177344823319e-02
3.751664044535883008e-02
3.885357956589519102e-02
3.839055001845699533e-02
3.855301038928526935e-02
4.092734101800284824e-02
3.611676849966055647e-02
3.870799006146201371e-02
4.166124202577789482e-02
3.599234205488194283e-02
3.878297205536693909e-02
3.766627156591597497e-02
3.715904598761365224e-02
4.215136170795127923e-02
3.532875368007851180e-02
3.803465078505684910e-02
3.598339228048592908e-02
4.366397721879449606e-02
4.199968656950320983e-02
