2.320819112627986458e-01
2.293233082706766790e-01
2.558922558922558932e-01
2.245989304812834320e-01
2.036156041864890520e-01
1.520912547528517067e-01
2.698412698412698263e-01
2.154328241284763079e-01
2.476190476190476275e-01
2.066929133858267653e-01
2.720588235294117418e-01
3.270440251572326873e-01
1.768744850315847328e-01
1.518987341772151944e-01
2.134948096885813107e-01
2.689075630252100724e-01
2.387190684133915497e-01
2.284210526315789413e-01
1.545893719806763211e-01
2.569444444444444198e-01
2.020202020202020166e-01
2.049062049062048974e-01
1.772151898734177222e-01
2.458100558659217783e-01
1.742286751361161456e-01
1.142857142857142821e-01
2.166246851385390526e-01
2.026315789473684126e-01
1.411764705882352922e-01
2.707423580786026407e-01
1.689655172413793149e-01
2.133333333333333470e-01
8.333333333333332871e-02
1.884816753926701616e-01
2.119205298013245031e-01
2.377622377622377603e-01
3.172413793103448509e-01
6.400000000000000133e-02
1.590909090909090884e-01
1.443298969072164817e-01
2.500000000000000000e-01
1.592920353982300863e-01
2.150537634408602183e-01
1.250000000000000000e-01
1.571428571428571397e-01
1.684210526315789436e-01
2.150537634408602183e-01
1.467889908256880815e-01
9.638554216867470381e-02
2.133333333333333470e-01
1.728395061728394966e-01
1.123595505617977497e-01
2.000000000000000111e-01
6.666666666666666574e-02
1.791044776119402882e-01
4.878048780487805047e-02
2.181818181818181712e-01
1.690140845070422504e-01
1.772151898734177222e-01
2.545454545454545192e-01
1.754385964912280604e-01
