2.023556671172040966e-01
2.149214659685863837e-01
1.958442799140195922e-01
2.015688138816258690e-01
2.059140945391754740e-01
1.958645762326743922e-01
2.039673278879813312e-01
2.108609271523178841e-01
1.901048013648549972e-01
2.131628030908606364e-01
2.060818201706410002e-01
2.144022372407364263e-01
2.090115593300306551e-01
2.114649681528662506e-01
2.042934654399622685e-01
2.205375603032391496e-01
2.097968936678614171e-01
1.910519951632406177e-01
2.208771128369118320e-01
1.860571428571428654e-01
2.075601374570446855e-01
1.915492957746478819e-01
1.964131374243733852e-01
2.144597887896019517e-01
1.861808487002888368e-01
1.975980058916836646e-01
2.108025366280341095e-01
2.086502934144751076e-01
1.859979101358411602e-01
2.150633192623861434e-01
2.065084413995595669e-01
1.868825466520307454e-01
1.995832368603843443e-01
1.987659762009695852e-01
2.053534940743767800e-01
1.785423452768729602e-01
2.103538663171690692e-01
1.907356948228882965e-01
1.881564245810055935e-01
1.944272445820433570e-01
1.994575422491133010e-01
