1.180599999999999916e+01
1.180000000000000071e+01
1.180000000000000071e+01
1.180199999999999960e+01
1.180199999999999960e+01
1.180000000000000071e+01
1.180199999999999960e+01
1.180300000000000082e+01
1.179899999999999949e+01
1.180000000000000071e+01
1.180199999999999960e+01
1.180400000000000027e+01
1.179899999999999949e+01
1.180199999999999960e+01
1.179899999999999949e+01
1.180300000000000082e+01
1.180199999999999960e+01
1.179800000000000004e+01
1.180199999999999960e+01
1.180199999999999960e+01
1.180599999999999916e+01
1.180000000000000071e+01
1.180300000000000082e+01
1.180300000000000082e+01
1.180199999999999960e+01
1.180400000000000027e+01
1.180000000000000071e+01
1.180400000000000027e+01
1.180199999999999960e+01
1.180400000000000027e+01
1.180400000000000027e+01
1.180300000000000082e+01
1.180300000000000082e+01
1.180400000000000027e+01
1.180400000000000027e+01
1.180300000000000082e+01
1.180700000000000038e+01
1.180400000000000027e+01
1.180199999999999960e+01
1.180700000000000038e+01
1.180599999999999916e+01
1.180599999999999916e+01
1.180300000000000082e+01
1.180400000000000027e+01
1.180400000000000027e+01
1.180700000000000038e+01
1.180700000000000038e+01
1.180400000000000027e+01
1.180599999999999916e+01
1.180300000000000082e+01
1.180300000000000082e+01
1.180300000000000082e+01
1.180300000000000082e+01
1.180000000000000071e+01
1.180300000000000082e+01
1.180400000000000027e+01
1.180400000000000027e+01
1.180300000000000082e+01
1.180199999999999960e+01
1.180599999999999916e+01
1.181000000000000050e+01
