1.971113831089351398e-01
2.007920981056448839e-01
2.033772154254082087e-01
1.969804534052723710e-01
2.044178210408086893e-01
2.001601281024819878e-01
1.977525976773708283e-01
1.996526962969915886e-01
1.945682255265256400e-01
1.938031591737545689e-01
1.915281150756585060e-01
1.932784827778552539e-01
1.800084116080190588e-01
1.782521181482001615e-01
1.797878802037097545e-01
1.814698873989627759e-01
1.778004735156213656e-01
1.735898762760502423e-01
1.707225051877004351e-01
1.761648325918988567e-01
1.744330093386697034e-01
1.750569423139496927e-01
1.714853546585908273e-01
1.697158795442726686e-01
1.672944721725209416e-01
1.713633987549303683e-01
1.597794867043454137e-01
1.650149366968561848e-01
1.588806660499537393e-01
1.601004697892925155e-01
1.555131842068548653e-01
1.658435633319222946e-01
1.547758467231929447e-01
1.594087656111137230e-01
1.489921121822962435e-01
1.417039531343696757e-01
1.321614283742119644e-01
1.331307830410164428e-01
1.236042112939246124e-01
1.270555165144061915e-01
1.192868719611021033e-01
1.210040365610355884e-01
1.485276470045232278e-01
1.655159800649261548e-01
1.752591828118403028e-01
1.831383249317856121e-01
1.857096429732113807e-01
1.798425341866568550e-01
1.914310913057605812e-01
1.896559664716989946e-01
1.889201963279403818e-01
1.923059371149545838e-01
1.919868791002811714e-01
1.994948335246842785e-01
2.011899820118998317e-01
1.914556245186426753e-01
1.974016434834504063e-01
1.949391241141195663e-01
1.909395511084591712e-01
1.884157824629093814e-01
1.947470729171375536e-01
1.951152704861903731e-01
1.980931724730016774e-01
1.898681853671979058e-01
1.974162107489310924e-01
1.985082139751979113e-01
1.859498531737067972e-01
2.000820756007478107e-01
1.933778395089385815e-01
1.939979051869392956e-01
1.927057441135264504e-01
1.938172658575681162e-01
1.963280069593883181e-01
1.903966031258469693e-01
1.943565037852718613e-01
1.911996044766056946e-01
1.948537695462124186e-01
2.049236070181801594e-01
1.945591338654922564e-01
1.961456875930857047e-01
2.033039149128762213e-01
2.004321243046935930e-01
1.917845361290614059e-01
1.958174049921295179e-01
1.987437299471281893e-01
1.963347317288584581e-01
1.980721811253082221e-01
1.985224130897883243e-01
2.049833735708103677e-01
1.984631102029938143e-01
1.997234735292805763e-01
1.985557927244652465e-01
2.090480079862056528e-01
2.038699201659825988e-01
1.929104312894539264e-01
2.057318784805541589e-01
1.859625962596259674e-01
1.927948086820317763e-01
1.859839463702919748e-01
1.998459237775864483e-01
1.973141869432256390e-01
1.989050269218587408e-01
1.898547486033519416e-01
2.017963798841927725e-01
1.931397475355725035e-01
1.948638416275144947e-01
1.760509668446318676e-01
1.825818848027168373e-01
1.807669723113058402e-01
1.752042243986099146e-01
1.623448828003380418e-01
1.594971693487273190e-01
1.624247827055939342e-01
1.571750962431965881e-01
1.571422087059143879e-01
1.518620752070229396e-01
1.533366601642244809e-01
1.503707772589947811e-01
1.449850126815771245e-01
1.404486804837477010e-01
1.427742309924550090e-01
1.402592805628069539e-01
1.429668443400487765e-01
1.512739561563430923e-01
1.681866092296411819e-01
1.807680158837597639e-01
1.824996653429119542e-01
1.907537778574951715e-01
1.947524526579968163e-01
1.951504791038733144e-01
1.829413581608789752e-01
1.926857864357864325e-01
1.850082592972900619e-01
1.905142907943281338e-01
2.016477764122172056e-01
1.999729705378862910e-01
1.991022621216834709e-01
2.039903209605989920e-01
2.002071418921961554e-01
1.988814622834538248e-01
2.017196669851235025e-01
1.979497739379560417e-01
2.032715573881915816e-01
1.982754728906144237e-01
2.003340405362704912e-01
2.087787127586991087e-01
2.039761981641219635e-01
1.948209862643548729e-01
1.987222445606040278e-01
1.947606638321217887e-01
2.066840590140338330e-01
2.059158652750558427e-01
2.034775502792028068e-01
1.986188460681666268e-01
1.987284933090294747e-01
2.062098307232732852e-01
2.043248611800821679e-01
1.964229400369419398e-01
1.998278907559219164e-01
1.942018546862339101e-01
2.015950975532825595e-01
