1.142857142857142821e-01
4.193971166448230703e-02
5.272407732864674984e-02
3.448275862068965747e-01
5.032618825722273703e-02
4.603580562659846664e-02
8.000000000000000167e-02
5.714285714285714107e-02
7.560137457044673048e-02
6.233766233766233761e-02
5.714285714285714107e-02
7.524271844660193609e-02
3.036876355748372933e-02
6.505421184320267503e-02
1.621621621621621712e-01
7.364341085271318421e-02
7.083333333333333148e-02
4.624999999999999944e-02
3.767781622452903018e-02
3.966437833714721306e-02
2.000000000000000111e-01
1.340782122905027907e-01
4.790419161676646997e-02
3.956834532374100405e-02
5.359056806002143736e-02
5.398110661268556293e-02
7.470288624787775611e-02
4.371584699453551909e-02
4.710920770877944502e-02
7.744874715261959586e-02
7.954545454545454419e-02
4.804804804804804763e-02
7.932011331444759061e-02
6.722689075630251809e-02
4.910714285714285615e-02
6.091370558375634736e-02
5.652173913043478243e-02
1.043956043956043994e-01
7.821229050279329686e-02
5.917159763313609155e-02
1.142857142857142821e-01
3.314917127071823066e-02
5.714285714285714107e-02
5.714285714285714107e-02
7.194244604316546443e-02
1.176470588235294101e-01
7.299270072992700142e-02
8.849557522123893682e-02
6.896551724137930939e-02
5.172413793103448204e-02
2.020202020202020374e-02
5.208333333333333565e-02
1.010101010101010083e-01
6.185567010309278579e-02
1.764705882352941291e-01
1.250000000000000000e-01
5.633802816901408578e-02
2.985074626865671585e-02
1.486486486486486569e-01
1.265822784810126667e-01
1.165048543689320426e-01
