9.556437253952026367e+00
9.637084722518920898e+00
9.623776674270629883e+00
9.648508787155151367e+00
9.737501382827758789e+00
9.625494003295898438e+00
9.603304862976074219e+00
9.610165119171142578e+00
9.610009193420410156e+00
9.615101814270019531e+00
9.654426813125610352e+00
9.610344171524047852e+00
9.613757133483886719e+00
9.599036455154418945e+00
9.562040567398071289e+00
9.704808950424194336e+00
9.523274898529052734e+00
9.649402618408203125e+00
9.591634035110473633e+00
9.583303928375244141e+00
9.592684268951416016e+00
9.591176748275756836e+00
9.636734962463378906e+00
9.671549558639526367e+00
9.541998863220214844e+00
9.636383533477783203e+00
9.587383985519409180e+00
9.622735500335693359e+00
9.552087068557739258e+00
9.491964101791381836e+00
9.611679792404174805e+00
9.608578681945800781e+00
9.559739112854003906e+00
9.548925876617431641e+00
9.655950784683227539e+00
9.621060132980346680e+00
9.549374103546142578e+00
9.540578603744506836e+00
9.616813421249389648e+00
9.518139362335205078e+00
9.568516492843627930e+00
9.513699293136596680e+00
9.532898426055908203e+00
9.574349880218505859e+00
9.541058063507080078e+00
9.611961603164672852e+00
9.562961101531982422e+00
9.621907711029052734e+00
9.560013055801391602e+00
9.650631666183471680e+00
9.617333173751831055e+00
9.634871006011962891e+00
9.605208396911621094e+00
9.639946460723876953e+00
9.527360200881958008e+00
9.615741252899169922e+00
9.562361717224121094e+00
9.596751213073730469e+00
9.535872936248779297e+00
9.536124229431152344e+00
9.621207237243652344e+00
9.609520673751831055e+00
9.575805902481079102e+00
9.598244190216064453e+00
9.662821531295776367e+00
9.580323934555053711e+00
9.619321346282958984e+00
9.604322910308837891e+00
9.591464519500732422e+00
9.545017957687377930e+00
9.549002408981323242e+00
9.551937580108642578e+00
9.649104595184326172e+00
9.604796886444091797e+00
9.633217334747314453e+00
9.599781990051269531e+00
9.616064310073852539e+00
9.592758655548095703e+00
9.584349155426025391e+00
9.689841747283935547e+00
9.584216833114624023e+00
