1.166999999999999993e+01
1.167200000000000060e+01
1.166000000000000014e+01
1.168500000000000050e+01
1.169699999999999918e+01
1.167699999999999960e+01
1.167900000000000027e+01
1.168699999999999939e+01
1.169699999999999918e+01
1.168999999999999950e+01
1.168800000000000061e+01
1.168699999999999939e+01
1.168900000000000006e+01
1.169599999999999973e+01
1.167600000000000016e+01
1.170599999999999952e+01
1.168500000000000050e+01
1.167699999999999960e+01
1.166999999999999993e+01
1.169400000000000084e+01
1.168099999999999916e+01
1.172300000000000075e+01
1.166200000000000081e+01
1.166699999999999982e+01
1.166399999999999970e+01
1.167099999999999937e+01
1.164100000000000001e+01
1.168299999999999983e+01
1.166200000000000081e+01
1.166600000000000037e+01
1.168099999999999916e+01
1.169299999999999962e+01
1.167399999999999949e+01
1.169800000000000040e+01
1.169400000000000084e+01
1.170199999999999996e+01
1.170199999999999996e+01
1.172100000000000009e+01
1.174099999999999966e+01
1.169800000000000040e+01
1.166200000000000081e+01
1.169400000000000084e+01
1.171899999999999942e+01
1.170100000000000051e+01
1.170100000000000051e+01
1.171100000000000030e+01
1.170899999999999963e+01
1.170400000000000063e+01
1.170400000000000063e+01
1.170599999999999952e+01
1.170700000000000074e+01
1.171000000000000085e+01
1.170899999999999963e+01
1.171000000000000085e+01
1.171100000000000030e+01
1.170700000000000074e+01
1.170899999999999963e+01
1.170899999999999963e+01
1.171299999999999919e+01
1.171299999999999919e+01
1.171100000000000030e+01
1.171700000000000053e+01
1.171100000000000030e+01
1.171400000000000041e+01
1.171000000000000085e+01
1.171299999999999919e+01
1.171499999999999986e+01
1.171299999999999919e+01
1.171400000000000041e+01
1.171700000000000053e+01
1.171700000000000053e+01
1.171499999999999986e+01
1.171700000000000053e+01
1.171400000000000041e+01
1.171299999999999919e+01
1.171400000000000041e+01
1.171899999999999942e+01
1.171499999999999986e+01
1.171799999999999997e+01
1.171499999999999986e+01
1.171499999999999986e+01
1.171700000000000053e+01
1.171499999999999986e+01
1.171700000000000053e+01
1.172100000000000009e+01
1.171799999999999997e+01
1.171899999999999942e+01
1.172100000000000009e+01
1.171799999999999997e+01
1.171899999999999942e+01
1.172100000000000009e+01
1.171899999999999942e+01
1.168800000000000061e+01
1.168800000000000061e+01
1.168800000000000061e+01
1.168699999999999939e+01
1.168900000000000006e+01
1.168900000000000006e+01
1.168800000000000061e+01
1.169100000000000072e+01
1.169100000000000072e+01
1.168800000000000061e+01
1.168699999999999939e+01
1.169100000000000072e+01
1.168900000000000006e+01
1.168900000000000006e+01
1.169100000000000072e+01
1.169299999999999962e+01
1.169400000000000084e+01
1.169400000000000084e+01
1.169200000000000017e+01
1.169299999999999962e+01
1.169100000000000072e+01
1.169200000000000017e+01
1.169200000000000017e+01
1.169699999999999918e+01
1.169400000000000084e+01
1.169299999999999962e+01
1.169599999999999973e+01
1.169400000000000084e+01
1.169699999999999918e+01
1.169299999999999962e+01
1.169200000000000017e+01
1.169400000000000084e+01
1.169200000000000017e+01
1.169299999999999962e+01
1.169400000000000084e+01
1.169599999999999973e+01
1.169599999999999973e+01
1.169599999999999973e+01
1.169599999999999973e+01
1.169699999999999918e+01
1.169599999999999973e+01
1.169200000000000017e+01
1.169299999999999962e+01
1.169599999999999973e+01
1.168900000000000006e+01
1.169299999999999962e+01
1.169599999999999973e+01
1.169599999999999973e+01
1.169599999999999973e+01
1.169299999999999962e+01
1.169100000000000072e+01
1.169400000000000084e+01
1.169400000000000084e+01
1.169400000000000084e+01
1.169400000000000084e+01
1.169400000000000084e+01
1.169699999999999918e+01
1.169299999999999962e+01
1.169200000000000017e+01
1.169100000000000072e+01
1.169699999999999918e+01
1.169599999999999973e+01
1.169400000000000084e+01
1.171199999999999974e+01
1.171499999999999986e+01
1.171700000000000053e+01
1.171499999999999986e+01
1.171299999999999919e+01
1.171899999999999942e+01
1.171499999999999986e+01
1.171499999999999986e+01
1.171599999999999930e+01
1.171700000000000053e+01
1.171499999999999986e+01
1.171599999999999930e+01
1.171700000000000053e+01
1.171499999999999986e+01
1.172100000000000009e+01
1.171299999999999919e+01
1.171499999999999986e+01
1.171599999999999930e+01
1.171499999999999986e+01
1.172000000000000064e+01
1.172000000000000064e+01
1.171199999999999974e+01
1.171700000000000053e+01
1.171700000000000053e+01
1.171599999999999930e+01
1.171299999999999919e+01
1.171599999999999930e+01
1.171899999999999942e+01
1.171499999999999986e+01
1.171599999999999930e+01
1.172000000000000064e+01
1.172000000000000064e+01
1.171700000000000053e+01
1.171499999999999986e+01
1.171700000000000053e+01
1.172000000000000064e+01
1.172000000000000064e+01
1.171899999999999942e+01
1.171700000000000053e+01
1.171700000000000053e+01
1.171700000000000053e+01
1.171899999999999942e+01
1.171700000000000053e+01
1.171700000000000053e+01
1.171899999999999942e+01
1.171899999999999942e+01
1.171599999999999930e+01
1.171700000000000053e+01
1.172100000000000009e+01
1.172000000000000064e+01
1.171700000000000053e+01
1.171599999999999930e+01
1.171499999999999986e+01
1.171199999999999974e+01
1.171899999999999942e+01
1.171599999999999930e+01
1.171599999999999930e+01
1.171899999999999942e+01
1.171700000000000053e+01
1.171700000000000053e+01
1.171700000000000053e+01
1.172000000000000064e+01
1.171299999999999919e+01
1.171400000000000041e+01
1.171499999999999986e+01
1.171499999999999986e+01
1.171499999999999986e+01
1.171700000000000053e+01
1.171499999999999986e+01
1.171700000000000053e+01
1.171499999999999986e+01
1.171499999999999986e+01
1.172100000000000009e+01
1.171799999999999997e+01
1.171700000000000053e+01
1.171499999999999986e+01
1.171700000000000053e+01
1.172100000000000009e+01
1.171899999999999942e+01
1.171799999999999997e+01
1.171899999999999942e+01
1.171799999999999997e+01
