2.863352349904917382e-01
2.819602272727272929e-01
2.904970383723924909e-01
2.747603833865814860e-01
2.813929842399593428e-01
2.818442302682990230e-01
2.976406533575317592e-01
2.537137467578401417e-01
2.850667338201964274e-01
2.604298356510745815e-01
2.726108121957468433e-01
2.579075425790754439e-01
2.728442728442728171e-01
2.664351277598610568e-01
3.020862308762169435e-01
2.384351044144858711e-01
2.730357608979378514e-01
2.465753424657534110e-01
2.543178973717146185e-01
2.519178421182875494e-01
2.411533420707732689e-01
2.452161587526576758e-01
2.563077691731201480e-01
2.651848022744895395e-01
2.399999999999999911e-01
2.493406856868856381e-01
2.139392392136839349e-01
2.402844805689611507e-01
2.408432147562582226e-01
2.381852551984877109e-01
2.418879056047197607e-01
2.420056280378613534e-01
2.454203262233375094e-01
2.424242424242424310e-01
2.255900621118012428e-01
2.030881968071185650e-01
2.203973509933774833e-01
2.503079576250307747e-01
2.194707453265355712e-01
2.328731440479291370e-01
2.234225386692855475e-01
2.252762058744273710e-01
2.354716981132075337e-01
2.456140350877192846e-01
2.417794970986460457e-01
2.670469276639875766e-01
2.443107507193303662e-01
2.739869281045751448e-01
2.768754833720030728e-01
2.840879689521345619e-01
2.774678632064030981e-01
2.702577199907127969e-01
2.529317084387215364e-01
2.751383763837638163e-01
2.857801336713528539e-01
3.018775908315045053e-01
2.770741793745153947e-01
2.780269058295964379e-01
2.864411091325362313e-01
2.681194906953966450e-01
2.822954822954822918e-01
2.646387832699619858e-01
2.831294597349643394e-01
2.701065891472868019e-01
2.546240691808791534e-01
2.698377417203823292e-01
2.805409122163649016e-01
2.642325246216670753e-01
2.746006019912016760e-01
2.957268822066470570e-01
2.676767676767676796e-01
2.710463345660213408e-01
2.755823627287853350e-01
2.573631152401660294e-01
2.602608362102032946e-01
2.732285072493363387e-01
2.709369024856596586e-01
2.753266426813103518e-01
2.624733061541448254e-01
2.618705035971223283e-01
2.926829268292682751e-01
