7.670000000000000000e+02
7.160000000000000000e+02
7.850000000000000000e+02
7.750000000000000000e+02
7.750000000000000000e+02
7.850000000000000000e+02
7.450000000000000000e+02
7.280000000000000000e+02
7.310000000000000000e+02
7.770000000000000000e+02
6.940000000000000000e+02
6.850000000000000000e+02
6.620000000000000000e+02
6.390000000000000000e+02
6.310000000000000000e+02
6.160000000000000000e+02
6.470000000000000000e+02
6.610000000000000000e+02
6.250000000000000000e+02
5.920000000000000000e+02
5.770000000000000000e+02
5.850000000000000000e+02
5.710000000000000000e+02
6.310000000000000000e+02
5.590000000000000000e+02
5.920000000000000000e+02
5.870000000000000000e+02
5.430000000000000000e+02
5.890000000000000000e+02
5.810000000000000000e+02
6.190000000000000000e+02
5.250000000000000000e+02
5.570000000000000000e+02
5.830000000000000000e+02
5.180000000000000000e+02
5.630000000000000000e+02
5.110000000000000000e+02
5.110000000000000000e+02
5.170000000000000000e+02
5.260000000000000000e+02
5.160000000000000000e+02
