2.047574369446437392e-01
2.102367725581144597e-01
2.240140420163457824e-01
2.143509809191077586e-01
2.197814389526820955e-01
2.075481885427352680e-01
2.132714216295016341e-01
2.156378600823045388e-01
2.125074578293648653e-01
2.072315760419541908e-01
2.100564667921484274e-01
2.088772845953002499e-01
2.021212287739737323e-01
2.110863781964276154e-01
2.074711692324670287e-01
2.089065303681148511e-01
2.013160041329055405e-01
2.020598332515939066e-01
1.995374603345345110e-01
1.974835295388270850e-01
1.999033245609323772e-01
1.996603856266432886e-01
1.980478761110202324e-01
2.030789751570055146e-01
1.970921746940608454e-01
2.067647729865388917e-01
1.914554352009677218e-01
1.846085655714997942e-01
1.820290495388523777e-01
1.912407950833287240e-01
1.897250283615147803e-01
1.815436060622404313e-01
1.776446008357158435e-01
1.784292630446476513e-01
1.796294301411181793e-01
1.842936499292016084e-01
1.800518849699177526e-01
1.874824586023014217e-01
1.897399083328731584e-01
1.732984584562301811e-01
1.893603901563989111e-01
1.844218565732577142e-01
1.888677708389899512e-01
1.957371812524095478e-01
1.949882107802818343e-01
2.009358967130856488e-01
2.048731974142217749e-01
2.055413089530605530e-01
2.092129449117139106e-01
2.124225720293231867e-01
2.183754993342210404e-01
2.144394671010529940e-01
2.161612739285109219e-01
2.165522904569182894e-01
2.160497347858324202e-01
2.106995425638737152e-01
2.100474247270320838e-01
2.037560245969752271e-01
2.048252092565238935e-01
2.086898912383371163e-01
2.189485521506887855e-01
2.108230611906472818e-01
2.153993898994464029e-01
2.059421165357790129e-01
2.184485190409026778e-01
2.079856638853110895e-01
2.103083552521126109e-01
1.988734593720372645e-01
2.158294056788136461e-01
2.050591732570531123e-01
2.170338888267531463e-01
2.087236047220528690e-01
2.062627263221616936e-01
2.135361723391260846e-01
2.128387702158194006e-01
2.149467715187503292e-01
2.150090316930318990e-01
2.216712683833887421e-01
2.050773721019879814e-01
2.153660012099213594e-01
2.159761650458148219e-01
