2.352256186317321640e-01
2.502537602657561866e-01
2.436999131022496989e-01
2.417727487034417866e-01
2.314771776517616508e-01
2.362396037753481115e-01
2.448941872285370913e-01
2.258673377673917071e-01
2.228085867620751281e-01
2.412308819488964140e-01
2.432458052896009082e-01
2.372897023479386136e-01
2.389206408694837525e-01
2.197958277851753128e-01
2.268501640539555275e-01
2.332070590409313637e-01
2.386637053488802618e-01
2.406575551944948876e-01
2.335124120044460849e-01
2.357534628613925931e-01
2.158472465639701132e-01
2.391545135683957879e-01
2.197923366718735616e-01
2.332859174964438120e-01
2.206532994446013252e-01
2.197488584474885931e-01
2.141444580468970793e-01
2.264858626658972918e-01
2.128609422492401260e-01
1.979578695612179140e-01
2.015270053727966915e-01
1.903331769122477701e-01
1.846948356807511793e-01
1.933931710928102066e-01
1.864862359810918468e-01
2.037707810903687244e-01
2.019185992362857451e-01
1.912049414584677809e-01
2.081515179649057745e-01
1.828655024229678960e-01
1.813905353278765509e-01
1.706631697264893166e-01
1.838445418174890489e-01
1.925842906509759866e-01
2.092026293226636191e-01
2.145760468853388780e-01
2.221070486241990272e-01
2.302687411598302591e-01
2.318100104077963908e-01
2.391159378870153507e-01
2.539562209798161829e-01
2.374808868501528947e-01
2.430251774083795058e-01
2.289280059606966511e-01
2.465727159428626192e-01
2.437673130193905857e-01
2.364026495008862694e-01
2.481724807994818149e-01
2.517469129893749602e-01
2.486866791744840599e-01
2.454570869443667980e-01
2.339781791510039399e-01
2.432613908872901798e-01
2.473005255613951181e-01
2.388820696818053091e-01
2.406615340747077225e-01
2.362976762427689004e-01
2.372088490400545702e-01
2.470415647921760383e-01
2.431089899678581800e-01
2.560837577815506250e-01
2.462257718905230264e-01
2.462636197088033940e-01
2.526999904425117349e-01
2.349494376712976118e-01
2.466270402868195044e-01
2.504086931435715035e-01
2.419748268123719515e-01
2.471075973775549439e-01
2.538211221773000736e-01
2.434282313262573216e-01
