3.491000000000000000e+03
3.445000000000000000e+03
3.305000000000000000e+03
3.607000000000000000e+03
3.570000000000000000e+03
3.491000000000000000e+03
3.493000000000000000e+03
3.323000000000000000e+03
3.233000000000000000e+03
3.453000000000000000e+03
3.337000000000000000e+03
3.233000000000000000e+03
3.339000000000000000e+03
3.079000000000000000e+03
3.123000000000000000e+03
3.383000000000000000e+03
3.100000000000000000e+03
2.788000000000000000e+03
2.780000000000000000e+03
2.491000000000000000e+03
2.023000000000000000e+03
1.556000000000000000e+03
1.310000000000000000e+03
1.109000000000000000e+03
8.270000000000000000e+02
7.160000000000000000e+02
6.580000000000000000e+02
5.510000000000000000e+02
4.120000000000000000e+02
4.350000000000000000e+02
4.330000000000000000e+02
3.360000000000000000e+02
3.330000000000000000e+02
3.060000000000000000e+02
2.930000000000000000e+02
2.230000000000000000e+02
2.370000000000000000e+02
2.090000000000000000e+02
1.990000000000000000e+02
1.570000000000000000e+02
1.710000000000000000e+02
1.310000000000000000e+02
1.130000000000000000e+02
1.430000000000000000e+02
1.370000000000000000e+02
1.570000000000000000e+02
1.430000000000000000e+02
1.170000000000000000e+02
1.290000000000000000e+02
1.090000000000000000e+02
1.170000000000000000e+02
9.700000000000000000e+01
1.010000000000000000e+02
1.190000000000000000e+02
1.310000000000000000e+02
9.900000000000000000e+01
1.070000000000000000e+02
1.090000000000000000e+02
9.200000000000000000e+01
8.800000000000000000e+01
7.100000000000000000e+01
