1.178599999999999959e+01
1.178599999999999959e+01
1.178599999999999959e+01
1.178599999999999959e+01
1.178800000000000026e+01
1.178800000000000026e+01
1.178999999999999915e+01
1.178599999999999959e+01
1.178800000000000026e+01
1.178599999999999959e+01
1.178999999999999915e+01
1.178700000000000081e+01
1.178500000000000014e+01
1.178700000000000081e+01
1.178700000000000081e+01
1.178700000000000081e+01
1.178800000000000026e+01
1.178599999999999959e+01
1.178999999999999915e+01
1.178999999999999915e+01
1.178999999999999915e+01
1.178599999999999959e+01
1.178700000000000081e+01
1.178700000000000081e+01
1.178700000000000081e+01
1.178999999999999915e+01
1.178700000000000081e+01
1.178700000000000081e+01
1.178500000000000014e+01
1.179100000000000037e+01
1.178700000000000081e+01
1.178599999999999959e+01
1.178700000000000081e+01
1.179100000000000037e+01
1.178700000000000081e+01
1.178500000000000014e+01
1.178800000000000026e+01
1.178999999999999915e+01
1.178700000000000081e+01
1.179100000000000037e+01
1.178700000000000081e+01
1.178800000000000026e+01
1.178999999999999915e+01
1.178700000000000081e+01
1.178999999999999915e+01
1.178800000000000026e+01
1.179100000000000037e+01
1.178700000000000081e+01
1.179199999999999982e+01
1.178999999999999915e+01
1.179100000000000037e+01
1.178800000000000026e+01
1.178700000000000081e+01
1.178599999999999959e+01
1.178800000000000026e+01
1.178700000000000081e+01
1.178700000000000081e+01
1.178700000000000081e+01
1.178800000000000026e+01
1.179100000000000037e+01
1.178800000000000026e+01
