3.210000000000000000e+02
2.840000000000000000e+02
2.690000000000000000e+02
3.010000000000000000e+02
3.640000000000000000e+02
4.950000000000000000e+02
5.330000000000000000e+02
6.270000000000000000e+02
7.650000000000000000e+02
8.750000000000000000e+02
1.127000000000000000e+03
1.491000000000000000e+03
1.854000000000000000e+03
2.459000000000000000e+03
3.263000000000000000e+03
4.375000000000000000e+03
5.893000000000000000e+03
5.727000000000000000e+03
4.371000000000000000e+03
3.276000000000000000e+03
2.334000000000000000e+03
1.805000000000000000e+03
1.325000000000000000e+03
1.169000000000000000e+03
9.910000000000000000e+02
8.410000000000000000e+02
6.750000000000000000e+02
5.240000000000000000e+02
4.380000000000000000e+02
4.290000000000000000e+02
3.670000000000000000e+02
3.090000000000000000e+02
3.110000000000000000e+02
2.570000000000000000e+02
2.450000000000000000e+02
2.190000000000000000e+02
1.810000000000000000e+02
2.020000000000000000e+02
1.630000000000000000e+02
1.510000000000000000e+02
1.520000000000000000e+02
1.390000000000000000e+02
1.320000000000000000e+02
1.140000000000000000e+02
1.170000000000000000e+02
1.230000000000000000e+02
1.030000000000000000e+02
8.800000000000000000e+01
1.220000000000000000e+02
9.000000000000000000e+01
6.800000000000000000e+01
8.400000000000000000e+01
7.900000000000000000e+01
7.900000000000000000e+01
6.500000000000000000e+01
8.300000000000000000e+01
8.900000000000000000e+01
6.100000000000000000e+01
5.500000000000000000e+01
7.700000000000000000e+01
6.300000000000000000e+01
