1.584132912615107344e-02
1.470317956258040785e-02
1.913412049651831703e-02
1.689460981496379577e-02
1.870391463341526325e-02
1.877878117337479849e-02
2.091821222256004878e-02
2.058460271716755843e-02
2.266869728209934542e-02
2.325026827232621815e-02
2.323807288304676963e-02
2.283078015023362953e-02
2.282169816841242774e-02
2.581705098867570145e-02
2.699372102576139826e-02
2.461794612594398607e-02
2.848868136414681868e-02
2.823870150244373392e-02
3.006338665861756770e-02
2.876399085329161068e-02
3.398874775245055296e-02
2.932153392330383648e-02
3.384708371109096392e-02
3.386630479674317129e-02
3.343519683623943917e-02
4.156568104701890282e-02
4.085480829666875841e-02
4.754811416314127376e-02
5.239193424398320281e-02
5.377318591021690297e-02
5.002617648769704800e-02
5.216871073885731569e-02
5.511100415137476505e-02
5.255794148062534199e-02
5.294259527255185810e-02
5.218924478401410633e-02
6.186772703350681274e-02
6.372347304685203884e-02
7.643121787976574211e-02
8.437575174404618461e-02
8.845622258277748007e-02
7.751937984496123923e-02
6.143505689523023200e-02
3.818876159301691497e-02
2.387917139275267178e-02
2.255406158993741861e-02
2.011883051944231976e-02
1.732209737827715423e-02
1.780665343199181946e-02
1.929605145613721637e-02
1.787749715039894244e-02
1.743102722846667091e-02
1.709097382944632301e-02
1.732869607663676745e-02
1.760123684367009486e-02
1.726618705035971174e-02
1.685359919292623437e-02
1.910561824586542654e-02
1.834189288334556189e-02
1.645562233763202264e-02
1.711857305321122860e-02
1.931961360772784658e-02
1.848607503171630431e-02
1.978035313391177802e-02
1.468832099355146803e-02
2.106165431947590663e-02
1.753855458119141231e-02
1.563525690756101955e-02
1.899710109171652214e-02
1.776558960295695697e-02
1.839191723637243620e-02
1.705860850493481212e-02
1.779273863909593481e-02
1.529613313754282951e-02
1.908283141511121772e-02
1.683522073517834325e-02
1.792347149342609497e-02
1.862130707251566722e-02
1.822621954851390627e-02
1.786256759219879628e-02
1.931956257594167822e-02
