1.488100000000000000e+04
1.537300000000000000e+04
1.654700000000000000e+04
1.575300000000000000e+04
1.631100000000000000e+04
1.684300000000000000e+04
1.657300000000000000e+04
1.696300000000000000e+04
1.623900000000000000e+04
1.657900000000000000e+04
1.629700000000000000e+04
1.583800000000000000e+04
1.645700000000000000e+04
1.587400000000000000e+04
1.618900000000000000e+04
1.565100000000000000e+04
1.602500000000000000e+04
1.620100000000000000e+04
1.585500000000000000e+04
1.634300000000000000e+04
1.656800000000000000e+04
1.591900000000000000e+04
1.602500000000000000e+04
1.560900000000000000e+04
1.582900000000000000e+04
1.607500000000000000e+04
1.586500000000000000e+04
1.551500000000000000e+04
1.574700000000000000e+04
1.673300000000000000e+04
1.655600000000000000e+04
1.639200000000000000e+04
1.644300000000000000e+04
1.606800000000000000e+04
1.583200000000000000e+04
1.572500000000000000e+04
1.575300000000000000e+04
1.590700000000000000e+04
1.580500000000000000e+04
1.557300000000000000e+04
1.572500000000000000e+04
1.590700000000000000e+04
1.581100000000000000e+04
1.589300000000000000e+04
1.531900000000000000e+04
1.594500000000000000e+04
1.601900000000000000e+04
1.541700000000000000e+04
1.520100000000000000e+04
1.528900000000000000e+04
1.517100000000000000e+04
1.504200000000000000e+04
1.511900000000000000e+04
1.535100000000000000e+04
1.551900000000000000e+04
1.559200000000000000e+04
1.489900000000000000e+04
1.519400000000000000e+04
1.473300000000000000e+04
1.525700000000000000e+04
1.533300000000000000e+04
1.502000000000000000e+04
1.555700000000000000e+04
1.543200000000000000e+04
1.470300000000000000e+04
1.576300000000000000e+04
1.596900000000000000e+04
1.568300000000000000e+04
1.568700000000000000e+04
1.540700000000000000e+04
1.556900000000000000e+04
1.531100000000000000e+04
1.557400000000000000e+04
1.590200000000000000e+04
1.592100000000000000e+04
1.510300000000000000e+04
1.558500000000000000e+04
1.540100000000000000e+04
1.520400000000000000e+04
1.569500000000000000e+04
1.554300000000000000e+04
1.597100000000000000e+04
1.593600000000000000e+04
1.616400000000000000e+04
1.591100000000000000e+04
1.609900000000000000e+04
1.557500000000000000e+04
1.594000000000000000e+04
1.543800000000000000e+04
1.560100000000000000e+04
1.563100000000000000e+04
1.594700000000000000e+04
1.627700000000000000e+04
1.675700000000000000e+04
1.604600000000000000e+04
1.563100000000000000e+04
1.515100000000000000e+04
1.555500000000000000e+04
1.610700000000000000e+04
1.637800000000000000e+04
1.705700000000000000e+04
1.649300000000000000e+04
1.613700000000000000e+04
1.610300000000000000e+04
1.625500000000000000e+04
1.587700000000000000e+04
1.571900000000000000e+04
1.600700000000000000e+04
1.585200000000000000e+04
1.697900000000000000e+04
1.683900000000000000e+04
1.634900000000000000e+04
1.646700000000000000e+04
1.622700000000000000e+04
1.593900000000000000e+04
1.599300000000000000e+04
1.587700000000000000e+04
1.631100000000000000e+04
1.589600000000000000e+04
1.565700000000000000e+04
1.661500000000000000e+04
1.674500000000000000e+04
1.606700000000000000e+04
1.609500000000000000e+04
1.583600000000000000e+04
1.610800000000000000e+04
1.610300000000000000e+04
1.659900000000000000e+04
1.681300000000000000e+04
1.641500000000000000e+04
1.632900000000000000e+04
1.625900000000000000e+04
1.587500000000000000e+04
1.646900000000000000e+04
1.702900000000000000e+04
1.673900000000000000e+04
1.739900000000000000e+04
1.724500000000000000e+04
1.646500000000000000e+04
1.611700000000000000e+04
1.643400000000000000e+04
1.682100000000000000e+04
1.618700000000000000e+04
1.633900000000000000e+04
1.608300000000000000e+04
1.592300000000000000e+04
1.601500000000000000e+04
1.582500000000000000e+04
1.625400000000000000e+04
1.574900000000000000e+04
1.576100000000000000e+04
1.570600000000000000e+04
1.579300000000000000e+04
1.642100000000000000e+04
1.604900000000000000e+04
1.614300000000000000e+04
1.599700000000000000e+04
1.625700000000000000e+04
1.657300000000000000e+04
1.613700000000000000e+04
1.626100000000000000e+04
1.664000000000000000e+04
1.623200000000000000e+04
1.536300000000000000e+04
1.515400000000000000e+04
1.605100000000000000e+04
1.551500000000000000e+04
1.616700000000000000e+04
1.652700000000000000e+04
1.633500000000000000e+04
1.547500000000000000e+04
1.531500000000000000e+04
1.508100000000000000e+04
1.559300000000000000e+04
1.525300000000000000e+04
1.611900000000000000e+04
1.607000000000000000e+04
1.636700000000000000e+04
1.596700000000000000e+04
1.536000000000000000e+04
1.516700000000000000e+04
1.509500000000000000e+04
1.529700000000000000e+04
1.581900000000000000e+04
1.568300000000000000e+04
1.628100000000000000e+04
1.597300000000000000e+04
1.589100000000000000e+04
1.590700000000000000e+04
1.557100000000000000e+04
1.525900000000000000e+04
1.494700000000000000e+04
1.564300000000000000e+04
1.608300000000000000e+04
1.570500000000000000e+04
1.562400000000000000e+04
1.550100000000000000e+04
1.583700000000000000e+04
1.532700000000000000e+04
1.501300000000000000e+04
1.538900000000000000e+04
1.539100000000000000e+04
1.532700000000000000e+04
1.578300000000000000e+04
1.544500000000000000e+04
1.521700000000000000e+04
1.481300000000000000e+04
1.473900000000000000e+04
1.511500000000000000e+04
1.544000000000000000e+04
1.574800000000000000e+04
1.605100000000000000e+04
1.566100000000000000e+04
1.515900000000000000e+04
1.536800000000000000e+04
1.558100000000000000e+04
1.497100000000000000e+04
1.496700000000000000e+04
1.527700000000000000e+04
1.605000000000000000e+04
1.589900000000000000e+04
1.623600000000000000e+04
1.558700000000000000e+04
1.573900000000000000e+04
1.493300000000000000e+04
1.503000000000000000e+04
1.534300000000000000e+04
1.549900000000000000e+04
1.603900000000000000e+04
1.630500000000000000e+04
1.598100000000000000e+04
1.619900000000000000e+04
1.571500000000000000e+04
1.517300000000000000e+04
1.565700000000000000e+04
1.492100000000000000e+04
1.546100000000000000e+04
1.566900000000000000e+04
1.531500000000000000e+04
1.558800000000000000e+04
1.540100000000000000e+04
1.522100000000000000e+04
1.494500000000000000e+04
1.533700000000000000e+04
1.525500000000000000e+04
1.531100000000000000e+04
1.533700000000000000e+04
1.489300000000000000e+04
1.522500000000000000e+04
