3.020000000000000000e+02
3.200000000000000000e+02
2.860000000000000000e+02
3.360000000000000000e+02
2.860000000000000000e+02
2.880000000000000000e+02
3.600000000000000000e+02
3.240000000000000000e+02
2.900000000000000000e+02
3.040000000000000000e+02
2.900000000000000000e+02
2.920000000000000000e+02
3.380000000000000000e+02
3.280000000000000000e+02
3.660000000000000000e+02
3.580000000000000000e+02
3.100000000000000000e+02
3.780000000000000000e+02
4.720000000000000000e+02
5.320000000000000000e+02
5.480000000000000000e+02
7.040000000000000000e+02
8.180000000000000000e+02
8.660000000000000000e+02
9.920000000000000000e+02
1.190000000000000000e+03
1.366000000000000000e+03
1.218000000000000000e+03
1.306000000000000000e+03
1.362000000000000000e+03
1.336000000000000000e+03
1.455000000000000000e+03
1.458000000000000000e+03
1.322000000000000000e+03
1.428000000000000000e+03
1.478000000000000000e+03
1.736000000000000000e+03
1.528000000000000000e+03
1.422000000000000000e+03
1.198000000000000000e+03
1.094000000000000000e+03
9.900000000000000000e+02
8.740000000000000000e+02
8.300000000000000000e+02
8.200000000000000000e+02
7.120000000000000000e+02
7.460000000000000000e+02
6.980000000000000000e+02
6.200000000000000000e+02
5.420000000000000000e+02
5.980000000000000000e+02
5.300000000000000000e+02
5.320000000000000000e+02
4.920000000000000000e+02
4.440000000000000000e+02
4.780000000000000000e+02
3.800000000000000000e+02
3.520000000000000000e+02
3.120000000000000000e+02
3.280000000000000000e+02
3.620000000000000000e+02
3.160000000000000000e+02
2.880000000000000000e+02
3.180000000000000000e+02
3.500000000000000000e+02
3.200000000000000000e+02
3.140000000000000000e+02
3.320000000000000000e+02
3.080000000000000000e+02
2.920000000000000000e+02
2.820000000000000000e+02
3.620000000000000000e+02
3.680000000000000000e+02
3.400000000000000000e+02
3.020000000000000000e+02
2.580000000000000000e+02
3.040000000000000000e+02
3.120000000000000000e+02
2.620000000000000000e+02
2.840000000000000000e+02
2.940000000000000000e+02
