4.946996466431095169e-02
3.108808290155440357e-02
5.988023952095808400e-02
7.547169811320754429e-02
7.272727272727272374e-02
4.918032786885245811e-02
9.230769230769231282e-02
4.255319148936170109e-02
3.418803418803419147e-02
5.309734513274336209e-02
6.382978723404254817e-02
2.020202020202020374e-02
4.705882352941176405e-02
5.633802816901408578e-02
3.793103448275862016e-02
3.149606299212598381e-02
1.276595744680850963e-01
1.359223300970873738e-01
3.698811096433289591e-02
6.349206349206348854e-02
4.469273743016759920e-02
4.358353510895883465e-02
6.315789473684210731e-02
5.054151624548736121e-02
4.040404040404040747e-02
4.651162790697674354e-02
6.206896551724137845e-02
1.176470588235294101e-01
4.444444444444444614e-02
0.000000000000000000e+00
8.888888888888889228e-02
3.669724770642202039e-02
8.264462809917355601e-02
1.020408163265306145e-01
1.834862385321101019e-02
1.975308641975308532e-01
1.066666666666666735e-01
5.434782608695652023e-02
9.708737864077669755e-02
9.722222222222222376e-02
1.518987341772151944e-01
1.290322580645161255e-01
1.363636363636363535e-01
2.247191011235954994e-02
2.150537634408602322e-02
1.369863013698630061e-01
8.000000000000000167e-02
7.594936708860759722e-02
8.955223880597014408e-02
1.234567901234567833e-01
3.076923076923077094e-02
1.818181818181818232e-01
1.250000000000000000e-01
5.333333333333333676e-02
1.728395061728394966e-01
1.558441558441558406e-01
7.594936708860759722e-02
9.876543209876542662e-02
7.692307692307692735e-02
1.095890410958904049e-01
1.386138613861386260e-01
