1.168900000000000006e+01
1.168599999999999994e+01
1.167999999999999972e+01
1.168099999999999916e+01
1.168200000000000038e+01
1.168200000000000038e+01
1.168200000000000038e+01
1.168200000000000038e+01
1.167800000000000082e+01
1.167399999999999949e+01
1.167099999999999937e+01
1.167600000000000016e+01
1.167500000000000071e+01
1.167900000000000027e+01
1.167399999999999949e+01
1.167600000000000016e+01
1.167600000000000016e+01
1.167600000000000016e+01
1.167500000000000071e+01
1.167900000000000027e+01
1.167500000000000071e+01
1.167900000000000027e+01
1.167800000000000082e+01
1.167099999999999937e+01
1.167900000000000027e+01
1.167300000000000004e+01
1.167500000000000071e+01
1.167399999999999949e+01
1.168200000000000038e+01
1.167600000000000016e+01
1.167399999999999949e+01
1.167800000000000082e+01
1.167600000000000016e+01
1.167500000000000071e+01
1.167800000000000082e+01
1.167399999999999949e+01
1.167099999999999937e+01
1.167399999999999949e+01
1.167399999999999949e+01
1.167800000000000082e+01
1.167600000000000016e+01
1.167300000000000004e+01
1.167399999999999949e+01
1.167500000000000071e+01
1.167500000000000071e+01
1.167500000000000071e+01
1.167600000000000016e+01
1.167399999999999949e+01
1.167399999999999949e+01
1.166699999999999982e+01
1.167300000000000004e+01
1.166900000000000048e+01
1.166699999999999982e+01
1.167099999999999937e+01
1.167099999999999937e+01
1.167099999999999937e+01
1.167300000000000004e+01
1.167399999999999949e+01
1.167099999999999937e+01
1.167300000000000004e+01
1.167099999999999937e+01
1.166999999999999993e+01
1.166999999999999993e+01
1.166900000000000048e+01
1.166900000000000048e+01
1.166699999999999982e+01
1.166699999999999982e+01
1.166699999999999982e+01
1.166699999999999982e+01
1.166600000000000037e+01
1.166600000000000037e+01
1.166600000000000037e+01
1.166600000000000037e+01
1.166399999999999970e+01
1.166499999999999915e+01
1.166600000000000037e+01
1.166600000000000037e+01
1.166499999999999915e+01
1.166900000000000048e+01
1.166900000000000048e+01
1.166799999999999926e+01
1.166399999999999970e+01
1.166399999999999970e+01
1.166499999999999915e+01
1.166499999999999915e+01
