2.131194500143225312e-01
2.002902757619738627e-01
2.087745839636913903e-01
2.162461879678403143e-01
1.957983193277310907e-01
2.154110570037238714e-01
2.044088176352705510e-01
2.238940716220282900e-01
2.109495824311784784e-01
1.963509991311902791e-01
2.151633203476176204e-01
2.022888957624497386e-01
2.084456424079065562e-01
2.104579408898993309e-01
1.985270573166826868e-01
2.045521726278451136e-01
2.245161290322580661e-01
2.148493543758966950e-01
2.341726618705035901e-01
2.111601766358892074e-01
2.046465645081562146e-01
2.011568123393316088e-01
2.572519083969465603e-01
2.055906221821460766e-01
2.708585247883917857e-01
2.178770949720670314e-01
2.689969604863222119e-01
2.177858439201451890e-01
2.888349514563106624e-01
2.528735632183908288e-01
2.355658198614318799e-01
2.648809523809523836e-01
2.042042042042042094e-01
2.320261437908496815e-01
1.843003412969283217e-01
2.331838565022421594e-01
2.362869198312236296e-01
2.009569377990430561e-01
2.412060301507537585e-01
2.929936305732483981e-01
2.339181286549707472e-01
2.137404580152671707e-01
2.831858407079645978e-01
2.797202797202797409e-01
1.897810218978102093e-01
1.528662420382165543e-01
1.118881118881118880e-01
1.538461538461538547e-01
9.302325581395348708e-02
1.467889908256880815e-01
1.709401709401709435e-01
2.886597938144329634e-01
2.574257425742574323e-01
1.176470588235294101e-01
2.595419847328244156e-01
1.818181818181818232e-01
1.682242990654205517e-01
2.018348623853211121e-01
8.695652173913043237e-02
1.931818181818181768e-01
3.098591549295774406e-01
