5.607476635514018620e-02
4.225352112676056260e-02
7.434944237918215959e-02
6.644518272425249672e-02
5.494505494505494414e-02
8.484848484848485362e-02
3.752345215759850250e-02
5.103668261562998437e-02
6.797385620915032123e-02
5.714285714285714107e-02
6.033717834960070775e-02
4.426559356136820778e-02
6.040992448759439221e-02
5.042700284668564376e-02
5.332516089488201216e-02
4.159999999999999809e-02
4.310198540641439063e-02
3.841452767592107298e-02
4.529855868222374543e-02
5.799755799755799968e-02
5.998286203941730760e-02
4.764542936288088809e-02
5.283018867924528517e-02
5.132591958939264343e-02
7.467204843592331609e-02
5.707491082045184488e-02
7.407407407407406996e-02
6.870229007633588125e-02
6.392694063926940284e-02
5.128205128205128027e-02
6.539509536784740562e-02
1.035598705501618172e-01
7.717041800643087424e-02
9.338521400778210246e-02
4.081632653061224164e-02
6.392694063926940284e-02
3.314917127071823066e-02
4.950495049504950729e-02
6.134969325153374203e-02
1.192052980132450313e-01
1.052631578947368363e-01
7.194244604316546443e-02
1.136363636363636326e-01
2.017543859649122695e-01
1.367521367521367659e-01
1.300813008130081438e-01
1.359223300970873738e-01
1.250000000000000000e-01
4.918032786885245811e-02
6.666666666666666574e-02
1.470588235294117696e-01
1.071428571428571369e-01
7.594936708860759722e-02
1.012658227848101250e-01
1.538461538461538547e-01
4.819277108433735191e-02
1.348314606741572996e-01
1.311475409836065642e-01
1.090909090909090856e-01
1.038961038961039030e-01
6.349206349206348854e-02
