3.456000000000000000e+03
3.752000000000000000e+03
3.876000000000000000e+03
3.557000000000000000e+03
3.656000000000000000e+03
3.754000000000000000e+03
3.624000000000000000e+03
3.660000000000000000e+03
3.688000000000000000e+03
3.655000000000000000e+03
3.684000000000000000e+03
3.730000000000000000e+03
3.492000000000000000e+03
3.674000000000000000e+03
3.746000000000000000e+03
3.560000000000000000e+03
3.590000000000000000e+03
3.434000000000000000e+03
3.490000000000000000e+03
3.333000000000000000e+03
3.582000000000000000e+03
3.536000000000000000e+03
3.550000000000000000e+03
3.594000000000000000e+03
3.196000000000000000e+03
3.299000000000000000e+03
3.111000000000000000e+03
3.028000000000000000e+03
3.050000000000000000e+03
3.022000000000000000e+03
3.020000000000000000e+03
3.032000000000000000e+03
3.030000000000000000e+03
3.064000000000000000e+03
2.969000000000000000e+03
3.102000000000000000e+03
2.918000000000000000e+03
2.862000000000000000e+03
2.674000000000000000e+03
2.540000000000000000e+03
2.466000000000000000e+03
2.656000000000000000e+03
2.826000000000000000e+03
3.368000000000000000e+03
3.478000000000000000e+03
3.576000000000000000e+03
3.588000000000000000e+03
3.691000000000000000e+03
3.734000000000000000e+03
3.830000000000000000e+03
3.568000000000000000e+03
3.700000000000000000e+03
3.734000000000000000e+03
3.702000000000000000e+03
3.726000000000000000e+03
3.719000000000000000e+03
3.582000000000000000e+03
3.622000000000000000e+03
3.621000000000000000e+03
3.630000000000000000e+03
3.652000000000000000e+03
3.524000000000000000e+03
3.698000000000000000e+03
3.572000000000000000e+03
3.611000000000000000e+03
3.640000000000000000e+03
3.598000000000000000e+03
3.626000000000000000e+03
3.596000000000000000e+03
3.593000000000000000e+03
3.700000000000000000e+03
3.700000000000000000e+03
3.801000000000000000e+03
3.629000000000000000e+03
3.794000000000000000e+03
3.586000000000000000e+03
3.720000000000000000e+03
3.474000000000000000e+03
3.676000000000000000e+03
3.652000000000000000e+03
3.525000000000000000e+03
