1.980385953812084654e-01
2.005881578369837215e-01
1.967234042553191453e-01
2.013879908616750813e-01
2.046048964541439807e-01
1.955868027614247606e-01
1.967213114754098324e-01
2.004662004662004782e-01
2.016035672940873769e-01
1.983383042181508238e-01
1.933581228362610538e-01
2.013245033112582849e-01
1.944822888283378737e-01
1.951748787337247992e-01
1.835487759258489504e-01
1.906424283707267298e-01
1.935260815074117402e-01
1.946129374337221551e-01
1.839218891135102618e-01
1.922435541112584023e-01
1.828852543908859318e-01
1.837561287571946311e-01
1.846239221377956041e-01
1.767726057622947267e-01
1.848674283250700545e-01
1.785482123510292451e-01
1.750010603554311428e-01
1.681191774352809865e-01
1.665598975016015504e-01
1.726411387154521138e-01
1.653870898563156722e-01
1.521582581437709025e-01
1.493775933609958473e-01
1.408032571355867513e-01
1.382802195464408745e-01
1.372574000934301541e-01
1.231055009076708756e-01
1.245944192083063007e-01
1.195195450108229723e-01
1.012102157715663864e-01
9.255827982936183640e-02
1.468248904767980867e-01
1.803000652315720764e-01
1.777081657706472417e-01
1.873241837865484705e-01
1.832396568482440868e-01
1.876388344440088896e-01
1.931577353920678197e-01
1.807543881488858362e-01
1.880341880341880323e-01
1.926210279377265910e-01
1.899472250595846123e-01
1.973466706226423006e-01
1.989685009164144647e-01
1.966045764404498186e-01
1.897473171148830740e-01
1.962725433650411022e-01
1.944338865661556781e-01
1.995792004809137377e-01
1.950629025982447695e-01
1.925727411944869738e-01
2.007156244675413204e-01
1.898049087476400276e-01
1.962416445957876066e-01
1.932726417916826867e-01
1.898325007346458870e-01
1.966205176713388958e-01
1.930787894266377258e-01
1.898664869645790287e-01
2.001479998258825499e-01
1.985700218349959190e-01
2.049352093401188846e-01
1.865599325890035798e-01
2.075916791764958191e-01
1.954477770687087779e-01
1.836813116433969606e-01
1.951789501017007766e-01
1.862423958820776659e-01
1.900278193879734734e-01
1.944151070930674741e-01
1.862815276432691902e-01
1.938917754403751137e-01
1.864441954094550324e-01
1.935811239375872239e-01
1.971303274151658402e-01
1.983929998737958000e-01
1.879017496062321824e-01
1.984908556081340369e-01
1.927308532043323641e-01
1.957936274715587066e-01
2.055553170480401703e-01
1.976221357544314661e-01
1.925373766464783254e-01
1.988039978254505791e-01
2.010697889904392854e-01
1.951045427827693413e-01
1.952655257957364443e-01
1.937748067683308928e-01
1.886888371107816043e-01
1.944031593698246074e-01
1.907780736232619068e-01
1.858307679507446575e-01
1.885004482007939519e-01
1.851741589758856832e-01
1.836588951900861300e-01
1.836881533838405078e-01
1.784321127469485346e-01
1.771598975177453850e-01
1.699418530622639201e-01
1.677804396250998087e-01
1.734706963621596154e-01
1.745719428978105281e-01
1.696376019507273292e-01
1.706648958246866354e-01
1.725803065294982119e-01
1.744161131347760907e-01
1.735961008688281515e-01
1.718984197678900261e-01
1.747387590512942679e-01
1.795547871190836531e-01
1.760445682451253491e-01
1.843791099232107156e-01
1.830740457366318019e-01
1.882489869816363348e-01
1.860736514522821627e-01
2.005267930394231124e-01
1.955914579126025732e-01
1.981397361020982018e-01
1.966819565310584383e-01
1.943097997892518358e-01
1.990066646856560595e-01
2.028972972972973021e-01
1.961963657927061622e-01
1.993740084894738973e-01
2.075689544579858992e-01
1.917878748873728945e-01
2.020749924663136632e-01
1.972170766380907381e-01
2.015362582997005658e-01
1.990683362536860568e-01
1.955532882710538656e-01
2.016604293027057238e-01
1.950567225984557729e-01
1.889359898261975534e-01
1.985153764581124025e-01
2.009218972127687075e-01
1.978552047891812826e-01
2.038355685640644843e-01
1.946294489458278432e-01
1.986675263271008018e-01
1.974780936097456641e-01
1.895173230678116605e-01
1.879068975788264206e-01
