2.632000000000000000e+03
2.760000000000000000e+03
2.910000000000000000e+03
2.850000000000000000e+03
5.582000000000000000e+03
2.724000000000000000e+03
2.788000000000000000e+03
5.490000000000000000e+03
2.789000000000000000e+03
2.791000000000000000e+03
2.790000000000000000e+03
2.730000000000000000e+03
2.909000000000000000e+03
2.786000000000000000e+03
2.608000000000000000e+03
2.604000000000000000e+03
2.562000000000000000e+03
2.604000000000000000e+03
2.801000000000000000e+03
2.864000000000000000e+03
2.753000000000000000e+03
2.632000000000000000e+03
2.784000000000000000e+03
2.784000000000000000e+03
3.002000000000000000e+03
2.991000000000000000e+03
2.772000000000000000e+03
2.548000000000000000e+03
2.640000000000000000e+03
2.732000000000000000e+03
2.774000000000000000e+03
2.766000000000000000e+03
2.382000000000000000e+03
2.428000000000000000e+03
2.070000000000000000e+03
2.392000000000000000e+03
1.732000000000000000e+03
1.619000000000000000e+03
1.338000000000000000e+03
1.392000000000000000e+03
2.048000000000000000e+03
2.214000000000000000e+03
1.978000000000000000e+03
1.942000000000000000e+03
1.844000000000000000e+03
1.802000000000000000e+03
1.576000000000000000e+03
2.100000000000000000e+03
2.388000000000000000e+03
2.656000000000000000e+03
2.504000000000000000e+03
2.534000000000000000e+03
2.546000000000000000e+03
2.486000000000000000e+03
2.732000000000000000e+03
2.508000000000000000e+03
2.477000000000000000e+03
2.493000000000000000e+03
2.780000000000000000e+03
2.674000000000000000e+03
2.676000000000000000e+03
2.592000000000000000e+03
2.648000000000000000e+03
2.601000000000000000e+03
2.701000000000000000e+03
2.574000000000000000e+03
2.609000000000000000e+03
2.686000000000000000e+03
2.638000000000000000e+03
2.676000000000000000e+03
2.586000000000000000e+03
2.636000000000000000e+03
2.622000000000000000e+03
2.570000000000000000e+03
2.654000000000000000e+03
2.696000000000000000e+03
2.768000000000000000e+03
2.752000000000000000e+03
2.658000000000000000e+03
2.658000000000000000e+03
2.770000000000000000e+03
2.730000000000000000e+03
2.596000000000000000e+03
2.534000000000000000e+03
2.674000000000000000e+03
2.626000000000000000e+03
2.830000000000000000e+03
2.780000000000000000e+03
2.530000000000000000e+03
2.786000000000000000e+03
2.726000000000000000e+03
2.748000000000000000e+03
2.584000000000000000e+03
2.691000000000000000e+03
2.733000000000000000e+03
2.703000000000000000e+03
2.496000000000000000e+03
2.638000000000000000e+03
2.832000000000000000e+03
2.763000000000000000e+03
2.622000000000000000e+03
2.668000000000000000e+03
2.595000000000000000e+03
2.706000000000000000e+03
2.636000000000000000e+03
2.670000000000000000e+03
2.564000000000000000e+03
2.568000000000000000e+03
2.520000000000000000e+03
2.504000000000000000e+03
2.382000000000000000e+03
2.508000000000000000e+03
2.288000000000000000e+03
2.394000000000000000e+03
2.420000000000000000e+03
2.382000000000000000e+03
2.356000000000000000e+03
2.486000000000000000e+03
2.347000000000000000e+03
2.412000000000000000e+03
2.418000000000000000e+03
2.670000000000000000e+03
2.581000000000000000e+03
2.562000000000000000e+03
2.616000000000000000e+03
2.550000000000000000e+03
2.502000000000000000e+03
2.569000000000000000e+03
2.555000000000000000e+03
2.554000000000000000e+03
2.556000000000000000e+03
2.643000000000000000e+03
2.734000000000000000e+03
2.830000000000000000e+03
2.773000000000000000e+03
2.788000000000000000e+03
2.764000000000000000e+03
2.586000000000000000e+03
2.613000000000000000e+03
2.778000000000000000e+03
2.776000000000000000e+03
2.856000000000000000e+03
2.742000000000000000e+03
2.930000000000000000e+03
2.730000000000000000e+03
2.694000000000000000e+03
2.754000000000000000e+03
2.584000000000000000e+03
2.774000000000000000e+03
2.636000000000000000e+03
2.691000000000000000e+03
2.842000000000000000e+03
2.718000000000000000e+03
2.772000000000000000e+03
2.802000000000000000e+03
2.792000000000000000e+03
2.870000000000000000e+03
2.718000000000000000e+03
2.966000000000000000e+03
2.692000000000000000e+03
2.736000000000000000e+03
2.703000000000000000e+03
2.710000000000000000e+03
2.850000000000000000e+03
2.827000000000000000e+03
2.768000000000000000e+03
2.648000000000000000e+03
2.756000000000000000e+03
2.788000000000000000e+03
2.651000000000000000e+03
2.578000000000000000e+03
2.626000000000000000e+03
2.670000000000000000e+03
2.698000000000000000e+03
2.674000000000000000e+03
2.694000000000000000e+03
2.644000000000000000e+03
2.798000000000000000e+03
2.684000000000000000e+03
2.773000000000000000e+03
2.668000000000000000e+03
2.720000000000000000e+03
2.708000000000000000e+03
2.594000000000000000e+03
2.569000000000000000e+03
2.602000000000000000e+03
2.572000000000000000e+03
2.502000000000000000e+03
2.404000000000000000e+03
2.460000000000000000e+03
2.346000000000000000e+03
2.233000000000000000e+03
2.314000000000000000e+03
2.168000000000000000e+03
2.096000000000000000e+03
2.170000000000000000e+03
2.161000000000000000e+03
1.986000000000000000e+03
1.972000000000000000e+03
2.042000000000000000e+03
2.080000000000000000e+03
2.086000000000000000e+03
2.252000000000000000e+03
2.380000000000000000e+03
2.338000000000000000e+03
2.434000000000000000e+03
2.286000000000000000e+03
2.579000000000000000e+03
2.292000000000000000e+03
2.200000000000000000e+03
2.154000000000000000e+03
2.013000000000000000e+03
2.372000000000000000e+03
2.244000000000000000e+03
2.560000000000000000e+03
2.441000000000000000e+03
2.534000000000000000e+03
2.474000000000000000e+03
2.590000000000000000e+03
2.600000000000000000e+03
2.466000000000000000e+03
2.429000000000000000e+03
2.512000000000000000e+03
2.680000000000000000e+03
2.604000000000000000e+03
2.610000000000000000e+03
2.704000000000000000e+03
2.636000000000000000e+03
2.508000000000000000e+03
2.570000000000000000e+03
2.700000000000000000e+03
2.567000000000000000e+03
2.556000000000000000e+03
2.684000000000000000e+03
2.630000000000000000e+03
2.534000000000000000e+03
2.564000000000000000e+03
