1.184500000000000064e+01
1.183999999999999986e+01
1.184600000000000009e+01
1.184200000000000053e+01
1.184200000000000053e+01
1.183999999999999986e+01
1.184200000000000053e+01
1.184099999999999930e+01
1.184099999999999930e+01
1.184099999999999930e+01
1.183999999999999986e+01
1.184500000000000064e+01
1.184299999999999997e+01
1.184299999999999997e+01
1.184299999999999997e+01
1.182699999999999996e+01
1.183000000000000007e+01
1.183000000000000007e+01
1.183099999999999952e+01
1.183500000000000085e+01
1.183399999999999963e+01
1.183099999999999952e+01
1.183200000000000074e+01
1.183200000000000074e+01
1.183200000000000074e+01
1.183200000000000074e+01
1.183399999999999963e+01
1.183000000000000007e+01
1.183200000000000074e+01
1.183000000000000007e+01
1.183099999999999952e+01
1.182799999999999940e+01
1.183099999999999952e+01
1.183500000000000085e+01
1.183099999999999952e+01
1.183200000000000074e+01
1.183099999999999952e+01
1.183099999999999952e+01
1.183600000000000030e+01
1.183000000000000007e+01
1.183200000000000074e+01
1.183200000000000074e+01
1.182799999999999940e+01
1.183099999999999952e+01
1.183200000000000074e+01
1.183000000000000007e+01
1.183099999999999952e+01
1.183099999999999952e+01
1.183500000000000085e+01
1.183200000000000074e+01
1.183000000000000007e+01
1.183200000000000074e+01
1.183399999999999963e+01
1.183200000000000074e+01
1.182799999999999940e+01
1.183399999999999963e+01
1.183399999999999963e+01
1.182799999999999940e+01
1.183399999999999963e+01
1.183399999999999963e+01
1.183099999999999952e+01
1.183200000000000074e+01
1.183200000000000074e+01
1.183200000000000074e+01
1.183200000000000074e+01
1.183500000000000085e+01
1.183500000000000085e+01
1.183399999999999963e+01
1.183200000000000074e+01
1.183200000000000074e+01
1.183600000000000030e+01
1.183200000000000074e+01
1.183399999999999963e+01
1.183399999999999963e+01
1.183099999999999952e+01
1.183200000000000074e+01
1.183500000000000085e+01
1.183799999999999919e+01
1.179700000000000060e+01
1.179899999999999949e+01
1.179899999999999949e+01
