1.164799999999999969e+01
1.164300000000000068e+01
1.164300000000000068e+01
1.164300000000000068e+01
1.164499999999999957e+01
1.164199999999999946e+01
1.164499999999999957e+01
1.163299999999999912e+01
1.163599999999999923e+01
1.163299999999999912e+01
1.163599999999999923e+01
1.163599999999999923e+01
1.163400000000000034e+01
1.163400000000000034e+01
1.163400000000000034e+01
1.164000000000000057e+01
1.163700000000000045e+01
1.163799999999999990e+01
1.164000000000000057e+01
1.164000000000000057e+01
1.163700000000000045e+01
1.164100000000000001e+01
1.164000000000000057e+01
1.163700000000000045e+01
1.164100000000000001e+01
1.163700000000000045e+01
1.164000000000000057e+01
1.164000000000000057e+01
1.164000000000000057e+01
1.163799999999999990e+01
1.164100000000000001e+01
1.164199999999999946e+01
1.164000000000000057e+01
1.163799999999999990e+01
1.164400000000000013e+01
1.164000000000000057e+01
1.164100000000000001e+01
1.164199999999999946e+01
1.164499999999999957e+01
1.164199999999999946e+01
1.164000000000000057e+01
