2.059654896004725066e-01
2.009005596936413729e-01
1.959005237761372586e-01
2.042368278109722990e-01
1.918144946536113615e-01
1.958249269156338845e-01
1.974941601189212081e-01
1.952591734579903204e-01
1.845289013809116585e-01
1.928207717880738858e-01
1.852268935602268962e-01
1.882362666887116009e-01
1.821079473013174632e-01
1.793635486981677851e-01
1.867826807540915734e-01
1.762020318348208880e-01
1.789811840293712708e-01
1.786055793456117757e-01
1.797450246139605246e-01
1.683272375667381471e-01
1.752814631900556641e-01
1.720091229525191889e-01
1.686977498648255247e-01
1.716152267682901356e-01
1.628579814667281689e-01
1.760020445542445910e-01
1.592258814734831274e-01
1.649787788376686215e-01
1.666597398279373310e-01
1.676492883011875823e-01
1.605026778560283418e-01
1.547306586676665541e-01
1.578794299721633654e-01
1.608650447078394663e-01
1.590870452227133580e-01
1.548544301138511936e-01
1.552093394364422729e-01
1.468764499936727475e-01
1.388091374360254648e-01
1.404899439220811952e-01
1.328218454811698201e-01
1.360261360261360297e-01
1.254167194159598320e-01
1.204677872322588716e-01
1.249947463539696491e-01
1.372982441506443718e-01
1.566016267015044872e-01
1.601809575671260533e-01
1.679861871473090074e-01
1.776335202124520452e-01
1.752736049269693341e-01
1.929906344026783016e-01
1.875185357793500707e-01
1.929039822816693561e-01
1.872608787050662194e-01
1.767212843429327995e-01
1.796779753646950140e-01
1.795357052737824866e-01
1.840366895274961057e-01
1.785475513956209237e-01
1.818866976510488676e-01
1.816874603510255926e-01
1.893898091843153608e-01
1.911957118136158318e-01
1.891948618923683934e-01
1.853863971362391949e-01
1.936383221391458631e-01
1.925427110612295822e-01
1.843840564492418843e-01
1.850390430304037215e-01
1.884671838959949552e-01
1.941617456129329511e-01
1.882600462865558488e-01
1.923158745692039318e-01
1.942266118434996525e-01
1.856613822660508339e-01
1.913734105023023879e-01
1.833847193478903570e-01
1.896500905301275741e-01
1.909803091255558027e-01
1.878918827317403728e-01
1.918587624984311457e-01
1.923700961018429967e-01
1.866778735028367386e-01
1.838343804022431194e-01
1.900899386399932667e-01
1.971819066559472033e-01
1.933855303127540448e-01
1.913115776345873931e-01
1.894870170994300274e-01
1.968798620747655714e-01
1.914691158826693218e-01
1.923810330946226499e-01
1.990816238949446315e-01
1.849423751461500010e-01
1.963391542183883787e-01
1.936656941096875084e-01
1.947534792068640053e-01
2.027634286674226127e-01
1.933372248165443619e-01
1.946339625800510564e-01
1.886208770536348944e-01
1.856703592940482650e-01
1.932088710687883681e-01
1.898157817786874924e-01
1.878775167785234901e-01
1.840920672668591718e-01
1.866995898551937760e-01
1.799721953069048364e-01
1.746794202414268526e-01
1.705825283671489334e-01
1.718325176726481773e-01
1.667849835052407359e-01
1.702037888696679435e-01
1.642085801924450528e-01
1.538914350586553514e-01
1.617504733852303811e-01
1.563662195478667805e-01
1.516704069102765007e-01
1.523737564538471256e-01
1.487301986421926125e-01
1.557559236737261488e-01
1.522753056851128273e-01
1.574304646942134844e-01
1.639853824505397573e-01
1.728162811578092262e-01
1.679544015199493368e-01
1.735334469712717653e-01
1.789991176099836045e-01
1.816151057911152278e-01
1.814040173949057755e-01
1.892760275401627335e-01
1.887483497295685819e-01
1.823345166005429230e-01
1.923761433715491798e-01
1.998901702361339794e-01
1.944924724834478924e-01
1.908374425759682969e-01
1.886997616159926394e-01
1.966323111506977084e-01
1.895628347241250511e-01
1.904185114025561676e-01
1.958732057416267824e-01
1.945489118952038743e-01
2.002483833668793622e-01
1.945840902369988523e-01
2.063283632666892686e-01
2.042341220423412318e-01
2.040868563627831478e-01
2.060875893659831204e-01
1.991084695393759152e-01
1.973480570544192125e-01
2.065189384179335341e-01
1.999746171418901874e-01
1.975536967760918028e-01
1.925160640040317617e-01
1.985171216731667632e-01
1.965786694825765457e-01
2.023049569427188277e-01
1.991364199905946708e-01
1.984661666878522190e-01
