7.200000000000000000e+02
6.660000000000000000e+02
3.400000000000000000e+01
5.100000000000000000e+02
6.660000000000000000e+02
6.340000000000000000e+02
6.200000000000000000e+01
4.990000000000000000e+02
6.000000000000000000e+02
6.280000000000000000e+02
1.620000000000000000e+02
3.420000000000000000e+02
3.760000000000000000e+02
5.040000000000000000e+02
3.360000000000000000e+02
4.200000000000000000e+01
4.660000000000000000e+02
3.320000000000000000e+02
3.040000000000000000e+02
2.880000000000000000e+02
1.240000000000000000e+02
2.540000000000000000e+02
3.320000000000000000e+02
2.460000000000000000e+02
2.080000000000000000e+02
1.940000000000000000e+02
2.440000000000000000e+02
1.600000000000000000e+02
1.700000000000000000e+02
1.700000000000000000e+02
2.000000000000000000e+02
1.400000000000000000e+02
1.600000000000000000e+02
1.620000000000000000e+02
1.860000000000000000e+02
1.840000000000000000e+02
1.740000000000000000e+02
1.400000000000000000e+02
1.420000000000000000e+02
1.680000000000000000e+02
1.280000000000000000e+02
