1.247344872779861634e-02
1.703024184699117663e-02
1.412765957446808496e-02
1.456959351696193727e-02
1.303434378081721849e-02
1.584007454152725272e-02
1.532337456662243719e-02
1.449459631277813174e-02
1.534965484714659323e-02
1.567959096719215989e-02
1.718168996025131595e-02
1.495406964323862421e-02
1.711512261580381417e-02
1.684962981873883159e-02
1.795585851448522341e-02
2.043509727957767627e-02
2.307792039413976426e-02
2.188759278897136826e-02
2.563551120478300277e-02
2.651045452601872784e-02
2.701419755750226678e-02
2.907695587294819792e-02
3.013745411081704059e-02
3.173929647388297470e-02
3.535244664798448122e-02
4.273022751895991234e-02
4.105696229376086526e-02
4.791138968788906383e-02
5.107836856715780582e-02
5.754704623848404255e-02
5.575809564657945722e-02
5.540729444656246339e-02
6.373786200111219991e-02
6.514271173501845480e-02
7.301195592052078798e-02
7.236590648490252853e-02
8.367458943724405407e-02
8.981181051265411941e-02
9.278044225627095354e-02
1.058615788793660362e-01
1.111733528676692312e-01
5.835566330653736700e-02
3.592085235920852021e-02
2.954747491851162158e-02
2.480606938879890977e-02
2.527152093986392151e-02
2.352018816150529268e-02
2.179836512261580303e-02
1.975185692352379729e-02
2.166666666666666741e-02
1.799957346982299089e-02
1.813074565883554534e-02
1.754757767134319454e-02
1.943651165764460204e-02
1.997307976205983313e-02
1.838471076146906691e-02
1.902466319459389724e-02
1.875079184087165979e-02
2.095409850143844718e-02
1.660109809346764151e-02
2.033350348817423991e-02
1.938149599591071706e-02
1.846024753513740221e-02
1.816118047673098701e-02
1.846390562892678486e-02
2.015028756139540869e-02
1.642445610112649307e-02
1.838845613587026043e-02
1.726824748346881058e-02
1.923997736473251341e-02
1.960868262191206232e-02
2.035666937518710098e-02
1.853802401516747508e-02
1.972978769032811622e-02
1.667730270155286243e-02
1.818880491866273902e-02
1.627212532998658506e-02
1.650572169991917221e-02
1.806120265354162202e-02
1.892611212031599863e-02
1.625331592909175227e-02
2.036074853208296245e-02
1.627028597517951244e-02
1.843629751786544924e-02
1.651977689785838824e-02
1.539691220394598381e-02
1.668724192243838111e-02
1.509144391865967563e-02
1.549723875165888963e-02
1.452499895050585535e-02
1.305113124114540800e-02
1.435365326415910005e-02
1.668713735123459468e-02
1.497093631079329280e-02
1.516236364402139512e-02
1.897724410110000759e-02
1.765967287558339871e-02
1.738040526425736407e-02
2.092776954035161993e-02
2.437470805554375897e-02
2.248425679388022652e-02
2.537648722855478933e-02
2.757502027575020262e-02
2.875005316208055148e-02
3.058181054400336066e-02
3.275913150209506380e-02
3.271674845853781571e-02
3.763282792221429168e-02
3.751962989686346422e-02
3.732190139957130420e-02
3.881503013722053391e-02
3.851467325323397473e-02
3.766921718658033935e-02
3.955341578816302939e-02
4.375393659458324397e-02
3.934004713949003362e-02
4.144945963127781574e-02
4.162562631150699965e-02
4.413996444521527812e-02
3.639507240112383607e-02
3.368330833511892081e-02
3.012175978957193009e-02
2.822409249341154350e-02
2.370894042589878278e-02
2.325380359612724823e-02
1.977632885703182325e-02
1.933571090963777730e-02
1.609344581440623131e-02
1.757619925408325165e-02
1.643835616438356004e-02
1.494247994226769079e-02
1.591351351351351362e-02
1.397772036087932546e-02
1.526390258543069110e-02
1.385503527902501655e-02
1.510275882781996794e-02
1.506737268070084887e-02
1.542239262482229811e-02
1.562296575966671056e-02
1.453053549296978546e-02
1.479403137354929135e-02
1.453951047446982482e-02
1.388948798688694267e-02
1.509114031369224174e-02
1.450689289501590727e-02
1.662861327704303477e-02
1.421249838494336587e-02
1.511511074221309758e-02
1.433843804352437183e-02
1.384053298946916026e-02
1.581534515922205716e-02
1.345234569990270274e-02
1.412705842304582717e-02
