4.480000000000000000e+03
4.694000000000000000e+03
4.578000000000000000e+03
4.694000000000000000e+03
4.560000000000000000e+03
4.596000000000000000e+03
4.508000000000000000e+03
4.604000000000000000e+03
4.588000000000000000e+03
4.580000000000000000e+03
4.624000000000000000e+03
4.402000000000000000e+03
4.606000000000000000e+03
4.599000000000000000e+03
4.536000000000000000e+03
4.476000000000000000e+03
4.296000000000000000e+03
4.570000000000000000e+03
4.524000000000000000e+03
4.412000000000000000e+03
4.458000000000000000e+03
4.293000000000000000e+03
4.314000000000000000e+03
4.214000000000000000e+03
4.300000000000000000e+03
4.436000000000000000e+03
4.206000000000000000e+03
4.220000000000000000e+03
4.076000000000000000e+03
4.172000000000000000e+03
3.864000000000000000e+03
4.060000000000000000e+03
3.716000000000000000e+03
3.678000000000000000e+03
3.538000000000000000e+03
3.394000000000000000e+03
3.220000000000000000e+03
2.944000000000000000e+03
2.966000000000000000e+03
2.574000000000000000e+03
2.276000000000000000e+03
2.062000000000000000e+03
1.672000000000000000e+03
2.426000000000000000e+03
3.680000000000000000e+03
3.962000000000000000e+03
4.054000000000000000e+03
4.256000000000000000e+03
4.164000000000000000e+03
4.220000000000000000e+03
4.223000000000000000e+03
4.348000000000000000e+03
4.304000000000000000e+03
4.556000000000000000e+03
4.380000000000000000e+03
4.342000000000000000e+03
4.190000000000000000e+03
4.420000000000000000e+03
4.528000000000000000e+03
4.496000000000000000e+03
4.420000000000000000e+03
4.606000000000000000e+03
4.382000000000000000e+03
4.446000000000000000e+03
4.424000000000000000e+03
4.318000000000000000e+03
4.504000000000000000e+03
4.470000000000000000e+03
4.406000000000000000e+03
4.194000000000000000e+03
4.308000000000000000e+03
4.294000000000000000e+03
4.390000000000000000e+03
4.322000000000000000e+03
4.542000000000000000e+03
4.364000000000000000e+03
4.488000000000000000e+03
4.474000000000000000e+03
4.474000000000000000e+03
4.378000000000000000e+03
4.602000000000000000e+03
4.472000000000000000e+03
4.422000000000000000e+03
4.534000000000000000e+03
4.504000000000000000e+03
4.680000000000000000e+03
4.486000000000000000e+03
4.344000000000000000e+03
4.542000000000000000e+03
4.536000000000000000e+03
4.392000000000000000e+03
4.554000000000000000e+03
4.554000000000000000e+03
4.328000000000000000e+03
4.472000000000000000e+03
4.456000000000000000e+03
4.458000000000000000e+03
4.342000000000000000e+03
4.408000000000000000e+03
4.372000000000000000e+03
4.334000000000000000e+03
4.278000000000000000e+03
4.430000000000000000e+03
4.294000000000000000e+03
4.416000000000000000e+03
4.242000000000000000e+03
4.292000000000000000e+03
4.106000000000000000e+03
4.258000000000000000e+03
4.158000000000000000e+03
4.150000000000000000e+03
4.042000000000000000e+03
4.260000000000000000e+03
4.108000000000000000e+03
3.986000000000000000e+03
3.871000000000000000e+03
3.736000000000000000e+03
4.002000000000000000e+03
3.762000000000000000e+03
3.872000000000000000e+03
3.872000000000000000e+03
3.774000000000000000e+03
3.696000000000000000e+03
3.796000000000000000e+03
3.888000000000000000e+03
4.034000000000000000e+03
4.001000000000000000e+03
4.106000000000000000e+03
4.196000000000000000e+03
4.200000000000000000e+03
4.358000000000000000e+03
4.316000000000000000e+03
4.444000000000000000e+03
4.465000000000000000e+03
4.613000000000000000e+03
4.360000000000000000e+03
4.442000000000000000e+03
4.372000000000000000e+03
4.488000000000000000e+03
4.236000000000000000e+03
4.489000000000000000e+03
4.400000000000000000e+03
4.370000000000000000e+03
4.474000000000000000e+03
4.442000000000000000e+03
4.495000000000000000e+03
4.352000000000000000e+03
4.228000000000000000e+03
4.470000000000000000e+03
4.378000000000000000e+03
4.344000000000000000e+03
4.296000000000000000e+03
4.404000000000000000e+03
4.366000000000000000e+03
4.520000000000000000e+03
4.348000000000000000e+03
4.274000000000000000e+03
4.636000000000000000e+03
4.471000000000000000e+03
4.415000000000000000e+03
4.712000000000000000e+03
4.538000000000000000e+03
4.562000000000000000e+03
4.471000000000000000e+03
4.501000000000000000e+03
4.432000000000000000e+03
4.528000000000000000e+03
4.470000000000000000e+03
4.412000000000000000e+03
4.464000000000000000e+03
4.554000000000000000e+03
4.558000000000000000e+03
4.344000000000000000e+03
4.438000000000000000e+03
4.460000000000000000e+03
4.548000000000000000e+03
4.538000000000000000e+03
4.275000000000000000e+03
4.336000000000000000e+03
4.491000000000000000e+03
4.204000000000000000e+03
4.100000000000000000e+03
4.357000000000000000e+03
4.200000000000000000e+03
4.236000000000000000e+03
4.220000000000000000e+03
4.256000000000000000e+03
4.082000000000000000e+03
3.812000000000000000e+03
3.898000000000000000e+03
3.872000000000000000e+03
3.776000000000000000e+03
3.818000000000000000e+03
3.512000000000000000e+03
3.408000000000000000e+03
3.450000000000000000e+03
3.452000000000000000e+03
3.508000000000000000e+03
3.547000000000000000e+03
3.550000000000000000e+03
3.646000000000000000e+03
3.534000000000000000e+03
3.410000000000000000e+03
3.296000000000000000e+03
3.264000000000000000e+03
3.172000000000000000e+03
2.978000000000000000e+03
3.212000000000000000e+03
3.374000000000000000e+03
3.612000000000000000e+03
3.722000000000000000e+03
3.764000000000000000e+03
3.732000000000000000e+03
3.942000000000000000e+03
3.980000000000000000e+03
3.882000000000000000e+03
4.032000000000000000e+03
3.974000000000000000e+03
4.228000000000000000e+03
4.202000000000000000e+03
4.266000000000000000e+03
4.323000000000000000e+03
4.288000000000000000e+03
4.176000000000000000e+03
4.136000000000000000e+03
4.434000000000000000e+03
4.284000000000000000e+03
4.371000000000000000e+03
4.258000000000000000e+03
4.384000000000000000e+03
4.314000000000000000e+03
4.478000000000000000e+03
4.186000000000000000e+03
4.265000000000000000e+03
4.411000000000000000e+03
4.350000000000000000e+03
4.411000000000000000e+03
