2.193943298969072142e-01
2.128526645768025194e-01
2.158916865772223248e-01
2.154759740653214573e-01
2.334345750945267528e-01
2.132710165426480453e-01
2.133219366261676631e-01
2.117532190150729354e-01
2.123408661753060922e-01
2.151011291723538832e-01
2.025053467766574911e-01
2.043673012318029114e-01
2.028605333832989854e-01
2.053413188290655611e-01
2.034931724356938698e-01
1.975593467306174522e-01
1.994713429179292008e-01
1.975851393188854388e-01
1.896755713307179680e-01
1.855149333838479464e-01
1.872979073882008461e-01
1.864480198019801971e-01
1.817636112611801524e-01
1.886078344792783690e-01
1.841425782480005102e-01
1.923832456751790043e-01
1.772799999999999931e-01
1.894379528689862369e-01
1.853885407919385053e-01
1.879142300194931725e-01
1.809565380058614503e-01
1.800969016957796875e-01
1.837410805300713490e-01
1.760205721632915332e-01
1.708207855449477841e-01
1.628302957684303331e-01
1.583465818759936528e-01
1.559116500649631865e-01
1.485645325203251987e-01
1.515551366635249642e-01
1.422964301289639244e-01
1.370252959824027894e-01
1.482081645372390066e-01
1.779710521191666117e-01
2.016735858847950313e-01
1.957962507100927951e-01
2.006429652042359957e-01
2.126591807289379688e-01
2.138578904230502564e-01
2.145995480793371768e-01
2.106965013257453279e-01
2.034613237392221274e-01
2.177196537115490826e-01
2.087155963302752271e-01
2.166779327720764481e-01
2.135910453238730189e-01
2.048243001786777817e-01
2.163959104309101100e-01
2.183582183582183645e-01
2.122997023244030668e-01
2.168955524757465170e-01
2.161897175072002020e-01
2.124887959366597023e-01
2.135562854583457626e-01
2.085533569314687030e-01
2.097713480046588530e-01
2.085503209398086588e-01
2.137732298282757071e-01
2.156550463044888677e-01
2.120945510000586676e-01
2.113615870153291165e-01
2.214952715160887486e-01
2.108364904684587038e-01
2.184967522424992314e-01
2.217817024088424294e-01
2.123173663769188091e-01
2.159028498199792589e-01
2.073511074164242074e-01
2.175984560641698318e-01
2.286724179247543731e-01
2.175809324897106656e-01
2.266271831751979215e-01
2.034852386370441246e-01
2.141970565636266977e-01
2.159956800863982729e-01
2.178358253058329808e-01
2.179106287515915896e-01
2.138823100746948536e-01
2.199112922560537142e-01
2.206900598521300272e-01
2.233262647682520419e-01
2.111311009227554991e-01
2.053801449883170538e-01
2.167876121364493425e-01
2.101470675093024543e-01
2.291229542593369584e-01
2.153460919334644896e-01
2.183136252896785423e-01
2.134337727558066611e-01
2.205498573769496817e-01
2.118086967010433530e-01
2.226453263521152026e-01
2.206217297630040097e-01
2.164110710576159224e-01
2.074776197998946803e-01
2.125877425824337918e-01
2.024579944190464942e-01
1.956636700158646269e-01
1.931612978388769220e-01
1.883997867172225726e-01
1.794610167456935357e-01
1.812714259938653927e-01
1.778697001034126035e-01
1.712949079349846970e-01
1.696919529356116507e-01
1.715994020926756292e-01
1.559031877213695461e-01
1.620896740714827255e-01
1.583654857944580829e-01
1.559862638961643788e-01
1.638543264587239423e-01
1.667147722680829003e-01
1.783724169955885896e-01
1.812903608033651359e-01
1.872143477003181955e-01
1.929339838927752737e-01
2.089300267784375276e-01
2.134966515940701637e-01
2.081267384206070825e-01
2.122287509453720522e-01
2.097080670236655675e-01
2.029199568255410924e-01
2.165420506578566162e-01
2.242325201354032904e-01
2.195881957597604905e-01
2.226531725349978896e-01
2.230792407351611939e-01
2.184023076470242020e-01
2.145953328187162334e-01
2.212685909117629857e-01
2.332559385604572322e-01
2.207345757191966629e-01
2.175984560641698318e-01
2.182278786416551042e-01
2.155543432139176707e-01
2.167604382588095846e-01
2.180122413290585814e-01
2.230985242277588598e-01
2.233679036029015130e-01
2.229973685820941243e-01
2.319037334156124619e-01
2.206695424995443189e-01
2.298125341260692789e-01
2.245106895513399592e-01
2.263519791860248986e-01
2.277562565332349465e-01
2.267410473276947891e-01
2.213548069830341691e-01
2.213370917335621135e-01
2.165474375513076200e-01
2.284509108692994173e-01
