7.090766200000000481e+02
7.090749829999999747e+02
7.090751639999999725e+02
7.090752569999999650e+02
7.090753570000000536e+02
7.090754620000000159e+02
7.090755619999999908e+02
7.090756509999999935e+02
7.090757509999999684e+02
7.090758590000000368e+02
7.090759560000000192e+02
7.090760609999999815e+02
7.090761559999999690e+02
7.090762539999999490e+02
7.090763540000000376e+02
7.090747139999999717e+02
7.090764589999999998e+02
7.090766350000000102e+02
7.090772889999999506e+02
7.090764359999999442e+02
7.090769199999999728e+02
7.090773169999999936e+02
7.090768530000000283e+02
7.090788900000000012e+02
7.090746269999999640e+02
7.090773279999999659e+02
7.090777679999999918e+02
7.090770949999999857e+02
7.090783050000000003e+02
7.090779139999999643e+02
7.090794879999999694e+02
7.090781359999999722e+02
7.090774280000000545e+02
7.090783649999999625e+02
7.090799849999999651e+02
7.090785540000000537e+02
7.090798559999999497e+02
7.090787249999999631e+02
7.090792370000000346e+02
7.090765509999999949e+02
7.090790700000000015e+02
7.090800110000000132e+02
7.090792010000000118e+02
7.090793730000000323e+02
7.090793619999999464e+02
7.090794529999999440e+02
7.090795510000000377e+02
7.090796559999999999e+02
7.090797579999999698e+02
7.090798590000000559e+02
7.090799530000000459e+02
7.090800600000000031e+02
7.090801529999999957e+02
7.090802559999999630e+02
7.090803560000000516e+02
7.090804530000000341e+02
7.090805599999999913e+02
7.090806579999999713e+02
7.090807529999999588e+02
7.090808540000000448e+02
7.090809560000000147e+02
