1.175500000000000078e+01
1.174799999999999933e+01
1.174399999999999977e+01
1.174399999999999977e+01
1.174399999999999977e+01
1.173799999999999955e+01
1.173900000000000077e+01
1.173900000000000077e+01
1.173399999999999999e+01
1.173199999999999932e+01
1.173199999999999932e+01
1.173199999999999932e+01
1.172899999999999920e+01
1.173099999999999987e+01
1.172600000000000087e+01
1.172600000000000087e+01
1.172199999999999953e+01
1.172100000000000009e+01
1.172199999999999953e+01
1.172700000000000031e+01
1.172100000000000009e+01
1.172499999999999964e+01
1.172300000000000075e+01
1.172100000000000009e+01
1.171499999999999986e+01
1.172100000000000009e+01
1.172100000000000009e+01
1.171499999999999986e+01
1.171899999999999942e+01
1.171799999999999997e+01
1.171599999999999930e+01
1.171000000000000085e+01
1.171599999999999930e+01
1.171299999999999919e+01
1.171400000000000041e+01
1.171400000000000041e+01
1.171299999999999919e+01
1.171299999999999919e+01
1.171599999999999930e+01
1.171199999999999974e+01
1.171000000000000085e+01
1.171199999999999974e+01
1.171299999999999919e+01
1.171199999999999974e+01
1.171199999999999974e+01
1.171400000000000041e+01
1.171599999999999930e+01
1.171299999999999919e+01
1.171199999999999974e+01
1.171400000000000041e+01
1.171400000000000041e+01
1.171400000000000041e+01
1.171000000000000085e+01
1.171199999999999974e+01
1.171000000000000085e+01
1.171400000000000041e+01
1.170899999999999963e+01
1.171000000000000085e+01
1.171000000000000085e+01
1.171299999999999919e+01
1.171400000000000041e+01
1.171199999999999974e+01
1.171299999999999919e+01
1.171599999999999930e+01
1.171000000000000085e+01
1.171000000000000085e+01
1.171400000000000041e+01
1.171000000000000085e+01
1.171000000000000085e+01
1.171599999999999930e+01
1.171299999999999919e+01
1.171199999999999974e+01
1.171400000000000041e+01
1.170899999999999963e+01
1.170899999999999963e+01
1.170899999999999963e+01
1.171199999999999974e+01
1.171299999999999919e+01
1.170899999999999963e+01
1.170899999999999963e+01
1.171299999999999919e+01
