6.950000000000000000e+02
8.300000000000000000e+02
8.130000000000000000e+02
8.540000000000000000e+02
6.980000000000000000e+02
7.840000000000000000e+02
5.630000000000000000e+02
7.620000000000000000e+02
5.450000000000000000e+02
7.220000000000000000e+02
5.650000000000000000e+02
5.600000000000000000e+02
9.740000000000000000e+02
6.360000000000000000e+02
1.146000000000000000e+03
9.420000000000000000e+02
8.300000000000000000e+02
5.920000000000000000e+02
7.560000000000000000e+02
4.960000000000000000e+02
6.760000000000000000e+02
9.700000000000000000e+02
7.240000000000000000e+02
8.440000000000000000e+02
5.440000000000000000e+02
5.700000000000000000e+02
9.140000000000000000e+02
5.900000000000000000e+02
7.780000000000000000e+02
4.760000000000000000e+02
6.220000000000000000e+02
8.840000000000000000e+02
5.700000000000000000e+02
4.660000000000000000e+02
4.940000000000000000e+02
7.000000000000000000e+02
7.140000000000000000e+02
3.680000000000000000e+02
9.970000000000000000e+02
7.140000000000000000e+02
4.160000000000000000e+02
