1.338474493640030155e-02
1.388346566011540613e-02
1.223634107731142763e-02
1.436204317161786717e-02
1.220709377267488981e-02
1.208712804801275950e-02
1.539711731748000592e-02
1.378312842982941204e-02
1.241385214674029305e-02
1.298035866780529457e-02
1.247794845316466637e-02
1.259000560513948153e-02
1.443272556471241266e-02
1.405854871201405940e-02
1.586132177681473521e-02
1.533256242237354856e-02
1.341584801142510844e-02
1.613522858240491742e-02
2.005949851253718830e-02
2.277884821237422322e-02
2.338682144076476704e-02
3.023925089128473923e-02
3.463313434099665744e-02
3.731793501680599756e-02
4.159852392334465604e-02
5.163585871734791000e-02
5.960120424102273440e-02
5.170657157412124338e-02
5.692864304084390564e-02
5.876008455929936786e-02
5.812486404176636645e-02
6.471268457569827326e-02
6.448188934589359211e-02
5.826612014632641390e-02
6.105956300508829510e-02
6.379488950276243631e-02
7.599036988400087456e-02
6.613859671904082083e-02
6.096463022508038371e-02
5.170255923352466698e-02
4.815776731082449524e-02
4.232758989268459865e-02
3.812431842966194223e-02
3.648512022506483765e-02
3.593181718592524526e-02
3.105779716466739240e-02
3.247855805651094635e-02
3.047369569962890198e-02
2.654791470411920970e-02
2.337113535423224545e-02
2.598983006649572061e-02
2.277708539258240655e-02
2.291424387302407745e-02
2.143697442377238624e-02
1.914040608699400792e-02
2.045094767466735033e-02
1.637013742299573554e-02
1.530501326144615044e-02
1.336245663625851288e-02
1.428633651291432577e-02
1.565676225076769942e-02
1.354943829860217816e-02
1.248536870854467448e-02
1.337651958103731192e-02
1.496301996494378214e-02
1.351522574650504752e-02
1.324838614404455495e-02
1.422511675735892676e-02
1.300785539319199331e-02
1.250803169843649545e-02
1.182637869574334165e-02
1.531626824624497500e-02
1.546023610469268554e-02
1.457288586001457241e-02
1.279498368851417212e-02
1.096612402771284141e-02
1.268304893821185775e-02
1.333162415074990413e-02
1.090349161429938867e-02
1.213312257017131607e-02
1.243391837597800781e-02
