3.208249785161845086e-02
2.728592162554426687e-02
3.267776096822995469e-02
2.661491544219573083e-02
3.249299719887955434e-02
2.807218562016614016e-02
2.977383338104781091e-02
4.032500752332229821e-02
3.587998762759047472e-02
3.185635679119606239e-02
3.116571771051843132e-02
3.402412619857717035e-02
3.533992213237496099e-02
4.027281584930172270e-02
3.458213256484150150e-02
3.901862252438664108e-02
3.387096774193548709e-02
3.299856527977044346e-02
4.604316546762590029e-02
4.094741067844239607e-02
3.657933761739989853e-02
4.627249357326478074e-02
3.053435114503816675e-02
3.426510369702434611e-02
3.627569528415961614e-02
3.770949720670391248e-02
4.559270516717325167e-02
5.444646098003629725e-02
4.368932038834951598e-02
5.057471264367816022e-02
4.157043879907620920e-02
8.333333333333332871e-02
6.006006006006005954e-02
3.267973856209150513e-02
4.095563139931740482e-02
1.345291479820627800e-01
5.063291139240506250e-02
7.655502392344497309e-02
5.025125628140703765e-02
5.095541401273885607e-02
9.356725146198829890e-02
9.160305343511450371e-02
1.238938053097345116e-01
1.258741258741258862e-01
7.299270072992700142e-02
0.000000000000000000e+00
4.195804195804195974e-02
5.128205128205128027e-02
4.651162790697674354e-02
1.467889908256880815e-01
1.196581196581196632e-01
6.185567010309278579e-02
1.386138613861386260e-01
6.722689075630251809e-02
7.633587786259542207e-02
2.020202020202020374e-02
1.121495327102803724e-01
3.669724770642202039e-02
5.434782608695652023e-02
2.272727272727272790e-02
1.126760563380281716e-01
