2.195700000000000000e+04
2.363100000000000000e+04
2.328300000000000000e+04
2.392100000000000000e+04
2.388900000000000000e+04
2.374500000000000000e+04
2.391300000000000000e+04
2.380700000000000000e+04
2.407500000000000000e+04
2.363900000000000000e+04
2.365300000000000000e+04
2.362500000000000000e+04
2.370500000000000000e+04
2.365700000000000000e+04
2.335700000000000000e+04
2.364700000000000000e+04
2.424300000000000000e+04
2.357300000000000000e+04
2.412700000000000000e+04
2.336500000000000000e+04
2.367200000000000000e+04
2.396300000000000000e+04
2.357300000000000000e+04
2.378100000000000000e+04
2.326300000000000000e+04
2.361200000000000000e+04
2.335100000000000000e+04
2.392400000000000000e+04
2.399700000000000000e+04
2.357700000000000000e+04
2.412900000000000000e+04
2.395300000000000000e+04
2.401300000000000000e+04
2.368300000000000000e+04
2.355100000000000000e+04
2.347700000000000000e+04
2.370100000000000000e+04
2.375500000000000000e+04
2.360500000000000000e+04
2.396000000000000000e+04
2.383800000000000000e+04
2.373900000000000000e+04
2.376100000000000000e+04
2.376500000000000000e+04
2.402900000000000000e+04
2.396500000000000000e+04
2.356300000000000000e+04
2.383300000000000000e+04
2.364900000000000000e+04
2.386300000000000000e+04
2.403100000000000000e+04
2.386300000000000000e+04
2.367700000000000000e+04
2.401700000000000000e+04
2.381500000000000000e+04
2.403300000000000000e+04
2.400700000000000000e+04
2.392300000000000000e+04
2.446500000000000000e+04
2.402300000000000000e+04
2.397700000000000000e+04
2.372900000000000000e+04
2.397100000000000000e+04
2.400300000000000000e+04
2.419100000000000000e+04
2.414900000000000000e+04
2.406500000000000000e+04
2.420500000000000000e+04
2.376700000000000000e+04
2.393700000000000000e+04
2.418900000000000000e+04
2.381300000000000000e+04
2.365700000000000000e+04
2.373900000000000000e+04
2.451800000000000000e+04
2.405200000000000000e+04
2.412900000000000000e+04
2.382100000000000000e+04
2.357200000000000000e+04
2.395500000000000000e+04
2.369900000000000000e+04
2.445700000000000000e+04
2.415300000000000000e+04
2.417700000000000000e+04
2.384300000000000000e+04
2.365300000000000000e+04
2.416600000000000000e+04
2.409700000000000000e+04
2.439300000000000000e+04
2.373300000000000000e+04
2.399500000000000000e+04
2.414700000000000000e+04
2.385900000000000000e+04
2.420100000000000000e+04
2.433500000000000000e+04
2.383700000000000000e+04
2.394800000000000000e+04
2.393000000000000000e+04
2.395700000000000000e+04
2.410500000000000000e+04
2.364300000000000000e+04
2.429500000000000000e+04
2.366500000000000000e+04
2.409300000000000000e+04
2.389700000000000000e+04
2.333500000000000000e+04
2.403100000000000000e+04
2.367300000000000000e+04
2.409900000000000000e+04
2.363100000000000000e+04
2.379700000000000000e+04
2.356100000000000000e+04
2.336100000000000000e+04
2.362100000000000000e+04
2.353100000000000000e+04
2.355100000000000000e+04
2.389900000000000000e+04
2.366100000000000000e+04
2.333500000000000000e+04
2.376000000000000000e+04
2.375100000000000000e+04
2.352100000000000000e+04
2.319500000000000000e+04
2.302700000000000000e+04
2.316700000000000000e+04
2.378100000000000000e+04
2.345900000000000000e+04
2.357900000000000000e+04
2.340800000000000000e+04
2.339700000000000000e+04
2.329900000000000000e+04
2.368700000000000000e+04
2.369900000000000000e+04
2.311900000000000000e+04
2.342700000000000000e+04
2.356700000000000000e+04
2.334700000000000000e+04
2.320300000000000000e+04
2.356700000000000000e+04
2.317300000000000000e+04
2.357700000000000000e+04
2.306500000000000000e+04
2.306500000000000000e+04
2.299700000000000000e+04
2.247300000000000000e+04
2.370900000000000000e+04
2.317100000000000000e+04
2.360300000000000000e+04
2.326100000000000000e+04
2.308300000000000000e+04
2.367700000000000000e+04
2.305800000000000000e+04
2.331700000000000000e+04
2.334700000000000000e+04
2.343500000000000000e+04
2.333900000000000000e+04
2.337100000000000000e+04
