1.894900000000000000e+04
2.012700000000000000e+04
2.039100000000000000e+04
2.091300000000000000e+04
2.100700000000000000e+04
2.113100000000000000e+04
2.051500000000000000e+04
2.092500000000000000e+04
2.109300000000000000e+04
2.052900000000000000e+04
2.096100000000000000e+04
2.079700000000000000e+04
2.057100000000000000e+04
2.099500000000000000e+04
2.098100000000000000e+04
2.092700000000000000e+04
2.088300000000000000e+04
2.059900000000000000e+04
2.037300000000000000e+04
2.070300000000000000e+04
2.074200000000000000e+04
2.034100000000000000e+04
2.092200000000000000e+04
2.080900000000000000e+04
2.123500000000000000e+04
2.110300000000000000e+04
2.090700000000000000e+04
2.122900000000000000e+04
2.114500000000000000e+04
2.093700000000000000e+04
2.137900000000000000e+04
2.091700000000000000e+04
2.097500000000000000e+04
2.173900000000000000e+04
2.146100000000000000e+04
2.103900000000000000e+04
2.144200000000000000e+04
2.138500000000000000e+04
2.103100000000000000e+04
2.090000000000000000e+04
2.110700000000000000e+04
2.110300000000000000e+04
2.134300000000000000e+04
2.147700000000000000e+04
2.149100000000000000e+04
2.163900000000000000e+04
2.103100000000000000e+04
2.169700000000000000e+04
2.128100000000000000e+04
2.124100000000000000e+04
2.151500000000000000e+04
2.175900000000000000e+04
2.123500000000000000e+04
2.137100000000000000e+04
2.142100000000000000e+04
2.113200000000000000e+04
2.199300000000000000e+04
2.192700000000000000e+04
2.115900000000000000e+04
2.137300000000000000e+04
2.137300000000000000e+04
2.125700000000000000e+04
2.143100000000000000e+04
2.112100000000000000e+04
2.110100000000000000e+04
2.145900000000000000e+04
2.101600000000000000e+04
2.132000000000000000e+04
2.105100000000000000e+04
2.150100000000000000e+04
2.129600000000000000e+04
2.105100000000000000e+04
2.142900000000000000e+04
2.175300000000000000e+04
2.164700000000000000e+04
2.129200000000000000e+04
2.135700000000000000e+04
2.126900000000000000e+04
2.126700000000000000e+04
2.101900000000000000e+04
2.094300000000000000e+04
