2.701000000000000000e+03
2.873000000000000000e+03
2.133000000000000000e+03
2.308000000000000000e+03
2.253000000000000000e+03
2.265000000000000000e+03
2.296000000000000000e+03
2.228000000000000000e+03
2.201000000000000000e+03
2.270000000000000000e+03
2.137000000000000000e+03
2.033000000000000000e+03
2.267000000000000000e+03
2.057000000000000000e+03
2.043000000000000000e+03
1.955000000000000000e+03
2.069000000000000000e+03
1.883000000000000000e+03
2.011000000000000000e+03
1.920000000000000000e+03
1.911000000000000000e+03
1.839000000000000000e+03
2.056000000000000000e+03
1.781000000000000000e+03
1.983000000000000000e+03
1.753000000000000000e+03
1.824000000000000000e+03
1.904000000000000000e+03
1.963000000000000000e+03
1.883000000000000000e+03
1.987000000000000000e+03
1.682000000000000000e+03
4.310000000000000000e+02
2.394000000000000000e+03
8.250000000000000000e+02
2.310000000000000000e+02
1.770000000000000000e+02
1.870000000000000000e+02
1.630000000000000000e+02
1.610000000000000000e+02
1.790000000000000000e+02
1.640000000000000000e+02
1.460000000000000000e+02
1.670000000000000000e+02
1.670000000000000000e+02
1.470000000000000000e+02
1.870000000000000000e+02
1.380000000000000000e+02
1.590000000000000000e+02
1.510000000000000000e+02
1.570000000000000000e+02
1.470000000000000000e+02
1.690000000000000000e+02
1.420000000000000000e+02
2.110000000000000000e+02
1.790000000000000000e+02
1.330000000000000000e+02
1.540000000000000000e+02
1.880000000000000000e+02
1.710000000000000000e+02
2.810000000000000000e+02
