3.680000000000000000e+02
3.060000000000000000e+02
4.150000000000000000e+02
4.040000000000000000e+02
4.560000000000000000e+02
4.760000000000000000e+02
4.300000000000000000e+02
4.940000000000000000e+02
5.780000000000000000e+02
6.440000000000000000e+02
6.540000000000000000e+02
6.780000000000000000e+02
6.540000000000000000e+02
8.200000000000000000e+02
8.020000000000000000e+02
9.160000000000000000e+02
9.520000000000000000e+02
1.044000000000000000e+03
1.093000000000000000e+03
1.302000000000000000e+03
1.140000000000000000e+03
1.230000000000000000e+03
1.206000000000000000e+03
1.190000000000000000e+03
1.282000000000000000e+03
1.342000000000000000e+03
1.370000000000000000e+03
1.340000000000000000e+03
1.414000000000000000e+03
1.344000000000000000e+03
1.360000000000000000e+03
1.440000000000000000e+03
1.518000000000000000e+03
1.548000000000000000e+03
1.715000000000000000e+03
1.698000000000000000e+03
1.824000000000000000e+03
2.056000000000000000e+03
2.068000000000000000e+03
2.104000000000000000e+03
2.020000000000000000e+03
1.840000000000000000e+03
1.388000000000000000e+03
9.980000000000000000e+02
7.080000000000000000e+02
5.880000000000000000e+02
5.780000000000000000e+02
5.280000000000000000e+02
5.780000000000000000e+02
5.180000000000000000e+02
4.820000000000000000e+02
4.240000000000000000e+02
5.300000000000000000e+02
4.580000000000000000e+02
4.380000000000000000e+02
5.120000000000000000e+02
4.120000000000000000e+02
4.680000000000000000e+02
5.200000000000000000e+02
4.580000000000000000e+02
4.560000000000000000e+02
4.720000000000000000e+02
5.020000000000000000e+02
4.380000000000000000e+02
4.080000000000000000e+02
4.420000000000000000e+02
4.400000000000000000e+02
3.820000000000000000e+02
4.240000000000000000e+02
3.920000000000000000e+02
4.040000000000000000e+02
3.520000000000000000e+02
3.780000000000000000e+02
4.080000000000000000e+02
3.560000000000000000e+02
3.440000000000000000e+02
3.400000000000000000e+02
3.840000000000000000e+02
3.320000000000000000e+02
3.700000000000000000e+02
2.940000000000000000e+02
3.420000000000000000e+02
3.220000000000000000e+02
2.700000000000000000e+02
3.180000000000000000e+02
3.100000000000000000e+02
3.280000000000000000e+02
3.000000000000000000e+02
3.460000000000000000e+02
3.440000000000000000e+02
2.800000000000000000e+02
3.300000000000000000e+02
3.140000000000000000e+02
3.040000000000000000e+02
3.380000000000000000e+02
3.200000000000000000e+02
2.720000000000000000e+02
2.880000000000000000e+02
3.260000000000000000e+02
3.200000000000000000e+02
3.560000000000000000e+02
3.820000000000000000e+02
3.160000000000000000e+02
3.960000000000000000e+02
4.420000000000000000e+02
4.220000000000000000e+02
5.220000000000000000e+02
5.880000000000000000e+02
6.860000000000000000e+02
7.720000000000000000e+02
7.460000000000000000e+02
9.860000000000000000e+02
1.032000000000000000e+03
1.074000000000000000e+03
1.104000000000000000e+03
1.026000000000000000e+03
1.123000000000000000e+03
1.454000000000000000e+03
1.438000000000000000e+03
1.464000000000000000e+03
1.432000000000000000e+03
1.260000000000000000e+03
1.206000000000000000e+03
1.044000000000000000e+03
7.860000000000000000e+02
6.380000000000000000e+02
5.420000000000000000e+02
4.540000000000000000e+02
4.400000000000000000e+02
3.860000000000000000e+02
3.940000000000000000e+02
4.380000000000000000e+02
3.700000000000000000e+02
3.680000000000000000e+02
3.460000000000000000e+02
2.500000000000000000e+02
2.380000000000000000e+02
2.700000000000000000e+02
2.700000000000000000e+02
2.580000000000000000e+02
2.600000000000000000e+02
2.200000000000000000e+02
2.160000000000000000e+02
2.860000000000000000e+02
2.540000000000000000e+02
2.860000000000000000e+02
2.740000000000000000e+02
2.660000000000000000e+02
2.620000000000000000e+02
2.340000000000000000e+02
2.820000000000000000e+02
2.700000000000000000e+02
2.580000000000000000e+02
2.980000000000000000e+02
2.300000000000000000e+02
2.880000000000000000e+02
2.920000000000000000e+02
2.420000000000000000e+02
3.040000000000000000e+02
3.000000000000000000e+02
2.440000000000000000e+02
