1.972079094552340595e-01
1.986533430544238088e-01
1.963076664283611716e-01
1.965750830984137609e-01
1.914974619289340207e-01
1.964444821587678636e-01
1.913572315730866502e-01
1.930673979176485699e-01
1.901047187009793638e-01
1.928789770525681235e-01
1.889278324395084752e-01
1.918492060076602002e-01
1.928660129319573480e-01
1.810007493131296219e-01
1.872998249135243709e-01
1.903085969354907925e-01
1.845118991868534286e-01
1.848286484405082808e-01
1.773490713711553812e-01
1.817401382152208367e-01
1.821366024518388804e-01
1.884684530434038163e-01
1.843995749202975432e-01
1.843947413351545161e-01
1.806188024003064219e-01
1.763483717774762538e-01
1.703294385624499196e-01
1.700718310464966188e-01
1.663750053352682501e-01
1.643198553158506658e-01
1.526560964143766908e-01
1.596605913675916699e-01
1.584602770465628196e-01
1.558019090014124974e-01
1.601073732519374682e-01
1.627637176126842389e-01
1.489406600827213600e-01
1.540366306621696602e-01
1.572888371491398263e-01
1.468265824405651232e-01
1.372018052869116711e-01
1.247971992144138037e-01
1.294276152809770153e-01
1.474356246009789206e-01
1.717030048025840472e-01
1.830528491290227266e-01
1.844067225474916860e-01
1.841199711117719462e-01
1.999913348641740030e-01
1.963899229503938970e-01
1.977202423831518341e-01
1.873967029707166165e-01
1.992087799897906963e-01
1.944689986109357227e-01
1.872275593550298267e-01
1.940216239135043597e-01
1.902097902097902027e-01
1.915084658799384165e-01
1.989771799389745965e-01
1.882953819961694086e-01
1.902560006725797503e-01
1.933244783409743262e-01
1.976333817728876951e-01
1.939759547984196419e-01
1.957441407902529851e-01
1.867015221149386506e-01
1.881192293098359891e-01
1.968599033816425259e-01
1.951115834218916101e-01
1.894000084327697453e-01
1.942664274117747725e-01
1.949271359986404495e-01
1.885434537009916811e-01
1.975682575396996987e-01
1.961963657927061622e-01
1.919842929702505474e-01
1.997189456202359270e-01
1.868389628113271972e-01
2.042903575297941587e-01
1.897591614325527254e-01
1.907157167824715394e-01
