1.180700000000000038e+01
1.180300000000000082e+01
1.180199999999999960e+01
1.180000000000000071e+01
1.179700000000000060e+01
1.179800000000000004e+01
1.180100000000000016e+01
1.180000000000000071e+01
1.179800000000000004e+01
1.180199999999999960e+01
1.180100000000000016e+01
1.178700000000000081e+01
1.179199999999999982e+01
1.179100000000000037e+01
1.179199999999999982e+01
1.179499999999999993e+01
1.179100000000000037e+01
1.179100000000000037e+01
1.178999999999999915e+01
1.179199999999999982e+01
1.178999999999999915e+01
1.179100000000000037e+01
1.178999999999999915e+01
1.179100000000000037e+01
1.179199999999999982e+01
1.179299999999999926e+01
1.179100000000000037e+01
1.179100000000000037e+01
1.178999999999999915e+01
1.179499999999999993e+01
1.179299999999999926e+01
1.179199999999999982e+01
1.179199999999999982e+01
1.179100000000000037e+01
1.179100000000000037e+01
1.178999999999999915e+01
1.178999999999999915e+01
1.178800000000000026e+01
1.179100000000000037e+01
1.178700000000000081e+01
1.179299999999999926e+01
1.179100000000000037e+01
1.178800000000000026e+01
1.179199999999999982e+01
1.178999999999999915e+01
1.178999999999999915e+01
1.179199999999999982e+01
1.179100000000000037e+01
1.178999999999999915e+01
1.179100000000000037e+01
1.178999999999999915e+01
1.179199999999999982e+01
1.178800000000000026e+01
1.179100000000000037e+01
1.179100000000000037e+01
1.178800000000000026e+01
1.178999999999999915e+01
1.178999999999999915e+01
1.179100000000000037e+01
1.178800000000000026e+01
1.178999999999999915e+01
1.178999999999999915e+01
1.179199999999999982e+01
1.179199999999999982e+01
1.178999999999999915e+01
1.179199999999999982e+01
1.178999999999999915e+01
1.178599999999999959e+01
1.179199999999999982e+01
1.179100000000000037e+01
1.179199999999999982e+01
1.179199999999999982e+01
1.178999999999999915e+01
1.178700000000000081e+01
1.178700000000000081e+01
1.178700000000000081e+01
1.178700000000000081e+01
1.178599999999999959e+01
1.178700000000000081e+01
1.179100000000000037e+01
1.179100000000000037e+01
