3.583538055419921875e+00
3.667216300964355469e+00
3.641864538192749023e+00
3.619462966918945312e+00
3.639904737472534180e+00
3.679339170455932617e+00
3.587610721588134766e+00
3.656394004821777344e+00
3.595619201660156250e+00
3.617316961288452148e+00
3.625391244888305664e+00
3.665920257568359375e+00
3.594495773315429688e+00
3.639618635177612305e+00
3.599132061004638672e+00
3.708585977554321289e+00
3.614269971847534180e+00
3.675597667694091797e+00
3.673956155776977539e+00
3.661432266235351562e+00
3.592193841934204102e+00
3.530249595642089844e+00
3.663875102996826172e+00
3.631112813949584961e+00
3.599715709686279297e+00
3.596334695816040039e+00
3.671317100524902344e+00
3.583701610565185547e+00
3.630889415740966797e+00
3.614507436752319336e+00
3.636852502822875977e+00
3.659385681152343750e+00
3.625494480133056641e+00
3.640808820724487305e+00
3.622150421142578125e+00
3.573880910873413086e+00
3.583421230316162109e+00
3.620682001113891602e+00
3.632075548171997070e+00
3.591377258300781250e+00
3.617460727691650391e+00
3.619366168975830078e+00
3.683222532272338867e+00
3.664364337921142578e+00
3.605107545852661133e+00
3.608745574951171875e+00
3.589323282241821289e+00
3.621757268905639648e+00
3.622081279754638672e+00
3.651838541030883789e+00
3.583356857299804688e+00
3.608356714248657227e+00
3.600152015686035156e+00
3.676837682723999023e+00
3.588779211044311523e+00
3.588521718978881836e+00
3.653446435928344727e+00
3.621275424957275391e+00
3.578077554702758789e+00
3.579316139221191406e+00
3.627918720245361328e+00
