3.920000000000000000e+03
4.144000000000000000e+03
4.168000000000000000e+03
4.384000000000000000e+03
4.332000000000000000e+03
4.256000000000000000e+03
4.178000000000000000e+03
4.348000000000000000e+03
4.480000000000000000e+03
4.258000000000000000e+03
4.146000000000000000e+03
4.124000000000000000e+03
4.274000000000000000e+03
4.096000000000000000e+03
4.100000000000000000e+03
4.040000000000000000e+03
4.032000000000000000e+03
4.070000000000000000e+03
4.046000000000000000e+03
4.030000000000000000e+03
4.133000000000000000e+03
3.906000000000000000e+03
3.913000000000000000e+03
3.806000000000000000e+03
3.844000000000000000e+03
3.898000000000000000e+03
3.662000000000000000e+03
3.672000000000000000e+03
3.572000000000000000e+03
3.428000000000000000e+03
3.562000000000000000e+03
3.458000000000000000e+03
3.576000000000000000e+03
3.454000000000000000e+03
3.558000000000000000e+03
3.554000000000000000e+03
3.561000000000000000e+03
3.608000000000000000e+03
3.320000000000000000e+03
3.127000000000000000e+03
3.042000000000000000e+03
3.070000000000000000e+03
3.464000000000000000e+03
3.958000000000000000e+03
4.270000000000000000e+03
4.078000000000000000e+03
4.360000000000000000e+03
4.182000000000000000e+03
4.274000000000000000e+03
4.182000000000000000e+03
4.278000000000000000e+03
4.520000000000000000e+03
4.304000000000000000e+03
4.356000000000000000e+03
4.386000000000000000e+03
4.265000000000000000e+03
4.460000000000000000e+03
4.480000000000000000e+03
4.198000000000000000e+03
4.428000000000000000e+03
4.208000000000000000e+03
4.304000000000000000e+03
4.262000000000000000e+03
4.250000000000000000e+03
4.136000000000000000e+03
4.362000000000000000e+03
4.303000000000000000e+03
4.261000000000000000e+03
4.360000000000000000e+03
4.168000000000000000e+03
4.301000000000000000e+03
4.454000000000000000e+03
4.392000000000000000e+03
4.324000000000000000e+03
4.270000000000000000e+03
4.447000000000000000e+03
4.356000000000000000e+03
4.180000000000000000e+03
4.094000000000000000e+03
4.298000000000000000e+03
4.394000000000000000e+03
