3.800000000000000000e+02
4.700000000000000000e+02
3.780000000000000000e+02
4.960000000000000000e+02
4.680000000000000000e+02
4.820000000000000000e+02
5.500000000000000000e+02
5.260000000000000000e+02
6.000000000000000000e+02
6.320000000000000000e+02
6.440000000000000000e+02
7.300000000000000000e+02
7.420000000000000000e+02
8.480000000000000000e+02
8.580000000000000000e+02
9.620000000000000000e+02
1.104000000000000000e+03
1.090000000000000000e+03
1.172000000000000000e+03
1.282000000000000000e+03
1.276000000000000000e+03
1.308000000000000000e+03
1.316000000000000000e+03
1.316000000000000000e+03
1.454000000000000000e+03
1.330000000000000000e+03
1.438000000000000000e+03
1.388000000000000000e+03
1.474000000000000000e+03
1.500000000000000000e+03
1.501000000000000000e+03
1.514000000000000000e+03
1.628000000000000000e+03
1.658000000000000000e+03
1.797000000000000000e+03
1.810000000000000000e+03
2.014000000000000000e+03
2.002000000000000000e+03
2.154000000000000000e+03
2.208000000000000000e+03
2.160000000000000000e+03
2.094000000000000000e+03
1.668000000000000000e+03
1.192000000000000000e+03
9.160000000000000000e+02
7.440000000000000000e+02
7.460000000000000000e+02
6.120000000000000000e+02
5.960000000000000000e+02
5.480000000000000000e+02
5.220000000000000000e+02
5.660000000000000000e+02
4.900000000000000000e+02
6.000000000000000000e+02
4.920000000000000000e+02
5.420000000000000000e+02
5.520000000000000000e+02
5.040000000000000000e+02
5.060000000000000000e+02
5.620000000000000000e+02
5.460000000000000000e+02
6.180000000000000000e+02
4.880000000000000000e+02
4.560000000000000000e+02
4.880000000000000000e+02
4.820000000000000000e+02
4.140000000000000000e+02
4.260000000000000000e+02
4.490000000000000000e+02
4.480000000000000000e+02
4.260000000000000000e+02
4.040000000000000000e+02
4.200000000000000000e+02
4.360000000000000000e+02
4.280000000000000000e+02
4.000000000000000000e+02
3.940000000000000000e+02
3.920000000000000000e+02
4.160000000000000000e+02
3.640000000000000000e+02
3.540000000000000000e+02
3.600000000000000000e+02
3.320000000000000000e+02
3.540000000000000000e+02
3.620000000000000000e+02
3.340000000000000000e+02
3.220000000000000000e+02
3.140000000000000000e+02
3.440000000000000000e+02
3.160000000000000000e+02
3.080000000000000000e+02
3.500000000000000000e+02
3.180000000000000000e+02
3.360000000000000000e+02
3.800000000000000000e+02
4.240000000000000000e+02
3.540000000000000000e+02
3.320000000000000000e+02
4.220000000000000000e+02
3.960000000000000000e+02
3.640000000000000000e+02
4.020000000000000000e+02
3.620000000000000000e+02
4.040000000000000000e+02
5.040000000000000000e+02
5.220000000000000000e+02
5.240000000000000000e+02
7.040000000000000000e+02
8.420000000000000000e+02
8.860000000000000000e+02
1.106000000000000000e+03
1.084000000000000000e+03
1.116000000000000000e+03
1.288000000000000000e+03
1.296000000000000000e+03
1.374000000000000000e+03
1.442000000000000000e+03
1.568000000000000000e+03
1.636000000000000000e+03
1.758000000000000000e+03
1.744000000000000000e+03
1.662000000000000000e+03
1.548000000000000000e+03
1.206000000000000000e+03
1.012000000000000000e+03
8.400000000000000000e+02
7.360000000000000000e+02
5.860000000000000000e+02
5.680000000000000000e+02
4.700000000000000000e+02
4.940000000000000000e+02
5.320000000000000000e+02
4.960000000000000000e+02
4.470000000000000000e+02
3.820000000000000000e+02
3.500000000000000000e+02
3.180000000000000000e+02
3.080000000000000000e+02
3.540000000000000000e+02
3.180000000000000000e+02
3.100000000000000000e+02
2.880000000000000000e+02
3.280000000000000000e+02
2.720000000000000000e+02
3.340000000000000000e+02
3.240000000000000000e+02
2.800000000000000000e+02
3.160000000000000000e+02
3.120000000000000000e+02
3.080000000000000000e+02
2.860000000000000000e+02
3.540000000000000000e+02
3.380000000000000000e+02
3.180000000000000000e+02
2.960000000000000000e+02
3.180000000000000000e+02
3.120000000000000000e+02
3.220000000000000000e+02
2.980000000000000000e+02
3.290000000000000000e+02
3.160000000000000000e+02
