1.806300000000000000e+04
1.804500000000000000e+04
7.230000000000000000e+02
1.262100000000000000e+04
1.859700000000000000e+04
1.632300000000000000e+04
7.630000000000000000e+02
1.298000000000000000e+04
1.442500000000000000e+04
1.423500000000000000e+04
2.625000000000000000e+03
8.473000000000000000e+03
9.759000000000000000e+03
1.089200000000000000e+04
7.805000000000000000e+03
7.070000000000000000e+02
1.169300000000000000e+04
7.219000000000000000e+03
7.203000000000000000e+03
6.003000000000000000e+03
2.415000000000000000e+03
5.251000000000000000e+03
7.939000000000000000e+03
4.814000000000000000e+03
4.511000000000000000e+03
3.847000000000000000e+03
3.863000000000000000e+03
3.751000000000000000e+03
3.607000000000000000e+03
3.767000000000000000e+03
3.644000000000000000e+03
3.618000000000000000e+03
3.453000000000000000e+03
3.277000000000000000e+03
3.187000000000000000e+03
2.910000000000000000e+03
2.804000000000000000e+03
2.795000000000000000e+03
2.647000000000000000e+03
2.805000000000000000e+03
2.701000000000000000e+03
