2.420000000000000000e+02
2.760000000000000000e+02
3.020000000000000000e+02
2.360000000000000000e+02
2.660000000000000000e+02
2.720000000000000000e+02
2.740000000000000000e+02
2.760000000000000000e+02
3.020000000000000000e+02
2.800000000000000000e+02
2.780000000000000000e+02
3.220000000000000000e+02
2.920000000000000000e+02
3.300000000000000000e+02
3.620000000000000000e+02
3.620000000000000000e+02
3.420000000000000000e+02
3.900000000000000000e+02
3.880000000000000000e+02
3.920000000000000000e+02
4.820000000000000000e+02
4.640000000000000000e+02
4.300000000000000000e+02
4.980000000000000000e+02
5.220000000000000000e+02
4.840000000000000000e+02
5.680000000000000000e+02
5.500000000000000000e+02
7.180000000000000000e+02
7.120000000000000000e+02
6.460000000000000000e+02
7.000000000000000000e+02
7.580000000000000000e+02
6.960000000000000000e+02
7.180000000000000000e+02
7.640000000000000000e+02
7.220000000000000000e+02
7.360000000000000000e+02
7.920000000000000000e+02
8.940000000000000000e+02
1.244000000000000000e+03
1.330000000000000000e+03
1.044000000000000000e+03
9.600000000000000000e+02
9.180000000000000000e+02
6.960000000000000000e+02
6.090000000000000000e+02
4.480000000000000000e+02
4.220000000000000000e+02
3.300000000000000000e+02
3.380000000000000000e+02
2.960000000000000000e+02
2.720000000000000000e+02
3.480000000000000000e+02
3.220000000000000000e+02
3.240000000000000000e+02
3.600000000000000000e+02
3.200000000000000000e+02
3.020000000000000000e+02
2.780000000000000000e+02
2.780000000000000000e+02
3.120000000000000000e+02
3.440000000000000000e+02
2.780000000000000000e+02
2.700000000000000000e+02
2.360000000000000000e+02
3.040000000000000000e+02
2.540000000000000000e+02
2.940000000000000000e+02
2.560000000000000000e+02
2.140000000000000000e+02
2.340000000000000000e+02
2.740000000000000000e+02
2.740000000000000000e+02
2.760000000000000000e+02
2.700000000000000000e+02
2.300000000000000000e+02
2.400000000000000000e+02
2.480000000000000000e+02
2.800000000000000000e+02
2.500000000000000000e+02
