1.979857528862687399e-01
2.066621346023113648e-01
2.051941974730931151e-01
1.960511033681765491e-01
1.986590514030295573e-01
1.861741951584726662e-01
1.948889419632194864e-01
2.169981916817359802e-01
2.068132399130224730e-01
2.042706457422176491e-01
1.987046632124352397e-01
1.913805697589481269e-01
1.926777124532335628e-01
2.100533557989328892e-01
2.160337552742616074e-01
2.048620595465719674e-01
2.123050259965338082e-01
2.319379844961240444e-01
2.208317997791681975e-01
2.137096774193548432e-01
2.041503084688726932e-01
2.352941176470588203e-01
2.229904926534140019e-01
2.482482482482482600e-01
2.184873949579831942e-01
2.352941176470588203e-01
2.435677530017152648e-01
2.593516209476309231e-01
2.144420131291028542e-01
2.399999999999999911e-01
2.394822006472491771e-01
2.433234421364985078e-01
2.662116040955631591e-01
1.898305084745762761e-01
3.351955307262569628e-01
2.500000000000000000e-01
2.645502645502645356e-01
2.204301075268817189e-01
1.088435374149659823e-01
1.754385964912280604e-01
2.929936305732483981e-01
2.764227642276422814e-01
2.321428571428571508e-01
2.500000000000000000e-01
1.029411764705882304e-01
2.342342342342342287e-01
1.788617886178861804e-01
2.823529411764705843e-01
3.361344537815125905e-02
1.818181818181818232e-01
3.181818181818181768e-01
2.947368421052631304e-01
3.106796116504854099e-01
1.851851851851851749e-01
1.120000000000000023e-01
2.999999999999999889e-01
1.754385964912280604e-01
3.285714285714285698e-01
2.531645569620253333e-01
2.200000000000000011e-01
2.028985507246376940e-01
