1.983286908077994404e-01
2.017375698494921765e-01
1.988222213070872657e-01
1.923218748719629501e-01
1.968805416733838409e-01
1.882085246434521131e-01
1.993300525205740081e-01
1.951060624567403645e-01
1.970139431579813194e-01
2.058811500552124585e-01
1.955415058707611342e-01
1.905029954565558292e-01
1.967280669221576628e-01
2.042729724123625856e-01
1.915076923076922955e-01
2.006937359722505698e-01
1.977223062699613454e-01
1.925243636662691826e-01
1.952549303573710426e-01
1.949235137082079850e-01
1.928644851807435334e-01
1.854192289749353184e-01
1.847490766891158043e-01
1.766864953803315985e-01
1.690437123985022438e-01
1.651009564293305087e-01
1.659247954555089222e-01
1.612875971612031112e-01
1.709900098615100839e-01
1.593353295938594039e-01
1.617678609740399176e-01
1.535782544064557276e-01
1.549301863139238289e-01
1.541254268055495535e-01
1.541302317684014045e-01
1.556467285683437729e-01
1.456782687260680664e-01
1.426905635931764171e-01
1.556252955590903264e-01
1.624637743847052174e-01
1.653022807862364885e-01
1.625016019479687268e-01
1.615315584804068172e-01
1.754806662955508967e-01
1.733260659930401237e-01
1.773211896231708939e-01
1.817791700639402597e-01
1.860708218999085339e-01
1.866468972133792648e-01
1.794410564647040685e-01
1.840312870765039299e-01
1.840823889343732589e-01
1.901090717946471720e-01
1.983492502484767162e-01
1.876712924696567752e-01
1.985430406483038035e-01
2.013516459559624994e-01
1.939941766981009008e-01
1.902324589464704507e-01
1.952425084955205503e-01
1.913883930515042076e-01
1.979189154181598409e-01
1.972374479280859516e-01
1.990476599030500671e-01
1.945201921828333957e-01
1.964332432196738421e-01
1.989384197125965426e-01
1.958983777165595463e-01
1.988486343764878927e-01
2.106584700636391083e-01
2.022683500962978720e-01
1.959134093965554657e-01
2.042949862786949400e-01
2.032424914156561180e-01
2.025540188237373584e-01
2.018268432323762074e-01
2.025299947835159098e-01
2.007025456437833422e-01
2.057778728867964979e-01
2.008653467942834725e-01
2.012387923939879530e-01
