1.165300000000000047e+01
1.164300000000000068e+01
1.163599999999999923e+01
1.163299999999999912e+01
1.163199999999999967e+01
1.163199999999999967e+01
1.163199999999999967e+01
1.163199999999999967e+01
1.163400000000000034e+01
1.163199999999999967e+01
1.163400000000000034e+01
1.163199999999999967e+01
1.163000000000000078e+01
1.163000000000000078e+01
1.164300000000000068e+01
1.164100000000000001e+01
1.164300000000000068e+01
1.164300000000000068e+01
1.164700000000000024e+01
1.164400000000000013e+01
1.164400000000000013e+01
1.164100000000000001e+01
1.164700000000000024e+01
1.164300000000000068e+01
1.164300000000000068e+01
1.164100000000000001e+01
1.164100000000000001e+01
1.164400000000000013e+01
1.164100000000000001e+01
1.164400000000000013e+01
1.164300000000000068e+01
1.164400000000000013e+01
1.163899999999999935e+01
1.164400000000000013e+01
1.164100000000000001e+01
1.164400000000000013e+01
1.163799999999999990e+01
1.164300000000000068e+01
1.164100000000000001e+01
1.164400000000000013e+01
1.164499999999999957e+01
1.164000000000000057e+01
1.164400000000000013e+01
1.164300000000000068e+01
1.164100000000000001e+01
1.164400000000000013e+01
1.164100000000000001e+01
1.164499999999999957e+01
1.164000000000000057e+01
1.164100000000000001e+01
1.164000000000000057e+01
1.164400000000000013e+01
1.164400000000000013e+01
1.164100000000000001e+01
1.164000000000000057e+01
1.164100000000000001e+01
1.164000000000000057e+01
1.164000000000000057e+01
1.164400000000000013e+01
1.164100000000000001e+01
1.164499999999999957e+01
1.164300000000000068e+01
1.164400000000000013e+01
1.164300000000000068e+01
1.164000000000000057e+01
1.164000000000000057e+01
1.164400000000000013e+01
1.164400000000000013e+01
1.164100000000000001e+01
1.164300000000000068e+01
1.164100000000000001e+01
1.164300000000000068e+01
1.164300000000000068e+01
1.163899999999999935e+01
1.164000000000000057e+01
1.164300000000000068e+01
1.161400000000000077e+01
1.160999999999999943e+01
1.161400000000000077e+01
1.161400000000000077e+01
1.161400000000000077e+01
