7.200000000000000000e+01
7.700000000000000000e+01
6.600000000000000000e+01
8.000000000000000000e+01
8.500000000000000000e+01
1.100000000000000000e+02
1.420000000000000000e+02
1.520000000000000000e+02
1.460000000000000000e+02
2.140000000000000000e+02
2.700000000000000000e+02
3.180000000000000000e+02
3.890000000000000000e+02
4.900000000000000000e+02
6.520000000000000000e+02
8.260000000000000000e+02
1.056000000000000000e+03
9.660000000000000000e+02
7.880000000000000000e+02
6.690000000000000000e+02
5.290000000000000000e+02
3.900000000000000000e+02
3.700000000000000000e+02
2.760000000000000000e+02
2.160000000000000000e+02
2.100000000000000000e+02
1.700000000000000000e+02
1.490000000000000000e+02
1.110000000000000000e+02
8.400000000000000000e+01
7.400000000000000000e+01
6.800000000000000000e+01
5.600000000000000000e+01
5.200000000000000000e+01
6.200000000000000000e+01
3.800000000000000000e+01
4.800000000000000000e+01
5.900000000000000000e+01
3.200000000000000000e+01
2.800000000000000000e+01
2.300000000000000000e+01
2.800000000000000000e+01
3.000000000000000000e+01
8.000000000000000000e+00
2.600000000000000000e+01
2.000000000000000000e+01
1.800000000000000000e+01
1.400000000000000000e+01
1.800000000000000000e+01
3.100000000000000000e+01
7.000000000000000000e+00
1.200000000000000000e+01
1.200000000000000000e+01
4.000000000000000000e+00
1.600000000000000000e+01
1.200000000000000000e+01
6.000000000000000000e+00
2.000000000000000000e+01
1.000000000000000000e+01
1.600000000000000000e+01
1.000000000000000000e+01
