9.679229974746704102e+00
9.588567733764648438e+00
9.592182397842407227e+00
9.553147554397583008e+00
9.696247816085815430e+00
9.609200477600097656e+00
9.657006025314331055e+00
9.601825952529907227e+00
9.566141843795776367e+00
9.602415800094604492e+00
9.626044511795043945e+00
9.608197450637817383e+00
9.650463342666625977e+00
9.625248670578002930e+00
9.567130565643310547e+00
9.585012197494506836e+00
9.625560522079467773e+00
9.570533037185668945e+00
9.570072889328002930e+00
9.583676338195800781e+00
9.592061519622802734e+00
9.648346900939941406e+00
9.630834817886352539e+00
9.579247951507568359e+00
9.626692295074462891e+00
9.619465589523315430e+00
9.637772798538208008e+00
9.586381435394287109e+00
9.565659523010253906e+00
9.597663640975952148e+00
9.597909450531005859e+00
9.559149026870727539e+00
9.554582357406616211e+00
9.629365682601928711e+00
9.645454168319702148e+00
9.697767496109008789e+00
9.551385164260864258e+00
9.551179170608520508e+00
9.577993631362915039e+00
9.533292531967163086e+00
9.765103101730346680e+00
9.614272832870483398e+00
9.572326898574829102e+00
9.598798513412475586e+00
9.546227693557739258e+00
9.612870931625366211e+00
9.568461179733276367e+00
9.645430803298950195e+00
9.638858079910278320e+00
9.631431102752685547e+00
9.755965232849121094e+00
9.644788265228271484e+00
9.611113786697387695e+00
9.611981153488159180e+00
9.589516639709472656e+00
9.658365964889526367e+00
9.609036684036254883e+00
9.659838676452636719e+00
9.498694658279418945e+00
9.531977891921997070e+00
9.672705888748168945e+00
9.577927827835083008e+00
9.663466215133666992e+00
9.606966257095336914e+00
9.665678739547729492e+00
9.614498138427734375e+00
9.622384786605834961e+00
9.649915695190429688e+00
9.675018072128295898e+00
9.606126308441162109e+00
9.726028919219970703e+00
9.568226337432861328e+00
9.623953342437744141e+00
9.580301523208618164e+00
9.654212236404418945e+00
9.611205577850341797e+00
9.674479484558105469e+00
9.651412010192871094e+00
9.602307796478271484e+00
9.674097299575805664e+00
9.668244838714599609e+00
