1.884816753926701616e-01
1.859154929577464810e-01
2.094729819879919963e-01
2.597054886211512814e-01
1.912442396313364101e-01
2.547169811320754707e-01
2.383053839364518978e-01
1.828958509737510507e-01
2.060988433228180816e-01
3.220675944333996066e-01
2.357894736842105210e-01
2.331691297208538516e-01
2.626865671641790967e-01
2.255102040816326647e-01
2.667560321715817806e-01
2.718023255813953321e-01
2.630792227204783451e-01
2.578710644677661423e-01
1.683029453015427723e-01
2.644320297951582854e-01
2.657342657342657288e-01
2.539682539682539542e-01
2.564102564102563875e-01
2.649006622516556497e-01
2.411764705882352977e-01
2.209944751381215378e-01
1.476510067114094049e-01
1.456953642384105907e-01
1.860465116279069742e-01
1.242236024844720482e-01
1.956521739130434867e-01
1.595092024539877251e-01
2.260273972602739601e-01
1.696969696969697072e-01
1.866666666666666752e-01
1.371428571428571497e-01
1.666666666666666574e-01
2.371794871794871695e-01
1.654135338345864570e-01
1.118012422360248476e-01
2.910447761194029925e-01
2.733812949640287981e-01
1.437908496732026031e-01
2.302158273381295084e-01
1.951219512195122019e-01
3.355704697986577334e-01
3.357664233576642121e-01
2.204724409448818867e-01
1.830065359477124065e-01
2.699386503067484622e-01
2.857142857142856984e-01
2.887323943661971870e-01
2.662337662337662114e-01
2.171428571428571375e-01
1.989528795811518203e-01
2.122641509433962348e-01
1.839080459770114917e-01
2.490566037735849059e-01
3.205128205128205399e-01
1.550387596899224785e-01
2.574257425742574323e-01
