1.475900000000000000e+04
1.476100000000000000e+04
1.344800000000000000e+04
1.423700000000000000e+04
1.572900000000000000e+04
1.951300000000000000e+04
2.043700000000000000e+04
1.908700000000000000e+04
1.806200000000000000e+04
1.795300000000000000e+04
1.628500000000000000e+04
1.544100000000000000e+04
1.553900000000000000e+04
0.000000000000000000e+00
0.000000000000000000e+00
0.000000000000000000e+00
0.000000000000000000e+00
0.000000000000000000e+00
0.000000000000000000e+00
0.000000000000000000e+00
0.000000000000000000e+00
0.000000000000000000e+00
0.000000000000000000e+00
0.000000000000000000e+00
0.000000000000000000e+00
0.000000000000000000e+00
0.000000000000000000e+00
0.000000000000000000e+00
0.000000000000000000e+00
0.000000000000000000e+00
0.000000000000000000e+00
0.000000000000000000e+00
0.000000000000000000e+00
0.000000000000000000e+00
0.000000000000000000e+00
0.000000000000000000e+00
0.000000000000000000e+00
0.000000000000000000e+00
0.000000000000000000e+00
0.000000000000000000e+00
0.000000000000000000e+00
