1.671000000000000000e+03
2.462000000000000000e+03
2.346000000000000000e+03
2.612000000000000000e+03
2.601000000000000000e+03
2.706000000000000000e+03
2.616000000000000000e+03
2.378000000000000000e+03
2.374000000000000000e+03
2.332000000000000000e+03
2.358000000000000000e+03
2.090000000000000000e+03
1.966000000000000000e+03
2.140000000000000000e+03
2.366000000000000000e+03
1.802000000000000000e+03
2.362000000000000000e+03
2.072000000000000000e+03
2.056000000000000000e+03
2.044000000000000000e+03
2.152000000000000000e+03
2.074000000000000000e+03
2.140000000000000000e+03
1.988000000000000000e+03
2.094000000000000000e+03
2.290000000000000000e+03
2.178000000000000000e+03
2.224000000000000000e+03
2.138000000000000000e+03
2.006000000000000000e+03
1.926000000000000000e+03
1.936000000000000000e+03
1.992000000000000000e+03
1.956000000000000000e+03
2.008000000000000000e+03
2.028000000000000000e+03
2.060000000000000000e+03
2.062000000000000000e+03
1.912000000000000000e+03
1.890000000000000000e+03
1.974000000000000000e+03
