1.627800000000000000e+04
1.756100000000000000e+04
1.851700000000000000e+04
1.842100000000000000e+04
1.799100000000000000e+04
1.802800000000000000e+04
1.818700000000000000e+04
1.861900000000000000e+04
1.811700000000000000e+04
1.823300000000000000e+04
1.882500000000000000e+04
1.826100000000000000e+04
1.840400000000000000e+04
1.834500000000000000e+04
1.853600000000000000e+04
1.885300000000000000e+04
1.843500000000000000e+04
1.844100000000000000e+04
1.870700000000000000e+04
1.875900000000000000e+04
1.828200000000000000e+04
1.909700000000000000e+04
1.899300000000000000e+04
1.899000000000000000e+04
1.879100000000000000e+04
1.902700000000000000e+04
1.893300000000000000e+04
1.913000000000000000e+04
1.838100000000000000e+04
1.856700000000000000e+04
1.878700000000000000e+04
1.879900000000000000e+04
1.916700000000000000e+04
1.927500000000000000e+04
1.943900000000000000e+04
1.892800000000000000e+04
1.951300000000000000e+04
1.937300000000000000e+04
1.870100000000000000e+04
1.953400000000000000e+04
1.884300000000000000e+04
1.946300000000000000e+04
1.877900000000000000e+04
1.939100000000000000e+04
1.922100000000000000e+04
1.894300000000000000e+04
1.940400000000000000e+04
1.913300000000000000e+04
1.946600000000000000e+04
1.879100000000000000e+04
1.908300000000000000e+04
1.890900000000000000e+04
1.872500000000000000e+04
1.889100000000000000e+04
1.877500000000000000e+04
1.863300000000000000e+04
1.886100000000000000e+04
1.892500000000000000e+04
1.897100000000000000e+04
1.831300000000000000e+04
1.845300000000000000e+04
1.866400000000000000e+04
1.828700000000000000e+04
1.834700000000000000e+04
1.840600000000000000e+04
1.824300000000000000e+04
1.807400000000000000e+04
1.852500000000000000e+04
1.846900000000000000e+04
1.852300000000000000e+04
1.838300000000000000e+04
1.826400000000000000e+04
1.785500000000000000e+04
1.818100000000000000e+04
1.817900000000000000e+04
1.814700000000000000e+04
1.808900000000000000e+04
1.776800000000000000e+04
1.820700000000000000e+04
1.795100000000000000e+04
1.781300000000000000e+04
1.766500000000000000e+04
1.750500000000000000e+04
1.762300000000000000e+04
1.794700000000000000e+04
1.793800000000000000e+04
1.787300000000000000e+04
1.785300000000000000e+04
1.810300000000000000e+04
1.786500000000000000e+04
1.780300000000000000e+04
1.737700000000000000e+04
1.786900000000000000e+04
1.724100000000000000e+04
1.746100000000000000e+04
1.823100000000000000e+04
1.751100000000000000e+04
1.763500000000000000e+04
1.741500000000000000e+04
1.737300000000000000e+04
1.774600000000000000e+04
1.730400000000000000e+04
1.760100000000000000e+04
1.744500000000000000e+04
1.702100000000000000e+04
1.753000000000000000e+04
1.730100000000000000e+04
1.762700000000000000e+04
1.753200000000000000e+04
1.714100000000000000e+04
1.744100000000000000e+04
1.720500000000000000e+04
1.713400000000000000e+04
1.700100000000000000e+04
1.713100000000000000e+04
1.745200000000000000e+04
1.693100000000000000e+04
1.719700000000000000e+04
1.706800000000000000e+04
1.738900000000000000e+04
1.741900000000000000e+04
1.708800000000000000e+04
1.760500000000000000e+04
1.721800000000000000e+04
1.726900000000000000e+04
1.747700000000000000e+04
1.736900000000000000e+04
1.756500000000000000e+04
1.706400000000000000e+04
1.754700000000000000e+04
1.716400000000000000e+04
1.773800000000000000e+04
1.731500000000000000e+04
1.743300000000000000e+04
1.733500000000000000e+04
1.753300000000000000e+04
1.788900000000000000e+04
1.752700000000000000e+04
1.736900000000000000e+04
1.734300000000000000e+04
1.727700000000000000e+04
1.724100000000000000e+04
1.726900000000000000e+04
1.739500000000000000e+04
1.737800000000000000e+04
1.686900000000000000e+04
1.736000000000000000e+04
1.744300000000000000e+04
1.671100000000000000e+04
1.732200000000000000e+04
1.685900000000000000e+04
1.724400000000000000e+04
1.719100000000000000e+04
1.716100000000000000e+04
1.760800000000000000e+04
1.708700000000000000e+04
1.726100000000000000e+04
1.714300000000000000e+04
1.747500000000000000e+04
1.738900000000000000e+04
1.731700000000000000e+04
1.742900000000000000e+04
1.698600000000000000e+04
1.751100000000000000e+04
1.719300000000000000e+04
1.676500000000000000e+04
1.733100000000000000e+04
1.697900000000000000e+04
1.725700000000000000e+04
1.697700000000000000e+04
1.729300000000000000e+04
1.713100000000000000e+04
1.715500000000000000e+04
1.740100000000000000e+04
1.758700000000000000e+04
1.736800000000000000e+04
1.757900000000000000e+04
1.751500000000000000e+04
1.768500000000000000e+04
1.701700000000000000e+04
1.715300000000000000e+04
1.767900000000000000e+04
1.695500000000000000e+04
1.741700000000000000e+04
1.733700000000000000e+04
1.735600000000000000e+04
1.728300000000000000e+04
1.697500000000000000e+04
1.713900000000000000e+04
1.716100000000000000e+04
1.750300000000000000e+04
1.765400000000000000e+04
1.720100000000000000e+04
1.756900000000000000e+04
1.722800000000000000e+04
1.737100000000000000e+04
1.711500000000000000e+04
1.746700000000000000e+04
1.727100000000000000e+04
1.722700000000000000e+04
1.770900000000000000e+04
1.721200000000000000e+04
1.718400000000000000e+04
1.738100000000000000e+04
1.732300000000000000e+04
1.730300000000000000e+04
1.737100000000000000e+04
1.757100000000000000e+04
1.717500000000000000e+04
1.686900000000000000e+04
1.711000000000000000e+04
1.677500000000000000e+04
1.700600000000000000e+04
1.753100000000000000e+04
1.706700000000000000e+04
1.728500000000000000e+04
1.716700000000000000e+04
1.696200000000000000e+04
1.696900000000000000e+04
1.720100000000000000e+04
1.735900000000000000e+04
1.667700000000000000e+04
1.687100000000000000e+04
1.684300000000000000e+04
1.696200000000000000e+04
1.671500000000000000e+04
1.647900000000000000e+04
1.697100000000000000e+04
1.659700000000000000e+04
1.680900000000000000e+04
1.628300000000000000e+04
1.671800000000000000e+04
1.737100000000000000e+04
1.697100000000000000e+04
1.663500000000000000e+04
1.650400000000000000e+04
1.662500000000000000e+04
1.687700000000000000e+04
1.646700000000000000e+04
1.659700000000000000e+04
1.652700000000000000e+04
1.668600000000000000e+04
1.670600000000000000e+04
1.676800000000000000e+04
1.705100000000000000e+04
1.677200000000000000e+04
1.674400000000000000e+04
1.671100000000000000e+04
1.662300000000000000e+04
