4.680000000000000000e+02
4.780000000000000000e+02
3.620000000000000000e+02
3.840000000000000000e+02
2.880000000000000000e+02
3.080000000000000000e+02
3.260000000000000000e+02
3.500000000000000000e+02
3.100000000000000000e+02
3.680000000000000000e+02
3.920000000000000000e+02
3.600000000000000000e+02
3.320000000000000000e+02
3.320000000000000000e+02
3.100000000000000000e+02
3.080000000000000000e+02
3.840000000000000000e+02
2.960000000000000000e+02
2.680000000000000000e+02
3.440000000000000000e+02
2.760000000000000000e+02
3.040000000000000000e+02
2.800000000000000000e+02
3.100000000000000000e+02
3.240000000000000000e+02
3.120000000000000000e+02
3.080000000000000000e+02
3.160000000000000000e+02
2.660000000000000000e+02
2.960000000000000000e+02
3.200000000000000000e+02
2.820000000000000000e+02
2.970000000000000000e+02
2.860000000000000000e+02
2.820000000000000000e+02
3.080000000000000000e+02
2.520000000000000000e+02
2.810000000000000000e+02
2.340000000000000000e+02
2.760000000000000000e+02
2.680000000000000000e+02
