2.465967224486256826e-01
2.531004808909136927e-01
2.473058194300311319e-01
2.475455820476858415e-01
2.459082480045150232e-01
2.477756122362511637e-01
2.576532751824205381e-01
2.411324700394112397e-01
2.499797750991020195e-01
2.445189982055083200e-01
2.411724504518186762e-01
2.361304507145474407e-01
2.515055706112616640e-01
2.273954608479894779e-01
2.421992258472233095e-01
2.363998407009159641e-01
2.269952693422859769e-01
2.338275429667330541e-01
2.407099278979478729e-01
2.115160463128448187e-01
2.093455166778099563e-01
2.175396043356325193e-01
2.072580004764551787e-01
2.068695720209686173e-01
1.923221395838028702e-01
2.024381233838197236e-01
1.912990289777505848e-01
1.917469730664689842e-01
1.898542645536354101e-01
1.846822379141770665e-01
1.832109294795861987e-01
1.721023957011717231e-01
1.674990951863916111e-01
1.899694859557155280e-01
1.884582787579936747e-01
2.078297225389585667e-01
2.204894619007179701e-01
2.267142290923503667e-01
2.115198810850984767e-01
2.248483416056094031e-01
2.313474167260068104e-01
2.140358711021805582e-01
2.050574369685215503e-01
2.000757862826828271e-01
1.733986435568952433e-01
2.063063757613136928e-01
2.221463331341244907e-01
2.246750061319597869e-01
2.251768913770313407e-01
2.245002562788313560e-01
2.343830665978317018e-01
2.345781050417010960e-01
2.220606413146222757e-01
2.492762694624833797e-01
2.383927865221861786e-01
2.421462967209355721e-01
2.335688777448522158e-01
2.333405218891524691e-01
2.252705590404632252e-01
2.431558525544298410e-01
2.322446863659927418e-01
2.470294407023385930e-01
2.474911340828491735e-01
2.368585082069395442e-01
2.389289392378990684e-01
2.332938471186676854e-01
2.358011817865832416e-01
2.341943078734159689e-01
2.468499825965889405e-01
2.342771770062606618e-01
2.401014092908806130e-01
2.371319559426967039e-01
2.409288824383163941e-01
2.349229114377913152e-01
2.435688941454760559e-01
2.460639737835719765e-01
2.355409469193650018e-01
2.316380116538378497e-01
2.425090186262239544e-01
2.367596707219348784e-01
2.331787370674277549e-01
