1.166529846191406250e+01
9.473046779632568359e+00
9.547996282577514648e+00
9.512006759643554688e+00
9.586779594421386719e+00
9.492098569869995117e+00
9.552370071411132812e+00
9.686048269271850586e+00
9.482045650482177734e+00
9.490114450454711914e+00
9.478821277618408203e+00
9.581936836242675781e+00
9.557310104370117188e+00
9.533051967620849609e+00
9.496038913726806641e+00
9.533188819885253906e+00
9.526851415634155273e+00
9.554406404495239258e+00
9.551642656326293945e+00
9.563512086868286133e+00
9.495857954025268555e+00
9.447569131851196289e+00
9.492502689361572266e+00
9.563290596008300781e+00
9.513731241226196289e+00
9.564675331115722656e+00
9.497501611709594727e+00
9.477511167526245117e+00
9.533406019210815430e+00
9.534492731094360352e+00
9.504582405090332031e+00
9.494329452514648438e+00
9.510345220565795898e+00
9.444714069366455078e+00
9.492125988006591797e+00
9.568842649459838867e+00
9.541887521743774414e+00
9.522111415863037109e+00
9.564615488052368164e+00
9.515199422836303711e+00
9.490063905715942383e+00
9.466800212860107422e+00
9.560721635818481445e+00
9.545578718185424805e+00
9.486264705657958984e+00
9.575713157653808594e+00
9.527571678161621094e+00
9.457903385162353516e+00
9.469375133514404297e+00
9.578124523162841797e+00
9.643560886383056641e+00
9.561730623245239258e+00
9.651777505874633789e+00
9.579694271087646484e+00
9.478268384933471680e+00
9.535335302352905273e+00
9.572585582733154297e+00
9.557275295257568359e+00
9.513949871063232422e+00
9.538359642028808594e+00
9.509340286254882812e+00
9.694793701171875000e+00
9.502152204513549805e+00
9.554926395416259766e+00
9.490782499313354492e+00
9.493526220321655273e+00
9.517022609710693359e+00
9.556452989578247070e+00
9.524140596389770508e+00
9.503466606140136719e+00
9.551956892013549805e+00
9.458609819412231445e+00
9.580266952514648438e+00
9.489134311676025391e+00
9.539383411407470703e+00
9.551954269409179688e+00
9.550829172134399414e+00
9.488242626190185547e+00
9.448572874069213867e+00
9.531491279602050781e+00
9.480752706527709961e+00
9.523926496505737305e+00
9.463697195053100586e+00
9.556659698486328125e+00
9.524645328521728516e+00
9.650745391845703125e+00
9.499721765518188477e+00
9.591713428497314453e+00
9.466170072555541992e+00
9.503580570220947266e+00
9.619459629058837891e+00
9.570286273956298828e+00
9.493086338043212891e+00
9.469506502151489258e+00
9.511352062225341797e+00
9.495148420333862305e+00
9.507386445999145508e+00
9.548029899597167969e+00
9.583950519561767578e+00
9.509570598602294922e+00
9.685305833816528320e+00
9.500144004821777344e+00
9.554466485977172852e+00
9.487722396850585938e+00
9.526368379592895508e+00
9.500993490219116211e+00
9.549145936965942383e+00
9.510209560394287109e+00
9.505252361297607422e+00
9.540390014648437500e+00
9.574325323104858398e+00
9.540002822875976562e+00
9.519156217575073242e+00
9.536454677581787109e+00
9.494391202926635742e+00
9.485031843185424805e+00
9.482135534286499023e+00
9.676733493804931641e+00
9.513873815536499023e+00
9.466751813888549805e+00
9.512397527694702148e+00
9.502120494842529297e+00
9.556486845016479492e+00
9.545487642288208008e+00
9.561784744262695312e+00
9.535802602767944336e+00
9.495641946792602539e+00
9.638251543045043945e+00
9.585896015167236328e+00
9.590935230255126953e+00
9.534440517425537109e+00
9.485023736953735352e+00
9.512277603149414062e+00
9.515122652053833008e+00
9.541361570358276367e+00
9.595727443695068359e+00
9.530876159667968750e+00
9.498304605484008789e+00
9.525752067565917969e+00
9.523847103118896484e+00
9.560596227645874023e+00
9.477627754211425781e+00
9.464786291122436523e+00
9.540947675704956055e+00
9.514026641845703125e+00
9.516212463378906250e+00
9.522137641906738281e+00
9.524990320205688477e+00
9.554077863693237305e+00
9.493751287460327148e+00
9.519662857055664062e+00
9.573070287704467773e+00
9.508952379226684570e+00
9.595445632934570312e+00
9.609213113784790039e+00
9.555068731307983398e+00
9.460168361663818359e+00
9.521139144897460938e+00
9.656073570251464844e+00
9.584560155868530273e+00
9.557949304580688477e+00
