9.613073110580444336e+00
9.555882692337036133e+00
9.600773334503173828e+00
9.606460809707641602e+00
9.643746852874755859e+00
9.575644493103027344e+00
9.759151697158813477e+00
9.528275012969970703e+00
9.558151960372924805e+00
9.578679800033569336e+00
9.562974929809570312e+00
9.595634937286376953e+00
9.624263525009155273e+00
9.619791984558105469e+00
9.630244016647338867e+00
9.630444765090942383e+00
9.551676273345947266e+00
9.604194879531860352e+00
9.556630134582519531e+00
9.639734983444213867e+00
9.501616716384887695e+00
9.567616939544677734e+00
9.602053403854370117e+00
9.577469825744628906e+00
9.592236042022705078e+00
9.503719091415405273e+00
9.576411247253417969e+00
9.654443502426147461e+00
9.566487550735473633e+00
9.573463678359985352e+00
9.613672256469726562e+00
9.491245508193969727e+00
9.533634901046752930e+00
9.590269565582275391e+00
9.516061305999755859e+00
9.498512744903564453e+00
9.555651664733886719e+00
9.494492053985595703e+00
9.593310117721557617e+00
9.561748266220092773e+00
9.561431646347045898e+00
9.744688749313354492e+00
9.615640640258789062e+00
9.602681159973144531e+00
9.630267858505249023e+00
9.701321840286254883e+00
9.603595972061157227e+00
9.602525472640991211e+00
9.590097427368164062e+00
9.614585161209106445e+00
9.606351613998413086e+00
9.535243272781372070e+00
9.608978033065795898e+00
9.615559816360473633e+00
9.600929260253906250e+00
9.734649658203125000e+00
9.572803735733032227e+00
9.585622549057006836e+00
9.603390455245971680e+00
9.563480615615844727e+00
9.652412891387939453e+00
9.593786954879760742e+00
9.631191253662109375e+00
9.632252931594848633e+00
9.645696401596069336e+00
9.631334781646728516e+00
9.556692123413085938e+00
9.586731195449829102e+00
9.674847364425659180e+00
9.545620441436767578e+00
9.566215753555297852e+00
9.625939369201660156e+00
9.581228971481323242e+00
9.593201875686645508e+00
9.565992832183837891e+00
9.553609371185302734e+00
9.646303415298461914e+00
9.598310947418212891e+00
9.590703487396240234e+00
9.627566576004028320e+00
9.585559129714965820e+00
