1.658360164071803408e-02
1.684475172847265875e-02
1.860349745752201342e-02
1.608242241487624000e-02
1.609294320137693787e-02
1.919450148778341358e-02
1.946776956176630297e-02
2.304012086620782149e-02
2.161605764282038128e-02
2.366004697843262713e-02
2.526476968227638065e-02
2.315533369688325960e-02
3.114289341175474971e-02
2.870161393348379802e-02
3.375100198287136338e-02
3.533628505165507111e-02
4.085310904175427915e-02
4.538334532830955170e-02
4.237611990998259304e-02
4.954199458134433964e-02
5.021955066717823796e-02
5.212479137244832583e-02
6.053176649617449112e-02
5.738567041103959099e-02
5.737670337088131983e-02
5.989572111862800224e-02
5.799580856250802219e-02
5.801422668995186854e-02
6.213707455601237550e-02
6.256723611170876553e-02
6.572891125736654572e-02
6.258271077908217350e-02
6.636961595586675366e-02
6.862457580962755266e-02
7.215565004509727487e-02
7.264025979575268466e-02
7.364041859667180834e-02
8.426324576047798665e-02
9.023574723832902822e-02
9.282520757930594335e-02
9.960210499294057385e-02
1.001873456527292844e-01
1.019190314686815729e-01
8.881953523680992391e-02
5.814102838549470992e-02
4.122233930453108458e-02
3.383126446454870484e-02
2.797382266136276205e-02
2.599540747801221824e-02
2.197991639012196810e-02
2.256832711202642894e-02
2.077189383254263513e-02
2.592704250829062571e-02
2.204434013662461694e-02
2.199196447451892689e-02
1.854271145012431968e-02
2.414486921529174906e-02
2.330872252747252793e-02
2.134710565956531025e-02
2.241063439989774558e-02
1.966958547211318520e-02
1.895693572819736120e-02
2.149052776938678577e-02
1.893309453754637300e-02
2.089202895409821709e-02
2.255995178025573672e-02
1.812534570054886648e-02
1.749447884640367365e-02
1.902941304253378055e-02
1.720616988920269444e-02
1.865400248149574197e-02
1.697603635272431147e-02
1.723023906956708956e-02
1.719097691871373026e-02
1.721244459744395230e-02
1.663451232583065473e-02
1.647008363714346987e-02
1.709327548806941280e-02
1.498063582585010788e-02
1.676001539185087083e-02
1.663254861821903893e-02
1.442788231715266649e-02
1.411815812337098228e-02
1.774463160601774323e-02
1.663994453351822292e-02
1.566713753692050917e-02
1.745493013620134926e-02
1.338983050847457681e-02
1.393698431020477975e-02
1.374736472241742773e-02
1.279225549937335234e-02
1.514284456574371655e-02
1.523084245597334553e-02
1.453525436695142156e-02
1.302592158395206486e-02
1.467748165314793421e-02
1.709105105626165799e-02
1.552755504645539006e-02
1.538792177090049507e-02
1.565342471548842804e-02
1.498701409290245645e-02
1.814507460119534066e-02
1.641365820470298137e-02
1.826755597094184211e-02
1.908511275621549777e-02
1.920067667582998558e-02
2.193688792165397056e-02
2.541935483870967627e-02
2.929695697796432310e-02
2.988416655901476870e-02
3.888490573995192351e-02
4.167907115212860641e-02
4.587856173677069133e-02
4.861556896477939316e-02
4.753008645783551173e-02
5.360134003350083831e-02
5.593622064210299755e-02
5.708460754332313897e-02
5.674173735010237113e-02
6.071624878440658180e-02
6.704665400042221501e-02
7.300647707287778732e-02
6.535947712418301025e-02
7.329484712422493220e-02
6.468283019680461099e-02
5.904400926510844361e-02
4.808227983715449017e-02
3.861591110735561327e-02
3.021278432388104646e-02
2.960483974771527943e-02
2.819910275582140566e-02
1.937004499678594491e-02
2.354970886348932424e-02
2.409845203893486512e-02
2.188876063443204525e-02
2.166064981949458387e-02
2.041591091238874681e-02
1.478870211942736809e-02
1.390132616945972434e-02
1.339170744269894443e-02
1.307578008915304645e-02
1.326685454151311540e-02
1.278223941470798403e-02
1.302293909860833231e-02
1.187273115524236679e-02
1.267761422615502377e-02
1.233933161953727591e-02
1.299583793425634903e-02
1.181420254132846057e-02
1.199540601471776706e-02
1.321473951715374830e-02
1.277814496585150984e-02
1.318939807619607697e-02
1.498480113028214170e-02
1.424057299346956004e-02
1.245436976594374058e-02
1.219563480381849474e-02
1.405053112700495148e-02
1.317888021489129445e-02
1.409347540009339012e-02
1.416613007083065111e-02
