1.186200000000000010e+01
1.185800000000000054e+01
1.185800000000000054e+01
1.185599999999999987e+01
1.185200000000000031e+01
1.184900000000000020e+01
1.184900000000000020e+01
1.185200000000000031e+01
1.184800000000000075e+01
1.182799999999999940e+01
1.182799999999999940e+01
1.182900000000000063e+01
1.182900000000000063e+01
1.183300000000000018e+01
1.183000000000000007e+01
1.183000000000000007e+01
1.183000000000000007e+01
1.183200000000000074e+01
1.183000000000000007e+01
1.182799999999999940e+01
1.183000000000000007e+01
1.182799999999999940e+01
1.182499999999999929e+01
1.182900000000000063e+01
1.182900000000000063e+01
1.182499999999999929e+01
1.182600000000000051e+01
1.182900000000000063e+01
1.182799999999999940e+01
1.182799999999999940e+01
1.182799999999999940e+01
1.183000000000000007e+01
1.182499999999999929e+01
1.183000000000000007e+01
1.182900000000000063e+01
1.182900000000000063e+01
1.183000000000000007e+01
1.182799999999999940e+01
1.182799999999999940e+01
1.182900000000000063e+01
1.182600000000000051e+01
1.182799999999999940e+01
1.182799999999999940e+01
1.182799999999999940e+01
1.182799999999999940e+01
1.182799999999999940e+01
1.182499999999999929e+01
1.183000000000000007e+01
1.182600000000000051e+01
1.182799999999999940e+01
1.182499999999999929e+01
1.182499999999999929e+01
1.183000000000000007e+01
1.182600000000000051e+01
1.182600000000000051e+01
1.182799999999999940e+01
1.182900000000000063e+01
1.182799999999999940e+01
1.183000000000000007e+01
1.182900000000000063e+01
1.182600000000000051e+01
1.182900000000000063e+01
1.182499999999999929e+01
1.182399999999999984e+01
1.182499999999999929e+01
1.182499999999999929e+01
1.182799999999999940e+01
1.182499999999999929e+01
1.182499999999999929e+01
1.182799999999999940e+01
1.182799999999999940e+01
1.182900000000000063e+01
1.183699999999999974e+01
1.183699999999999974e+01
1.184099999999999930e+01
1.183799999999999919e+01
1.183999999999999986e+01
1.183999999999999986e+01
1.183600000000000030e+01
1.183699999999999974e+01
1.183799999999999919e+01
