1.185800000000000054e+01
1.185399999999999920e+01
1.185200000000000031e+01
1.185699999999999932e+01
1.184800000000000075e+01
1.184900000000000020e+01
1.184900000000000020e+01
1.184800000000000075e+01
1.184399999999999942e+01
1.184600000000000009e+01
1.184500000000000064e+01
1.184600000000000009e+01
1.184600000000000009e+01
1.184800000000000075e+01
1.184200000000000053e+01
1.184200000000000053e+01
1.184099999999999930e+01
1.183999999999999986e+01
1.184099999999999930e+01
1.183900000000000041e+01
1.184200000000000053e+01
1.184099999999999930e+01
1.183600000000000030e+01
1.183699999999999974e+01
1.183999999999999986e+01
1.183999999999999986e+01
1.184099999999999930e+01
1.183699999999999974e+01
1.183999999999999986e+01
1.183999999999999986e+01
1.183900000000000041e+01
1.184299999999999997e+01
1.183900000000000041e+01
1.183799999999999919e+01
1.183999999999999986e+01
1.183799999999999919e+01
1.183999999999999986e+01
1.183799999999999919e+01
1.183999999999999986e+01
1.183999999999999986e+01
1.183799999999999919e+01
1.183900000000000041e+01
1.184099999999999930e+01
1.183799999999999919e+01
1.183600000000000030e+01
1.183799999999999919e+01
1.183500000000000085e+01
1.183500000000000085e+01
1.183799999999999919e+01
1.183600000000000030e+01
1.183600000000000030e+01
1.183500000000000085e+01
1.183500000000000085e+01
1.183999999999999986e+01
1.183999999999999986e+01
1.183799999999999919e+01
1.183600000000000030e+01
1.183500000000000085e+01
1.183799999999999919e+01
1.183399999999999963e+01
1.183799999999999919e+01
1.183600000000000030e+01
1.183500000000000085e+01
1.183600000000000030e+01
1.183600000000000030e+01
1.183799999999999919e+01
1.183200000000000074e+01
1.183600000000000030e+01
1.183900000000000041e+01
1.183600000000000030e+01
1.183399999999999963e+01
1.183099999999999952e+01
1.183399999999999963e+01
1.183799999999999919e+01
1.183200000000000074e+01
1.183500000000000085e+01
1.183399999999999963e+01
1.183000000000000007e+01
1.183500000000000085e+01
1.183399999999999963e+01
1.183600000000000030e+01
