3.121648993208626238e-02
2.514562546859680503e-02
3.483518065351950271e-02
3.432171174106658090e-02
3.299952312827849482e-02
4.373960864560685197e-02
3.553062178588125425e-02
2.940954679134303446e-02
3.230148048452220755e-02
3.083193053955878352e-02
3.486691045156901231e-02
2.645792563600782646e-02
3.081067429918343467e-02
3.449959316517493824e-02
2.955120101137800187e-02
3.210552513688402082e-02
3.726182074805928224e-02
3.484425673127686945e-02
3.120796341135324142e-02
2.971216341689879303e-02
3.166226912928760129e-02
2.937985143143310302e-02
3.653418908911380131e-02
3.845176590158380647e-02
3.397900660101720732e-02
3.262463343108504277e-02
3.113889910506313641e-02
3.258375401560349022e-02
3.231179213857428290e-02
3.441682600382409141e-02
3.291770573566085017e-02
3.172820440825494664e-02
2.781574081517806940e-02
3.016442081839535230e-02
3.592244558106339608e-02
3.576482696513572784e-02
3.471270667762857420e-02
3.059125964010282750e-02
3.527963899904280193e-02
3.322025967949467778e-02
3.322259136212624836e-02
