2.076290660266557619e-01
1.977131278043132157e-01
1.907802447637014509e-01
2.037510245407646581e-01
2.045701312802289951e-01
1.953319958898077080e-01
1.923991651701208450e-01
2.016077328993440831e-01
1.966224967619806807e-01
1.889513201730396164e-01
1.888142523364486070e-01
1.978937056086211010e-01
1.907455263542834900e-01
1.962362935888570525e-01
1.861431185401315469e-01
1.893869638962926982e-01
1.854153203758015511e-01
1.843872829494004606e-01
1.800404918275640698e-01
1.756870512503094783e-01
1.748612014204971865e-01
1.716652527571236042e-01
1.690531177829099341e-01
1.658615930599369181e-01
1.794469999494515411e-01
1.667415954842899339e-01
1.648848888667893142e-01
1.673577459159714120e-01
1.567803127403230024e-01
1.539225915436975289e-01
1.599157810306797711e-01
1.546655946937339765e-01
1.653215442348223985e-01
1.575074846501243186e-01
1.534680776367922106e-01
1.470558681672025636e-01
1.435793731041455912e-01
1.388154283718377457e-01
1.276595744680850963e-01
1.196228942352274421e-01
1.075784638938504789e-01
1.047556209714256698e-01
9.120353709320858093e-02
9.071934022298019928e-02
1.200865670139413116e-01
1.530054644808743203e-01
1.702062014706638426e-01
1.822191881531271263e-01
1.811423485681377954e-01
1.813768527604193437e-01
1.883647960495859197e-01
1.948754962107542288e-01
2.039389108859978317e-01
2.008633692203671828e-01
1.946115616008370353e-01
1.921424504373932529e-01
1.998873585581895373e-01
1.998869533939674203e-01
1.979314327715650801e-01
2.036344482486173169e-01
1.969950790493142090e-01
1.954729268420776211e-01
1.934018276627600674e-01
1.948656279410226899e-01
2.057363774097487052e-01
2.038982076605528604e-01
1.966533699424959925e-01
1.924913974628935376e-01
1.974578469520103796e-01
1.990403962234948143e-01
1.960014465051402588e-01
1.960216998191681714e-01
2.009030544488711878e-01
2.054116052343464838e-01
2.032466541142944338e-01
1.926972419882615750e-01
1.983063895304079949e-01
2.042690882521789042e-01
1.964905015787566656e-01
2.048609319366324344e-01
2.029878330509779782e-01
