1.171299999999999919e+01
1.171400000000000041e+01
1.171299999999999919e+01
1.171400000000000041e+01
1.171799999999999997e+01
1.171299999999999919e+01
1.171499999999999986e+01
1.171499999999999986e+01
1.171499999999999986e+01
1.171299999999999919e+01
1.171199999999999974e+01
1.171499999999999986e+01
1.171199999999999974e+01
1.171199999999999974e+01
1.171400000000000041e+01
1.171299999999999919e+01
1.171499999999999986e+01
1.171199999999999974e+01
1.171400000000000041e+01
1.171499999999999986e+01
1.171499999999999986e+01
1.171799999999999997e+01
1.171799999999999997e+01
1.171199999999999974e+01
1.171499999999999986e+01
1.171700000000000053e+01
1.171400000000000041e+01
1.171799999999999997e+01
1.171400000000000041e+01
1.171400000000000041e+01
1.171700000000000053e+01
1.171499999999999986e+01
1.171000000000000085e+01
1.171299999999999919e+01
1.171799999999999997e+01
1.170199999999999996e+01
1.170500000000000007e+01
1.170400000000000063e+01
1.170400000000000063e+01
1.170700000000000074e+01
1.170400000000000063e+01
1.170899999999999963e+01
1.170800000000000018e+01
1.170700000000000074e+01
1.171299999999999919e+01
1.170899999999999963e+01
1.170700000000000074e+01
1.170899999999999963e+01
1.170800000000000018e+01
1.170899999999999963e+01
1.170700000000000074e+01
1.170700000000000074e+01
1.170899999999999963e+01
1.170899999999999963e+01
1.171199999999999974e+01
1.171199999999999974e+01
1.171199999999999974e+01
1.170899999999999963e+01
1.170700000000000074e+01
1.171100000000000030e+01
1.170899999999999963e+01
