2.106007067137809219e-01
1.554404145077720178e-01
2.395209580838323360e-01
1.886792452830188815e-01
2.303030303030303150e-01
2.540983606557377095e-01
2.384615384615384748e-01
1.808510638297872453e-01
2.393162393162393264e-01
1.061946902654867242e-01
2.553191489361701927e-01
1.010101010101010083e-01
3.529411764705882582e-01
1.126760563380281716e-01
2.568965517241379448e-01
1.417322834645669272e-01
1.170212765957446832e-01
1.941747572815533951e-01
2.509907529722589237e-01
2.222222222222222099e-01
1.899441340782122845e-01
2.324455205811138125e-01
1.052631578947368363e-01
2.527075812274368061e-01
1.616161616161616299e-01
1.705426356589147263e-01
1.413793103448275912e-01
3.529411764705882582e-01
2.755555555555555536e-01
2.386363636363636465e-01
1.777777777777777846e-01
1.467889908256880815e-01
1.487603305785124008e-01
1.938775510204081565e-01
1.284403669724770714e-01
2.222222222222222099e-01
4.000000000000000222e-01
1.956521739130434867e-01
1.941747572815533951e-01
1.666666666666666574e-01
2.025316455696202500e-01
1.720430107526881858e-01
2.840909090909091161e-01
2.022471910112359494e-01
1.505376344086021556e-01
2.191780821917808098e-01
2.399999999999999911e-01
2.025316455696202500e-01
2.686567164179104461e-01
1.481481481481481399e-01
1.538461538461538547e-01
2.181818181818181712e-01
2.500000000000000000e-01
1.333333333333333315e-01
7.407407407407406996e-02
1.038961038961039030e-01
2.784810126582278333e-01
1.481481481481481399e-01
2.692307692307692180e-01
3.013698630136986134e-01
1.980198019801980291e-01
