4.066000000000000000e+03
4.098000000000000000e+03
3.944000000000000000e+03
4.226000000000000000e+03
4.145000000000000000e+03
3.992000000000000000e+03
3.964000000000000000e+03
4.088000000000000000e+03
3.947000000000000000e+03
3.800000000000000000e+03
3.879000000000000000e+03
4.040000000000000000e+03
3.912000000000000000e+03
3.973000000000000000e+03
3.764000000000000000e+03
3.908000000000000000e+03
3.730000000000000000e+03
3.706000000000000000e+03
3.646000000000000000e+03
3.548000000000000000e+03
3.496000000000000000e+03
3.440000000000000000e+03
3.294000000000000000e+03
3.365000000000000000e+03
3.550000000000000000e+03
3.338000000000000000e+03
3.316000000000000000e+03
3.350000000000000000e+03
3.058000000000000000e+03
3.098000000000000000e+03
3.190000000000000000e+03
3.078000000000000000e+03
3.216000000000000000e+03
3.104000000000000000e+03
3.060000000000000000e+03
2.927000000000000000e+03
2.840000000000000000e+03
2.782000000000000000e+03
2.526000000000000000e+03
2.322000000000000000e+03
2.108000000000000000e+03
2.064000000000000000e+03
1.774000000000000000e+03
1.782000000000000000e+03
2.386000000000000000e+03
3.024000000000000000e+03
3.310000000000000000e+03
3.470000000000000000e+03
3.460000000000000000e+03
3.512000000000000000e+03
3.662000000000000000e+03
3.780000000000000000e+03
3.966000000000000000e+03
3.862000000000000000e+03
3.720000000000000000e+03
3.712000000000000000e+03
3.904000000000000000e+03
3.890000000000000000e+03
3.770000000000000000e+03
3.866000000000000000e+03
3.763000000000000000e+03
3.722000000000000000e+03
3.746000000000000000e+03
3.727000000000000000e+03
3.938000000000000000e+03
3.902000000000000000e+03
3.796000000000000000e+03
3.748000000000000000e+03
3.806000000000000000e+03
3.858000000000000000e+03
3.794000000000000000e+03
3.794000000000000000e+03
3.782000000000000000e+03
3.940000000000000000e+03
3.994000000000000000e+03
3.710000000000000000e+03
3.864000000000000000e+03
3.914000000000000000e+03
3.796000000000000000e+03
3.970000000000000000e+03
3.954000000000000000e+03
