7.090751089999999976e+02
7.090293870000000425e+02
7.090761420000000044e+02
7.090752169999999523e+02
7.090753419999999778e+02
7.090754749999999831e+02
7.090755639999999858e+02
7.090756810000000314e+02
7.090757599999999456e+02
7.090758550000000469e+02
7.090759580000000142e+02
7.090760679999999638e+02
7.090761639999999488e+02
7.090762570000000551e+02
7.090763580000000275e+02
7.090764550000000099e+02
7.090765569999999798e+02
7.090766569999999547e+02
7.090767630000000281e+02
7.090768640000000005e+02
7.090769579999999905e+02
7.090770599999999604e+02
7.090771479999999656e+02
7.090772540000000390e+02
7.090773279999999659e+02
7.090773030000000290e+02
7.090773040000000265e+02
7.090772389999999632e+02
7.090772779999999784e+02
7.090772620000000188e+02
7.090772920000000568e+02
7.090772940000000517e+02
7.090773060000000214e+02
7.090772699999999986e+02
7.090772990000000391e+02
7.090802670000000489e+02
7.090772560000000340e+02
7.090803349999999909e+02
7.090803019999999606e+02
7.090772849999999607e+02
7.090803700000000163e+02
7.090803200000000288e+02
7.090773199999999861e+02
7.090802949999999782e+02
7.090803120000000490e+02
7.090802559999999630e+02
7.090773349999999482e+02
7.090802780000000212e+02
7.090773289999999633e+02
7.090803210000000263e+02
7.090803590000000440e+02
7.090803260000000137e+02
7.090803170000000364e+02
7.090804080000000340e+02
7.090803740000000062e+02
7.090804550000000290e+02
7.090805589999999938e+02
7.090806559999999763e+02
7.090807529999999588e+02
7.090808550000000423e+02
7.090809610000000021e+02
