2.074700000000000000e+04
2.052700000000000000e+04
2.047700000000000000e+04
2.041700000000000000e+04
2.058700000000000000e+04
2.089500000000000000e+04
2.058700000000000000e+04
2.059700000000000000e+04
2.024100000000000000e+04
2.019700000000000000e+04
2.034300000000000000e+04
2.051700000000000000e+04
2.079900000000000000e+04
2.074900000000000000e+04
2.067700000000000000e+04
2.080500000000000000e+04
2.062100000000000000e+04
2.048900000000000000e+04
2.018900000000000000e+04
2.036500000000000000e+04
2.025500000000000000e+04
2.047900000000000000e+04
2.078700000000000000e+04
2.050500000000000000e+04
2.075100000000000000e+04
2.034900000000000000e+04
2.081900000000000000e+04
2.036300000000000000e+04
2.037000000000000000e+04
2.057100000000000000e+04
2.036800000000000000e+04
2.040700000000000000e+04
2.055700000000000000e+04
2.011400000000000000e+04
2.104900000000000000e+04
2.102800000000000000e+04
2.063600000000000000e+04
2.084700000000000000e+04
2.029300000000000000e+04
2.052700000000000000e+04
2.043900000000000000e+04
2.072300000000000000e+04
2.087700000000000000e+04
2.090500000000000000e+04
2.080900000000000000e+04
2.042700000000000000e+04
2.038900000000000000e+04
2.066700000000000000e+04
2.044100000000000000e+04
2.064300000000000000e+04
2.014700000000000000e+04
2.063900000000000000e+04
2.037900000000000000e+04
2.002600000000000000e+04
1.995100000000000000e+04
2.002000000000000000e+04
2.053900000000000000e+04
2.097700000000000000e+04
2.084300000000000000e+04
2.090300000000000000e+04
2.065700000000000000e+04
1.999500000000000000e+04
2.016500000000000000e+04
2.017300000000000000e+04
2.012100000000000000e+04
2.035900000000000000e+04
2.054900000000000000e+04
2.006100000000000000e+04
2.003700000000000000e+04
2.027300000000000000e+04
2.034700000000000000e+04
2.025800000000000000e+04
2.063300000000000000e+04
2.049300000000000000e+04
2.036700000000000000e+04
2.047500000000000000e+04
2.051900000000000000e+04
2.014500000000000000e+04
2.071700000000000000e+04
2.029500000000000000e+04
2.006200000000000000e+04
