2.788525683789192522e-01
2.980445043830073915e-01
2.865208186309103899e-01
2.735519888346126804e-01
2.486651411136537038e-01
2.372644801116538804e-01
2.732156561780506587e-01
2.779984114376489179e-01
2.259287338893100905e-01
3.014950166112956853e-01
2.325189553496208872e-01
2.876175548589341435e-01
2.582197273456295350e-01
2.412155745489078795e-01
2.399213372664699973e-01
2.695738354806739290e-01
2.684563758389261756e-01
2.426229508196721396e-01
2.867215041128084452e-01
2.812172088142707027e-01
2.364640883977900676e-01
2.433371958285052150e-01
2.183783783783783683e-01
2.035502958579881727e-01
2.145499383477188771e-01
1.969872537659327905e-01
2.057803468208092568e-01
2.458386683738796319e-01
2.048040455120101189e-01
2.011695906432748593e-01
1.960784313725490169e-01
2.154377880184331906e-01
1.858823529411764708e-01
1.901489117983963251e-01
2.199017199017198887e-01
1.540256709451575390e-01
1.911421911421911368e-01
1.861520998864926169e-01
1.726121979286536212e-01
1.660978384527872498e-01
1.913580246913580141e-01
2.080610021786492292e-01
2.641304347826086696e-01
1.841332027424094075e-01
2.519337016574585419e-01
2.187171398527865407e-01
2.042900919305413732e-01
2.397959183673469274e-01
2.437059415911379534e-01
2.173498570066730307e-01
2.177493138151875562e-01
2.181996086105675026e-01
2.686890574214517713e-01
2.698412698412698263e-01
2.767857142857143016e-01
2.231481481481481510e-01
2.534381139489194634e-01
2.460391425908667329e-01
2.978723404255319007e-01
2.628372497824195131e-01
2.933333333333333348e-01
2.713864306784660729e-01
2.446167097329887963e-01
2.769376181474479948e-01
2.594880847308032035e-01
2.886075949367088445e-01
2.773029439696106380e-01
3.059397884458909811e-01
2.900398406374501969e-01
2.555031446540880768e-01
2.433993399339934027e-01
2.397003745318352086e-01
2.545210984594775683e-01
2.949689869055823754e-01
2.307189542483660261e-01
2.670495333811916949e-01
2.810035842293907016e-01
2.761194029850746468e-01
2.458025520483546056e-01
3.050847457627118842e-01
2.512396694214876214e-01
