1.164300000000000068e+01
1.163799999999999990e+01
1.164100000000000001e+01
1.164499999999999957e+01
1.164199999999999946e+01
1.164199999999999946e+01
1.164499999999999957e+01
1.164100000000000001e+01
1.164199999999999946e+01
1.164300000000000068e+01
1.164600000000000080e+01
1.164600000000000080e+01
1.164100000000000001e+01
1.164300000000000068e+01
1.164899999999999913e+01
1.164600000000000080e+01
1.164499999999999957e+01
1.164499999999999957e+01
1.164499999999999957e+01
1.164600000000000080e+01
1.164899999999999913e+01
1.164899999999999913e+01
1.164899999999999913e+01
1.165000000000000036e+01
1.164499999999999957e+01
1.164600000000000080e+01
1.164700000000000024e+01
1.164899999999999913e+01
1.164300000000000068e+01
1.164600000000000080e+01
1.164899999999999913e+01
1.164700000000000024e+01
1.164899999999999913e+01
1.164700000000000024e+01
1.164499999999999957e+01
1.165000000000000036e+01
1.165099999999999980e+01
1.164899999999999913e+01
1.165300000000000047e+01
1.164899999999999913e+01
1.164600000000000080e+01
