1.961006673354560026e-01
1.984245262933787557e-01
1.973195273683771012e-01
1.928019485973458680e-01
1.973442636949745976e-01
1.936882478008921382e-01
1.930959636014525915e-01
1.929536557646167327e-01
1.953297965662726121e-01
2.005493344601732564e-01
1.925013524197911052e-01
1.881289442265051959e-01
1.905323947224212833e-01
1.897442466162845287e-01
1.993960273914338055e-01
1.883977665061165319e-01
1.925273981297338510e-01
1.851030906277445487e-01
1.912627871876572128e-01
1.905382674516400421e-01
1.945997829897337383e-01
1.800245565011219795e-01
1.816425120772946766e-01
1.822364217252396279e-01
1.883103081827842695e-01
1.805845956902069616e-01
1.895768486581980439e-01
1.830213175859613794e-01
1.879009687836383224e-01
1.739257161892071857e-01
1.691817215727949020e-01
1.698025453469197976e-01
1.666596239171772575e-01
1.620094997646454593e-01
1.603587366975626483e-01
1.545427363205330862e-01
1.459768675101256741e-01
1.387022741498017964e-01
1.323970197824783646e-01
1.321488062187673451e-01
1.143681330335553359e-01
1.083929243507715523e-01
1.040267038492415641e-01
1.022849984881862573e-01
1.200838789746223323e-01
1.580274347250117395e-01
1.703232506815526293e-01
1.802687921312587371e-01
1.812049411863906612e-01
1.845352461466205629e-01
1.929817007534983808e-01
1.914366442077809205e-01
1.921853507565337016e-01
1.898986472159789607e-01
1.937152629328773024e-01
1.878196187819618779e-01
1.901399571302483937e-01
1.893621529985166363e-01
1.901153633306372770e-01
1.859036398064380369e-01
1.897077127773724170e-01
1.997117022670685249e-01
1.955724334354636829e-01
1.955971334162983355e-01
1.902473974796645151e-01
1.876605583147799294e-01
1.839429608066489585e-01
1.927905690088096424e-01
1.928226652675760766e-01
1.933636955107352062e-01
1.864066042174601090e-01
1.908695839249602011e-01
2.001295616497516805e-01
1.868238265628288652e-01
1.901905284947826569e-01
1.853973102541258411e-01
1.929700204311387279e-01
1.939331531299609557e-01
1.876545279302686275e-01
1.909218530650444445e-01
1.935704807157227758e-01
1.919870013255227381e-01
1.827107790821771716e-01
1.998716852010265221e-01
1.898212997156076276e-01
1.912848584112753769e-01
1.888572521354808520e-01
1.953416548706730094e-01
1.962644530091906259e-01
1.918942657576644673e-01
1.919255971253434889e-01
1.913827233289811802e-01
1.930205803400230069e-01
1.952904503138295500e-01
1.926562566480874705e-01
1.991415579448387319e-01
1.942861965649660405e-01
2.013183074633212721e-01
1.964446348254444141e-01
1.838993393090098127e-01
1.840965476641016063e-01
1.931188522829775378e-01
1.902746624910068018e-01
1.811707854690348118e-01
1.835413182383464070e-01
1.827834660599165773e-01
1.858982642029547439e-01
1.803440435845738155e-01
1.790183684724048763e-01
1.765434736167485474e-01
1.809237032953051327e-01
1.734021570355449293e-01
1.745763446452563705e-01
1.753346406343251895e-01
1.619685669742552681e-01
1.685234985273402486e-01
1.709431195825606986e-01
1.748702422145328728e-01
1.674826514538720335e-01
1.703467347372899510e-01
1.686339213944239857e-01
1.653439714807112826e-01
1.661214258401665367e-01
1.740558292282430308e-01
1.753445635528330659e-01
1.679807732849854518e-01
1.838879904672738042e-01
1.840913990084069862e-01
1.786282519888195974e-01
1.887243395501685683e-01
1.925662488615171031e-01
1.994819752876735575e-01
1.862626093508015501e-01
1.857646170623269977e-01
1.930849052640423447e-01
1.872633683583613262e-01
1.931900097527880222e-01
1.944034102899590555e-01
1.955338390981955221e-01
1.909281347526826655e-01
1.889148439159057113e-01
1.955677014390025115e-01
1.968628456639740232e-01
1.945402665985264679e-01
1.942676519584810579e-01
1.959654178674351543e-01
1.965322892913995700e-01
1.927649239422216665e-01
1.872706567126407595e-01
1.880442556055698100e-01
1.953623933821953540e-01
1.949832350070030973e-01
1.823923044751150080e-01
1.903558643925036820e-01
1.998225676988720501e-01
1.915409139213602452e-01
1.977374599786552722e-01
2.054682100898410635e-01
1.897906877402819326e-01
1.923481628014647171e-01
1.995437524211251257e-01
1.970008820935019167e-01
1.978602676831117124e-01
1.992395769600559530e-01
1.949693619574066894e-01
1.975746820467317311e-01
1.938841340157412552e-01
1.953386066579247959e-01
1.969741916345298105e-01
1.958767268862911803e-01
1.877613074876472721e-01
1.962049496964808626e-01
1.979801423275237560e-01
1.946630914280771674e-01
1.962313464294747622e-01
2.022491127549493339e-01
1.922741794946267735e-01
1.878924147293399016e-01
1.999743183666481128e-01
2.003006227184883081e-01
1.919239098127468179e-01
1.952041805385814899e-01
1.898567359605492499e-01
1.918062529007214800e-01
1.841982234689107101e-01
1.879721460223675866e-01
1.784643957621037391e-01
1.871415635375792419e-01
1.758232419800297430e-01
1.788167043467133177e-01
1.703106057439070231e-01
1.702587137735930567e-01
1.597060934926734510e-01
1.568004016232271980e-01
1.510978469409507696e-01
1.525245294142417996e-01
1.562540533529335474e-01
1.485127508804684471e-01
1.444327065286287737e-01
1.605965260118098481e-01
1.655721730288522708e-01
1.586667233535989097e-01
1.578024046895725452e-01
1.644843442084519269e-01
1.640095052927198205e-01
1.509950781082816107e-01
1.401596755797744343e-01
1.341447952326613458e-01
1.488296461123710945e-01
1.591564833672776680e-01
1.650630746204832244e-01
1.753694581280788312e-01
1.674198407574779557e-01
1.713846547969770651e-01
1.869600722052692787e-01
1.780850794721531294e-01
1.741012690463053236e-01
1.876314321273765129e-01
1.887610543487593384e-01
1.844925586844274878e-01
1.802962009014809908e-01
1.829471971221789117e-01
1.842294818016185776e-01
1.931235329913935372e-01
2.034319159313616732e-01
1.988464003418073112e-01
1.893916945349870817e-01
1.942823058242086065e-01
1.946766105181946815e-01
1.933619480685053738e-01
1.996984708162825861e-01
1.999573469822990002e-01
1.848802085488475966e-01
1.924872754805872221e-01
1.964697837422001991e-01
1.903324529409298749e-01
1.920784545800397480e-01
