1.328100000000000000e+04
1.429300000000000000e+04
1.381500000000000000e+04
1.415500000000000000e+04
1.412100000000000000e+04
1.463500000000000000e+04
1.447700000000000000e+04
1.335200000000000000e+04
1.371300000000000000e+04
1.422500000000000000e+04
1.391700000000000000e+04
1.410900000000000000e+04
1.408700000000000000e+04
1.411700000000000000e+04
1.400300000000000000e+04
1.412000000000000000e+04
1.398500000000000000e+04
1.430700000000000000e+04
1.461100000000000000e+04
1.434300000000000000e+04
1.428900000000000000e+04
1.476300000000000000e+04
1.446500000000000000e+04
1.501400000000000000e+04
1.475500000000000000e+04
1.384300000000000000e+04
1.375700000000000000e+04
1.411400000000000000e+04
1.435700000000000000e+04
1.436100000000000000e+04
1.394500000000000000e+04
1.449200000000000000e+04
1.527600000000000000e+04
1.556500000000000000e+04
1.479300000000000000e+04
1.431500000000000000e+04
1.447000000000000000e+04
1.480500000000000000e+04
1.409100000000000000e+04
1.417900000000000000e+04
1.472500000000000000e+04
1.415100000000000000e+04
1.401100000000000000e+04
1.459100000000000000e+04
1.471100000000000000e+04
1.465600000000000000e+04
1.498000000000000000e+04
1.483300000000000000e+04
1.454300000000000000e+04
1.461500000000000000e+04
1.490500000000000000e+04
1.436700000000000000e+04
1.447200000000000000e+04
1.476700000000000000e+04
1.508600000000000000e+04
1.498200000000000000e+04
1.496100000000000000e+04
1.537100000000000000e+04
1.565500000000000000e+04
1.507900000000000000e+04
1.541100000000000000e+04
1.546300000000000000e+04
1.487700000000000000e+04
1.495900000000000000e+04
1.520900000000000000e+04
1.496700000000000000e+04
1.527100000000000000e+04
1.485300000000000000e+04
1.523300000000000000e+04
1.539100000000000000e+04
1.562100000000000000e+04
1.537100000000000000e+04
1.519500000000000000e+04
1.561300000000000000e+04
1.515500000000000000e+04
1.558300000000000000e+04
1.497100000000000000e+04
1.531300000000000000e+04
1.473300000000000000e+04
1.498500000000000000e+04
1.435900000000000000e+04
