2.258000000000000000e+04
2.339700000000000000e+04
2.361700000000000000e+04
2.386300000000000000e+04
2.351300000000000000e+04
2.409900000000000000e+04
2.386500000000000000e+04
2.392300000000000000e+04
2.351500000000000000e+04
2.386700000000000000e+04
2.356300000000000000e+04
2.355500000000000000e+04
2.378300000000000000e+04
2.381300000000000000e+04
2.323100000000000000e+04
2.388300000000000000e+04
2.344300000000000000e+04
2.336700000000000000e+04
2.394500000000000000e+04
2.366300000000000000e+04
2.384600000000000000e+04
2.351100000000000000e+04
2.363900000000000000e+04
2.325100000000000000e+04
2.373000000000000000e+04
2.305900000000000000e+04
2.344300000000000000e+04
2.357900000000000000e+04
2.359500000000000000e+04
2.324000000000000000e+04
2.333300000000000000e+04
2.358300000000000000e+04
2.370300000000000000e+04
2.403700000000000000e+04
2.385700000000000000e+04
2.351100000000000000e+04
2.359500000000000000e+04
2.344500000000000000e+04
2.365700000000000000e+04
2.333300000000000000e+04
2.306900000000000000e+04
2.366300000000000000e+04
2.345900000000000000e+04
2.375500000000000000e+04
2.363300000000000000e+04
2.369800000000000000e+04
2.395300000000000000e+04
2.350800000000000000e+04
2.362800000000000000e+04
2.383100000000000000e+04
2.394500000000000000e+04
2.324700000000000000e+04
2.365100000000000000e+04
2.342700000000000000e+04
2.363300000000000000e+04
2.344500000000000000e+04
2.340700000000000000e+04
2.358100000000000000e+04
2.370900000000000000e+04
2.370500000000000000e+04
2.368500000000000000e+04
2.373500000000000000e+04
2.368500000000000000e+04
2.368900000000000000e+04
2.353100000000000000e+04
2.360500000000000000e+04
2.354900000000000000e+04
2.355700000000000000e+04
2.393900000000000000e+04
2.385900000000000000e+04
2.362500000000000000e+04
2.325500000000000000e+04
2.330500000000000000e+04
2.372900000000000000e+04
2.321300000000000000e+04
2.317700000000000000e+04
2.365500000000000000e+04
2.360500000000000000e+04
2.325100000000000000e+04
2.372700000000000000e+04
2.362100000000000000e+04
2.333100000000000000e+04
2.349900000000000000e+04
2.354900000000000000e+04
2.358900000000000000e+04
2.359300000000000000e+04
2.328900000000000000e+04
2.354700000000000000e+04
2.328500000000000000e+04
2.380900000000000000e+04
2.367300000000000000e+04
2.389900000000000000e+04
2.374700000000000000e+04
2.375300000000000000e+04
2.346900000000000000e+04
2.406300000000000000e+04
2.366900000000000000e+04
2.338000000000000000e+04
2.350600000000000000e+04
2.397500000000000000e+04
2.382700000000000000e+04
2.345900000000000000e+04
2.388300000000000000e+04
2.382100000000000000e+04
2.367100000000000000e+04
2.399500000000000000e+04
2.367300000000000000e+04
2.360500000000000000e+04
2.340700000000000000e+04
2.383700000000000000e+04
2.380700000000000000e+04
2.421300000000000000e+04
2.371700000000000000e+04
2.364100000000000000e+04
2.369900000000000000e+04
2.316900000000000000e+04
2.346400000000000000e+04
2.345300000000000000e+04
2.332400000000000000e+04
2.365900000000000000e+04
2.340900000000000000e+04
2.340500000000000000e+04
2.335900000000000000e+04
2.339300000000000000e+04
2.363900000000000000e+04
2.375300000000000000e+04
2.367000000000000000e+04
2.370100000000000000e+04
2.324900000000000000e+04
2.362900000000000000e+04
2.354300000000000000e+04
2.392300000000000000e+04
2.340500000000000000e+04
2.317800000000000000e+04
2.372100000000000000e+04
2.379700000000000000e+04
2.321100000000000000e+04
2.347100000000000000e+04
2.351300000000000000e+04
2.392100000000000000e+04
2.350400000000000000e+04
2.373100000000000000e+04
2.414900000000000000e+04
2.406300000000000000e+04
2.351300000000000000e+04
2.337700000000000000e+04
2.379700000000000000e+04
2.331700000000000000e+04
2.335500000000000000e+04
2.354500000000000000e+04
2.313500000000000000e+04
2.359300000000000000e+04
2.356900000000000000e+04
2.347900000000000000e+04
2.336200000000000000e+04
2.333900000000000000e+04
2.371100000000000000e+04
2.336400000000000000e+04
2.401500000000000000e+04
2.366700000000000000e+04
2.365500000000000000e+04
2.364900000000000000e+04
2.337100000000000000e+04
2.336800000000000000e+04
2.407300000000000000e+04
2.304500000000000000e+04
2.343500000000000000e+04
2.375700000000000000e+04
2.373500000000000000e+04
2.356900000000000000e+04
2.352700000000000000e+04
2.373900000000000000e+04
2.330700000000000000e+04
2.369500000000000000e+04
2.336500000000000000e+04
2.351600000000000000e+04
2.355700000000000000e+04
2.385700000000000000e+04
2.345300000000000000e+04
2.390700000000000000e+04
2.371300000000000000e+04
2.383100000000000000e+04
2.322700000000000000e+04
2.355000000000000000e+04
2.347100000000000000e+04
2.340100000000000000e+04
2.334200000000000000e+04
2.367900000000000000e+04
2.370100000000000000e+04
2.405900000000000000e+04
2.356300000000000000e+04
2.337300000000000000e+04
2.343700000000000000e+04
2.378700000000000000e+04
2.358300000000000000e+04
2.381300000000000000e+04
2.322400000000000000e+04
2.350500000000000000e+04
2.378300000000000000e+04
2.375500000000000000e+04
2.357900000000000000e+04
2.345900000000000000e+04
2.331600000000000000e+04
2.340200000000000000e+04
2.370800000000000000e+04
2.347100000000000000e+04
2.359700000000000000e+04
2.364000000000000000e+04
2.354500000000000000e+04
2.315700000000000000e+04
2.374900000000000000e+04
2.387500000000000000e+04
2.364700000000000000e+04
2.398900000000000000e+04
2.360700000000000000e+04
2.361500000000000000e+04
2.383600000000000000e+04
2.370100000000000000e+04
2.362700000000000000e+04
2.356900000000000000e+04
2.383700000000000000e+04
2.377300000000000000e+04
2.351000000000000000e+04
2.381700000000000000e+04
2.372000000000000000e+04
2.386900000000000000e+04
2.391100000000000000e+04
2.333700000000000000e+04
2.351600000000000000e+04
2.343700000000000000e+04
2.420500000000000000e+04
2.365100000000000000e+04
2.367700000000000000e+04
2.350900000000000000e+04
2.328300000000000000e+04
2.338700000000000000e+04
2.355100000000000000e+04
