2.261290528059111959e-01
2.276040725344900262e-01
2.277640239115995280e-01
2.293755058838179428e-01
2.335246149199637633e-01
2.276831091180867017e-01
2.271035450607114536e-01
2.287475077034620274e-01
2.259461495010355869e-01
2.271039980526988467e-01
2.167560569631958589e-01
2.298189424145369031e-01
2.392792560061999529e-01
2.254140944930016488e-01
2.295121803049632592e-01
2.366416940127546165e-01
2.299130223222431713e-01
2.255832465862470104e-01
2.272174191482548844e-01
2.280583061688910840e-01
2.208534975802903533e-01
2.264744759866557655e-01
2.110608781817055746e-01
2.089439587395433562e-01
2.170852359208523541e-01
2.138618706796354130e-01
1.940325068216870452e-01
1.845045485072348834e-01
1.917740642535610829e-01
1.819389950639159481e-01
1.890032194937188437e-01
1.864458013421195770e-01
1.988577043542344713e-01
1.926793013749535377e-01
1.962717219589257545e-01
1.884231035132926946e-01
1.755104613057726359e-01
1.922716773831075476e-01
1.792297864573827448e-01
1.979445655559015915e-01
1.982753348419056816e-01
1.944193334538660833e-01
2.037370414054255341e-01
2.016806722689075682e-01
2.109709883829284927e-01
2.103070041056437356e-01
2.116677773065971935e-01
2.202491059316808442e-01
2.211936061223230277e-01
2.336876832844574647e-01
2.199924981245311439e-01
2.268481777669250909e-01
2.268407822941573282e-01
2.354930257834671747e-01
2.204408817635270523e-01
2.268353204623857755e-01
2.286960208345951151e-01
2.298169756559853005e-01
2.364410439933362085e-01
2.333495677584317418e-01
2.265830346475507795e-01
2.249388753056234813e-01
2.375807173454382581e-01
2.270528365898096257e-01
2.340885239829618991e-01
2.366984584008157977e-01
2.367000303306035780e-01
2.334980917224551145e-01
2.296201451131028581e-01
2.262432448843281207e-01
2.263287786673087443e-01
2.337404674809349658e-01
2.311400488324046876e-01
2.356144490833182170e-01
2.364041963101410904e-01
2.352519275596198778e-01
2.334260827486087653e-01
2.286948472693613177e-01
2.388556631111659057e-01
2.267898673706706947e-01
2.268177186357369646e-01
