7.090756179999999631e+02
7.090292960000000448e+02
7.090766280000000279e+02
7.090752800000000207e+02
7.090289950000000090e+02
7.090783320000000458e+02
7.090755599999999959e+02
7.090756830000000264e+02
7.090291539999999486e+02
7.090776349999999866e+02
7.090759870000000546e+02
7.090760669999999664e+02
7.090761629999999514e+02
7.090289420000000291e+02
7.090799990000000435e+02
7.090764010000000326e+02
7.090765979999999900e+02
7.090766700000000355e+02
7.090767630000000281e+02
7.090768980000000283e+02
7.090770840000000135e+02
7.090771790000000010e+02
7.090772439999999506e+02
7.090772769999999809e+02
7.090773689999999760e+02
7.090774599999999737e+02
7.090775509999999713e+02
7.090776540000000523e+02
7.090777550000000247e+02
7.090778559999999970e+02
7.090779589999999644e+02
7.090780509999999595e+02
7.090781419999999571e+02
7.090782580000000053e+02
7.090783559999999852e+02
7.090784049999999752e+02
7.090782070000000203e+02
7.090775660000000471e+02
7.090786940000000413e+02
7.090807260000000269e+02
7.090789069999999583e+02
7.090778440000000273e+02
7.090816690000000335e+02
7.090789559999999483e+02
7.090807129999999461e+02
7.090793529999999691e+02
7.090776540000000523e+02
7.090795709999999872e+02
7.090804699999999912e+02
7.090796470000000227e+02
7.090803799999999910e+02
7.090796189999999797e+02
7.090808690000000070e+02
7.090781749999999874e+02
7.090802619999999479e+02
7.090806229999999459e+02
7.090798210000000381e+02
7.090815149999999676e+02
7.090808210000000145e+02
7.090799449999999524e+02
7.090815360000000283e+02
