1.983361943747524170e-01
1.976718452618067556e-01
1.985825086921636784e-01
1.993877279382403889e-01
1.931753966529015376e-01
1.906718538269878138e-01
1.878529246950299547e-01
2.003937869175235198e-01
1.905570060922541220e-01
1.876321581150476869e-01
1.908582007316965701e-01
1.921932283804183850e-01
1.981998119206484221e-01
1.897618107645742958e-01
1.843708151540023321e-01
1.914289458739242555e-01
1.799028249559272430e-01
1.793777230119262545e-01
1.906545312023690264e-01
1.838225644166411599e-01
1.786730895555068976e-01
1.769112814895947294e-01
1.787850997860168656e-01
1.815558179194542709e-01
1.788814510904772059e-01
1.716244180031039901e-01
1.782900885664693569e-01
1.677396750317523000e-01
1.648004841986943914e-01
1.625739775638194440e-01
1.622649665009725517e-01
1.616376445566928000e-01
1.625703933295499226e-01
1.577262502163004065e-01
1.660253361580699416e-01
1.605651894669235802e-01
1.632759293801240574e-01
1.581975492994861510e-01
1.553270619120542539e-01
1.412208715495677225e-01
1.276045036883654837e-01
1.319344262295081838e-01
1.524297563729535010e-01
1.726323150211966362e-01
1.830258628299055446e-01
1.886380507401423656e-01
1.911860293799020616e-01
1.852865771520444960e-01
1.911607410259701378e-01
1.949655142116592799e-01
1.958346015044132304e-01
2.015044956823644484e-01
1.954078285589328778e-01
1.896892717443853515e-01
1.918974634758447706e-01
1.967284623773173369e-01
1.965328223182851164e-01
1.916377797748962108e-01
1.937734599249282541e-01
1.960203770627421960e-01
1.908072614909231413e-01
2.001328315253486922e-01
1.914696949689687067e-01
1.898253606681852834e-01
2.030659853365918699e-01
2.004182797134339000e-01
1.945424500915546306e-01
1.888507642261931241e-01
2.027614988456757361e-01
1.973573732820716742e-01
1.988311802443096798e-01
1.971503863504399379e-01
1.965436047803101050e-01
1.962461178376918580e-01
1.930418302423175803e-01
1.952139361558838104e-01
2.005469870875179472e-01
1.929941100925556818e-01
1.934904601571268146e-01
1.974218920690408441e-01
1.961724593048834175e-01
