4.859000000000000000e+03
5.067000000000000000e+03
5.013000000000000000e+03
5.035000000000000000e+03
5.033000000000000000e+03
5.141000000000000000e+03
5.079000000000000000e+03
5.281000000000000000e+03
5.361000000000000000e+03
5.281000000000000000e+03
5.201000000000000000e+03
5.016000000000000000e+03
5.281000000000000000e+03
5.337000000000000000e+03
5.168000000000000000e+03
5.209000000000000000e+03
5.243000000000000000e+03
5.262000000000000000e+03
5.177000000000000000e+03
5.235000000000000000e+03
5.243000000000000000e+03
5.191000000000000000e+03
5.175000000000000000e+03
5.059000000000000000e+03
5.119000000000000000e+03
5.387000000000000000e+03
5.235000000000000000e+03
5.049000000000000000e+03
5.229000000000000000e+03
4.971000000000000000e+03
5.044000000000000000e+03
5.147000000000000000e+03
5.277000000000000000e+03
5.208000000000000000e+03
5.039000000000000000e+03
5.289000000000000000e+03
5.031000000000000000e+03
5.203000000000000000e+03
5.213000000000000000e+03
5.247000000000000000e+03
5.175000000000000000e+03
5.173000000000000000e+03
5.265000000000000000e+03
5.160000000000000000e+03
5.161000000000000000e+03
5.091000000000000000e+03
5.109000000000000000e+03
5.213000000000000000e+03
5.238000000000000000e+03
5.363000000000000000e+03
5.285000000000000000e+03
5.131000000000000000e+03
4.993000000000000000e+03
5.262000000000000000e+03
5.155000000000000000e+03
5.283000000000000000e+03
5.252000000000000000e+03
5.319000000000000000e+03
5.145000000000000000e+03
5.107000000000000000e+03
5.261000000000000000e+03
5.359000000000000000e+03
5.158000000000000000e+03
5.335000000000000000e+03
5.189000000000000000e+03
5.245000000000000000e+03
5.173000000000000000e+03
5.299000000000000000e+03
5.307000000000000000e+03
5.193000000000000000e+03
5.287000000000000000e+03
5.221000000000000000e+03
5.333000000000000000e+03
5.287000000000000000e+03
5.201000000000000000e+03
5.211000000000000000e+03
5.371000000000000000e+03
5.077000000000000000e+03
5.326000000000000000e+03
5.238000000000000000e+03
5.145000000000000000e+03
5.186000000000000000e+03
5.141000000000000000e+03
5.177000000000000000e+03
5.252000000000000000e+03
5.131000000000000000e+03
5.233000000000000000e+03
5.185000000000000000e+03
5.229000000000000000e+03
5.279000000000000000e+03
5.303000000000000000e+03
5.285000000000000000e+03
5.231000000000000000e+03
5.113000000000000000e+03
5.029000000000000000e+03
5.241000000000000000e+03
5.295000000000000000e+03
5.277000000000000000e+03
5.169000000000000000e+03
5.285000000000000000e+03
5.267000000000000000e+03
5.091000000000000000e+03
5.193000000000000000e+03
5.315000000000000000e+03
5.177000000000000000e+03
5.034000000000000000e+03
5.087000000000000000e+03
5.317000000000000000e+03
5.367000000000000000e+03
5.359000000000000000e+03
5.111000000000000000e+03
5.203000000000000000e+03
5.091000000000000000e+03
5.241000000000000000e+03
5.256000000000000000e+03
5.443000000000000000e+03
5.275000000000000000e+03
5.251000000000000000e+03
5.151000000000000000e+03
5.377000000000000000e+03
5.125000000000000000e+03
5.197000000000000000e+03
5.251000000000000000e+03
5.292000000000000000e+03
5.143000000000000000e+03
5.387000000000000000e+03
5.329000000000000000e+03
5.151000000000000000e+03
5.095000000000000000e+03
5.333000000000000000e+03
5.115000000000000000e+03
5.325000000000000000e+03
5.263000000000000000e+03
5.391000000000000000e+03
5.228000000000000000e+03
5.087000000000000000e+03
5.243000000000000000e+03
5.169000000000000000e+03
5.341000000000000000e+03
5.277000000000000000e+03
5.385000000000000000e+03
5.237000000000000000e+03
5.275000000000000000e+03
5.333000000000000000e+03
5.281000000000000000e+03
5.099000000000000000e+03
5.101000000000000000e+03
5.147000000000000000e+03
5.163000000000000000e+03
5.205000000000000000e+03
5.377000000000000000e+03
5.103000000000000000e+03
5.311000000000000000e+03
5.067000000000000000e+03
5.269000000000000000e+03
5.263000000000000000e+03
5.321000000000000000e+03
5.145000000000000000e+03
5.207000000000000000e+03
5.195000000000000000e+03
5.187000000000000000e+03
5.155000000000000000e+03
5.267000000000000000e+03
5.169000000000000000e+03
5.359000000000000000e+03
5.047000000000000000e+03
5.139000000000000000e+03
5.367000000000000000e+03
5.395000000000000000e+03
5.181000000000000000e+03
5.075000000000000000e+03
5.121000000000000000e+03
5.105000000000000000e+03
5.254000000000000000e+03
5.161000000000000000e+03
5.059000000000000000e+03
5.093000000000000000e+03
5.095000000000000000e+03
5.227000000000000000e+03
5.295000000000000000e+03
5.349000000000000000e+03
5.113000000000000000e+03
5.113000000000000000e+03
5.123000000000000000e+03
5.199000000000000000e+03
5.399000000000000000e+03
5.235000000000000000e+03
5.097000000000000000e+03
5.199000000000000000e+03
5.095000000000000000e+03
5.185000000000000000e+03
5.301000000000000000e+03
5.225000000000000000e+03
5.292000000000000000e+03
5.155000000000000000e+03
5.139000000000000000e+03
5.245000000000000000e+03
5.163000000000000000e+03
5.069000000000000000e+03
5.175000000000000000e+03
