2.271900000000000000e+04
2.259300000000000000e+04
2.243400000000000000e+04
2.253900000000000000e+04
2.300500000000000000e+04
2.287700000000000000e+04
2.319900000000000000e+04
2.285500000000000000e+04
2.298000000000000000e+04
2.317300000000000000e+04
2.268700000000000000e+04
2.318500000000000000e+04
2.233100000000000000e+04
2.279700000000000000e+04
2.314900000000000000e+04
2.289100000000000000e+04
2.325700000000000000e+04
2.272300000000000000e+04
2.296300000000000000e+04
2.285900000000000000e+04
2.283500000000000000e+04
2.282500000000000000e+04
2.289900000000000000e+04
2.286900000000000000e+04
2.315500000000000000e+04
2.319600000000000000e+04
2.246900000000000000e+04
2.283300000000000000e+04
2.313100000000000000e+04
2.264200000000000000e+04
2.313500000000000000e+04
2.256900000000000000e+04
2.290700000000000000e+04
2.311600000000000000e+04
2.312900000000000000e+04
2.335500000000000000e+04
2.305300000000000000e+04
2.276900000000000000e+04
2.285500000000000000e+04
2.278700000000000000e+04
2.318100000000000000e+04
2.287500000000000000e+04
2.302700000000000000e+04
2.288100000000000000e+04
2.265800000000000000e+04
2.290100000000000000e+04
2.307700000000000000e+04
2.301300000000000000e+04
2.337300000000000000e+04
2.276300000000000000e+04
2.299900000000000000e+04
2.246600000000000000e+04
2.286500000000000000e+04
2.275300000000000000e+04
2.231400000000000000e+04
2.292500000000000000e+04
2.243900000000000000e+04
2.336700000000000000e+04
2.264500000000000000e+04
2.296700000000000000e+04
2.330100000000000000e+04
2.258500000000000000e+04
2.271900000000000000e+04
2.238900000000000000e+04
2.250500000000000000e+04
2.247300000000000000e+04
2.239100000000000000e+04
2.244100000000000000e+04
2.252400000000000000e+04
2.262900000000000000e+04
2.275800000000000000e+04
2.238900000000000000e+04
2.250900000000000000e+04
2.221700000000000000e+04
2.216100000000000000e+04
2.227300000000000000e+04
2.230400000000000000e+04
2.258100000000000000e+04
2.227500000000000000e+04
2.288500000000000000e+04
2.273000000000000000e+04
