8.393000000000000000e+03
1.733900000000000000e+04
6.947000000000000000e+03
9.207000000000000000e+03
1.048500000000000000e+04
7.819000000000000000e+03
6.417000000000000000e+03
1.326100000000000000e+04
6.687000000000000000e+03
1.128700000000000000e+04
1.175900000000000000e+04
1.277500000000000000e+04
1.187900000000000000e+04
6.145000000000000000e+03
1.265600000000000000e+04
1.205400000000000000e+04
7.085000000000000000e+03
1.325900000000000000e+04
1.115100000000000000e+04
9.693000000000000000e+03
7.959000000000000000e+03
1.198100000000000000e+04
8.102000000000000000e+03
1.180700000000000000e+04
9.241000000000000000e+03
1.091200000000000000e+04
8.157000000000000000e+03
8.716000000000000000e+03
1.200800000000000000e+04
7.322000000000000000e+03
8.020000000000000000e+03
7.123000000000000000e+03
1.243900000000000000e+04
8.089000000000000000e+03
8.407000000000000000e+03
7.773000000000000000e+03
1.094700000000000000e+04
7.780000000000000000e+03
7.313000000000000000e+03
8.549000000000000000e+03
8.127000000000000000e+03
