1.461100000000000000e+04
1.582700000000000000e+04
1.612900000000000000e+04
1.488300000000000000e+04
2.922500000000000000e+04
1.440500000000000000e+04
1.377100000000000000e+04
2.611500000000000000e+04
1.309800000000000000e+04
1.302200000000000000e+04
1.256700000000000000e+04
1.214100000000000000e+04
1.287600000000000000e+04
1.320900000000000000e+04
1.214100000000000000e+04
1.172300000000000000e+04
1.216300000000000000e+04
1.241100000000000000e+04
1.252600000000000000e+04
1.274300000000000000e+04
1.244800000000000000e+04
1.233500000000000000e+04
1.259900000000000000e+04
1.238500000000000000e+04
1.250100000000000000e+04
1.279200000000000000e+04
1.210100000000000000e+04
1.158700000000000000e+04
1.200900000000000000e+04
1.246100000000000000e+04
1.123700000000000000e+04
1.198500000000000000e+04
1.191900000000000000e+04
1.138100000000000000e+04
1.090100000000000000e+04
1.125500000000000000e+04
1.164300000000000000e+04
1.183400000000000000e+04
1.204900000000000000e+04
1.168300000000000000e+04
1.232500000000000000e+04
1.214500000000000000e+04
1.235900000000000000e+04
1.234500000000000000e+04
1.205400000000000000e+04
1.174700000000000000e+04
1.216500000000000000e+04
1.203900000000000000e+04
1.169500000000000000e+04
1.169900000000000000e+04
1.161300000000000000e+04
1.209700000000000000e+04
1.119300000000000000e+04
1.164500000000000000e+04
1.156500000000000000e+04
1.120900000000000000e+04
1.126000000000000000e+04
1.173800000000000000e+04
1.200300000000000000e+04
1.157900000000000000e+04
1.137300000000000000e+04
1.099900000000000000e+04
1.134900000000000000e+04
1.161800000000000000e+04
1.098000000000000000e+04
1.107100000000000000e+04
1.114200000000000000e+04
1.104700000000000000e+04
1.129500000000000000e+04
1.107100000000000000e+04
1.109100000000000000e+04
1.117300000000000000e+04
1.088900000000000000e+04
1.112500000000000000e+04
1.150900000000000000e+04
1.144900000000000000e+04
1.117700000000000000e+04
1.151700000000000000e+04
1.130900000000000000e+04
1.156500000000000000e+04
1.112100000000000000e+04
1.126700000000000000e+04
1.131500000000000000e+04
1.137100000000000000e+04
1.123900000000000000e+04
1.152900000000000000e+04
1.150500000000000000e+04
1.148900000000000000e+04
1.088900000000000000e+04
1.109100000000000000e+04
1.197100000000000000e+04
1.116300000000000000e+04
1.123100000000000000e+04
1.086600000000000000e+04
1.137400000000000000e+04
1.132600000000000000e+04
1.117900000000000000e+04
1.122100000000000000e+04
1.188300000000000000e+04
1.162800000000000000e+04
1.147500000000000000e+04
1.082700000000000000e+04
1.192200000000000000e+04
1.197300000000000000e+04
1.144600000000000000e+04
1.144300000000000000e+04
1.084100000000000000e+04
1.129900000000000000e+04
1.113900000000000000e+04
1.154300000000000000e+04
1.148700000000000000e+04
1.128400000000000000e+04
1.170900000000000000e+04
1.146300000000000000e+04
1.119900000000000000e+04
1.135500000000000000e+04
1.154300000000000000e+04
1.130500000000000000e+04
1.070400000000000000e+04
1.124900000000000000e+04
1.128900000000000000e+04
1.196900000000000000e+04
1.148800000000000000e+04
1.181900000000000000e+04
1.183500000000000000e+04
1.149300000000000000e+04
1.114900000000000000e+04
1.123800000000000000e+04
1.131600000000000000e+04
1.129700000000000000e+04
1.108700000000000000e+04
1.164800000000000000e+04
1.179900000000000000e+04
1.190100000000000000e+04
1.190000000000000000e+04
1.180300000000000000e+04
1.171500000000000000e+04
1.133500000000000000e+04
1.127600000000000000e+04
1.167300000000000000e+04
1.117300000000000000e+04
1.182100000000000000e+04
1.190700000000000000e+04
1.145300000000000000e+04
1.147500000000000000e+04
1.137700000000000000e+04
1.129300000000000000e+04
1.124500000000000000e+04
1.141300000000000000e+04
1.101900000000000000e+04
1.150600000000000000e+04
1.200900000000000000e+04
1.142900000000000000e+04
1.148900000000000000e+04
1.105500000000000000e+04
1.147500000000000000e+04
1.194300000000000000e+04
1.218100000000000000e+04
1.173100000000000000e+04
1.141300000000000000e+04
1.140500000000000000e+04
1.114200000000000000e+04
1.165700000000000000e+04
1.163300000000000000e+04
1.091800000000000000e+04
1.070900000000000000e+04
1.090900000000000000e+04
1.122900000000000000e+04
1.132500000000000000e+04
1.081200000000000000e+04
1.114500000000000000e+04
1.082900000000000000e+04
1.082700000000000000e+04
1.128300000000000000e+04
1.093900000000000000e+04
1.155300000000000000e+04
1.131300000000000000e+04
1.149300000000000000e+04
1.111100000000000000e+04
1.128800000000000000e+04
1.171900000000000000e+04
1.113100000000000000e+04
1.090300000000000000e+04
1.087500000000000000e+04
1.094600000000000000e+04
1.093700000000000000e+04
1.145900000000000000e+04
1.134100000000000000e+04
1.068500000000000000e+04
1.082000000000000000e+04
1.127500000000000000e+04
1.121400000000000000e+04
1.137300000000000000e+04
1.138300000000000000e+04
1.107300000000000000e+04
1.122900000000000000e+04
1.122400000000000000e+04
1.137500000000000000e+04
1.062500000000000000e+04
1.086700000000000000e+04
1.091100000000000000e+04
1.098900000000000000e+04
1.098100000000000000e+04
1.104900000000000000e+04
1.092500000000000000e+04
1.067500000000000000e+04
1.080900000000000000e+04
1.087600000000000000e+04
1.078500000000000000e+04
1.112300000000000000e+04
1.113900000000000000e+04
1.111600000000000000e+04
1.121100000000000000e+04
1.091700000000000000e+04
1.089700000000000000e+04
1.044400000000000000e+04
1.068700000000000000e+04
1.115100000000000000e+04
1.124300000000000000e+04
1.112300000000000000e+04
1.072500000000000000e+04
1.099000000000000000e+04
1.093900000000000000e+04
1.089100000000000000e+04
1.086900000000000000e+04
1.095700000000000000e+04
1.081100000000000000e+04
1.062400000000000000e+04
1.075900000000000000e+04
1.084900000000000000e+04
1.078100000000000000e+04
1.059200000000000000e+04
1.099900000000000000e+04
1.081100000000000000e+04
1.091500000000000000e+04
1.101500000000000000e+04
1.124000000000000000e+04
