3.661339521408081055e+00
3.666845321655273438e+00
3.618106126785278320e+00
3.618143558502197266e+00
3.671078681945800781e+00
3.581826925277709961e+00
3.600362062454223633e+00
3.643713712692260742e+00
3.626293659210205078e+00
3.648528575897216797e+00
3.632326841354370117e+00
3.642851352691650391e+00
3.587828874588012695e+00
3.600174665451049805e+00
3.657844066619873047e+00
3.648153066635131836e+00
3.584200620651245117e+00
3.600820064544677734e+00
3.563949584960937500e+00
3.656010627746582031e+00
3.639674425125122070e+00
3.598454713821411133e+00
3.550445556640625000e+00
3.675390481948852539e+00
3.578244924545288086e+00
3.629011392593383789e+00
3.639589071273803711e+00
3.595077514648437500e+00
3.622077941894531250e+00
3.613451004028320312e+00
3.663116455078125000e+00
3.664480924606323242e+00
3.646893024444580078e+00
3.629410028457641602e+00
3.640259981155395508e+00
3.589280605316162109e+00
3.580518722534179688e+00
3.612280607223510742e+00
3.636596679687500000e+00
3.607736349105834961e+00
3.636823654174804688e+00
3.637389421463012695e+00
3.653574228286743164e+00
3.597814798355102539e+00
3.639968395233154297e+00
3.651832580566406250e+00
3.599252700805664062e+00
3.649384260177612305e+00
3.621569633483886719e+00
3.635801792144775391e+00
3.582374095916748047e+00
3.619831085205078125e+00
3.619562864303588867e+00
3.635560989379882812e+00
3.585260629653930664e+00
3.643219470977783203e+00
3.621942520141601562e+00
3.650760650634765625e+00
3.580567836761474609e+00
3.624421358108520508e+00
3.694040298461914062e+00
