7.449856733524355679e-02
6.506364922206506196e-02
3.708439897698209697e-02
4.871447902571041794e-02
2.944507361268403067e-02
3.601440576230491991e-02
6.183115338882282791e-02
4.678362573099414945e-02
4.010025062656641381e-02
2.973977695167286106e-02
3.783102143757881286e-02
4.081632653061224164e-02
5.134788189987163354e-02
5.005959475566150452e-02
3.033838973162193697e-02
4.793608521970705444e-02
4.915912031047865727e-02
7.240948813982521493e-02
4.634146341463414587e-02
7.961399276236429123e-02
6.642066420664206883e-02
7.402912621359222789e-02
8.796296296296296502e-02
9.015421115065243296e-02
1.126070991432068513e-01
7.603686635944700845e-02
1.143523920653442272e-01
1.019108280254777121e-01
1.035758323057953123e-01
8.376963350785340823e-02
1.038062283737024166e-01
1.148886283704572131e-01
8.997722095671981113e-02
1.153374233128834359e-01
7.213114754098361170e-02
8.256880733944954587e-02
5.750798722044728195e-02
8.080808080808081495e-02
7.134363852556480090e-02
1.071811361200428747e-01
8.826695371367061782e-02
1.101992966002344615e-01
9.454545454545454364e-02
7.775119617224880708e-02
5.933250927070457537e-02
5.812701829924649816e-02
4.179104477611940427e-02
7.100591715976331542e-02
4.767309875141884090e-02
4.114285714285714074e-02
6.962785114045617896e-02
6.176783812566560145e-02
5.145413870246084986e-02
3.925417075564278935e-02
5.336179295624333269e-02
4.117009750812567620e-02
6.269592476489027622e-02
4.670050761421319641e-02
2.938090241343126879e-02
4.250797024442082989e-02
3.201707577374599684e-02
5.737704918032787010e-02
5.060506050605060452e-02
3.278688524590164105e-02
3.003003003003002977e-02
4.965243296921548893e-02
3.091787439613526492e-02
3.937823834196891443e-02
4.334975369458127920e-02
5.245901639344262291e-02
5.279187817258883253e-02
3.417085427135678477e-02
2.925809822361546617e-02
5.133689839572192631e-02
4.401913875598086057e-02
2.423112767940354198e-02
3.515263644773358037e-02
3.639846743295019338e-02
4.710144927536231985e-02
2.954755309325946336e-02
4.100652376514445779e-02
