2.680000000000000000e+02
3.440000000000000000e+02
3.400000000000000000e+02
3.340000000000000000e+02
3.900000000000000000e+02
4.080000000000000000e+02
3.720000000000000000e+02
3.960000000000000000e+02
4.200000000000000000e+02
3.940000000000000000e+02
4.260000000000000000e+02
4.580000000000000000e+02
4.200000000000000000e+02
4.720000000000000000e+02
4.480000000000000000e+02
4.660000000000000000e+02
5.700000000000000000e+02
5.900000000000000000e+02
5.440000000000000000e+02
6.660000000000000000e+02
6.340000000000000000e+02
5.480000000000000000e+02
6.600000000000000000e+02
7.000000000000000000e+02
7.180000000000000000e+02
7.780000000000000000e+02
8.400000000000000000e+02
9.780000000000000000e+02
9.760000000000000000e+02
9.580000000000000000e+02
1.068000000000000000e+03
1.040000000000000000e+03
1.062000000000000000e+03
1.040000000000000000e+03
1.042000000000000000e+03
9.640000000000000000e+02
1.058000000000000000e+03
1.226000000000000000e+03
1.308000000000000000e+03
1.630000000000000000e+03
1.704000000000000000e+03
1.506000000000000000e+03
1.342000000000000000e+03
6.700000000000000000e+02
5.120000000000000000e+02
4.560000000000000000e+02
4.000000000000000000e+02
3.420000000000000000e+02
3.520000000000000000e+02
3.440000000000000000e+02
3.060000000000000000e+02
3.660000000000000000e+02
4.280000000000000000e+02
3.720000000000000000e+02
3.440000000000000000e+02
3.540000000000000000e+02
4.200000000000000000e+02
3.380000000000000000e+02
3.200000000000000000e+02
3.900000000000000000e+02
4.020000000000000000e+02
3.340000000000000000e+02
3.660000000000000000e+02
3.680000000000000000e+02
3.520000000000000000e+02
3.460000000000000000e+02
3.260000000000000000e+02
3.320000000000000000e+02
3.020000000000000000e+02
3.220000000000000000e+02
3.480000000000000000e+02
3.600000000000000000e+02
3.320000000000000000e+02
3.300000000000000000e+02
3.520000000000000000e+02
3.580000000000000000e+02
3.600000000000000000e+02
3.940000000000000000e+02
3.720000000000000000e+02
3.520000000000000000e+02
3.000000000000000000e+02
