1.219697609595404991e-01
6.708149946881165893e-02
1.231502201689164827e-01
6.659729448491155668e-02
6.693050059015483166e-02
2.698253650157457842e-02
9.686550676608671195e-02
1.191456690165421939e-01
2.345326745076205602e-02
6.910625345877144388e-02
1.082718284361509492e-01
1.112199216564073861e-01
6.871294035577257819e-02
1.276656443905570260e-02
1.180245535714285754e-01
9.160146783909160761e-02
1.049696800724890244e-01
2.386252956727424532e-02
1.055973497135758166e-01
1.202238651281696963e-01
1.073315022184660877e-01
1.137074900897141611e-01
1.285339551151267745e-01
2.034739454094292715e-02
1.210948494230228017e-01
1.083304042179261822e-01
8.952449052556310516e-02
6.225268513284341193e-02
9.193706981317600890e-02
1.082726763717805213e-01
1.127641824249165786e-01
2.245371999718448822e-02
1.399247105618296738e-02
1.210450966356478170e-01
1.004403438876074611e-01
7.727709850254155244e-02
6.263766519823787959e-02
1.134561004207186724e-01
1.128410227110412806e-01
9.221722587340021315e-02
1.052153878377434931e-01
5.482700892857143155e-02
1.164239708765051756e-01
1.212960989128117617e-01
2.378571428571428503e-02
9.216428371180263035e-02
1.108664772727272763e-01
1.118565073088058776e-01
1.184933487565066473e-01
2.184707050645481527e-02
1.892521714568180108e-02
3.154530294608115515e-02
1.065812463599301041e-01
1.215577998982779878e-01
5.077125268036245670e-02
1.106323835997220228e-01
1.636853373851785212e-02
2.044280964844026258e-02
5.832236614255038865e-02
1.068408387762117551e-01
1.137243856066474240e-01
1.119090782317668370e-01
2.051209506295091287e-02
9.278640162955678616e-02
2.818679007151872126e-02
1.148358985171129415e-01
1.205405798154472186e-01
1.185054635178004884e-01
6.738945578231292366e-02
1.163026917216861411e-01
9.304886441844459344e-02
6.592867652210467055e-02
6.124729380543333934e-02
1.368805278674715790e-02
4.449519064424607012e-02
9.540661051737561738e-02
1.124401913875598125e-01
1.144271668642354023e-01
1.119740186388026026e-01
8.632748217224354981e-02
1.223786268313702963e-01
9.477055915326230984e-02
9.886066095817705457e-02
1.171978060126362547e-01
1.234531307891811730e-01
8.960523567499825703e-02
1.136412306374473546e-01
9.597008724553385273e-02
6.467945518077444778e-02
1.234179478012155939e-01
1.165136971904995461e-01
8.702586505790167737e-02
2.346249555634553896e-02
6.888459414688018201e-02
1.127499645440363102e-01
6.588682968078359015e-02
1.133574007220216617e-01
2.181896737956362173e-02
1.138346189892581600e-01
6.650071123755334213e-02
6.331284836358438972e-02
1.132478632478632480e-01
1.007517740462305911e-01
1.128435141677345821e-01
1.179556248670872581e-01
6.702718087377258771e-02
1.871252077162054855e-02
1.247613452783081223e-01
1.232255231962534753e-01
9.390007884739445809e-02
2.292490118577075048e-02
1.180856351629624434e-01
1.229490880923878593e-01
2.190300099559095576e-02
1.011854951185495177e-01
9.475465313028764991e-02
6.616667834863670938e-02
2.143264027342637462e-02
1.151497941218230930e-01
1.188340807174887853e-01
1.179886685552407888e-01
1.089330922242314620e-01
5.178406753209902763e-02
8.378301618858279010e-02
1.059583424051092210e-01
1.049456331111890545e-01
1.682296513708926924e-02
2.437123627346794025e-02
1.069591311803372441e-01
9.597457627118644030e-02
1.075581395348837281e-02
8.995491687799379854e-02
6.890876565295170342e-02
1.145197212443422596e-01
6.754669288021344919e-02
7.802458787370773752e-02
1.187549996363900795e-01
9.734200480701257763e-02
1.270236612702366208e-01
8.350877192982456010e-03
2.110912343470483163e-02
5.030572540300166928e-02
2.368987796123474612e-02
7.090103397341211700e-02
9.710503345941227937e-02
1.107021517553793827e-01
6.112919201924437579e-02
1.972971019729710326e-02
9.537451089994410103e-02
5.664256344817807792e-02
7.309857122239861449e-02
6.188154309479420440e-02
1.044637099663251467e-01
2.317856884973644449e-02
1.068917018284106929e-01
9.421766317712358674e-02
6.306371311061403917e-02
1.218964893231994223e-01
1.219264524552114287e-01
1.195644283121597151e-01
9.153982300884955237e-02
1.196568769991276510e-01
1.594698900458748833e-02
1.241863156372052662e-01
4.306463326071169329e-02
6.688914683691235541e-02
1.071063767692981145e-01
5.966638152266894729e-02
1.147227533460803105e-02
7.005584161287983780e-02
6.525134904856574880e-02
1.112791702679343103e-01
1.029197080291970740e-01
1.010600706713780939e-01
1.220567740042543814e-01
9.635036496350364577e-02
1.071758765379418193e-01
1.301568423399985241e-01
1.084578537213126415e-01
1.079239870921477190e-01
1.142263014484439926e-01
6.699015063731170172e-02
9.470361276745001278e-02
1.770810653893606368e-02
1.042877906976744234e-01
9.860564890954594264e-02
9.716541083602439621e-02
1.287113903223393863e-01
1.233414869172040629e-01
6.300403225806451568e-02
2.203279635917070045e-02
8.097281831187411183e-02
6.322747521195573595e-02
1.261334918983202102e-01
1.095320126327878202e-01
9.250398724082935231e-02
9.082733812949640717e-02
1.108846013833272720e-01
1.182180369431365397e-01
6.628178895059924636e-02
1.181738109219025307e-01
1.157573047107930825e-01
2.174233490566037860e-02
2.111094475220841316e-02
1.262570652572854724e-01
9.941180742139278659e-02
9.757509952949691701e-02
1.022769690182903993e-02
2.259180219295018124e-02
1.126156623786955524e-01
3.794115541556303262e-02
1.017418555498870308e-01
8.768313332842524177e-02
2.451622290120762312e-02
1.144878365696960915e-01
1.122679286494357442e-01
3.922445935868754813e-02
1.209053007742704050e-01
8.041313168572482295e-02
1.095989575792674087e-01
1.245283018867924529e-01
6.457712166387899466e-02
1.154725890946653871e-01
4.565807825001835102e-02
1.235906015858005413e-01
1.197527095099984729e-01
1.301734631771150341e-01
7.425558773297690493e-04
8.090542357687136032e-02
1.992887835234849470e-02
1.209459459459459457e-01
1.223439946320733634e-01
2.195907966724125124e-02
1.001940631064472120e-01
1.294642857142857262e-01
1.181893127482575162e-01
1.545434281893156951e-02
1.125639152666179643e-01
6.348626534190532356e-02
6.531151390621560415e-02
2.422480620155038900e-02
1.288997108507076439e-01
1.023296962547921019e-01
1.296773216179366861e-01
2.304526748971193542e-02
1.190494040032985951e-01
1.075252370755582776e-01
1.149230655967017622e-01
1.249519415609380985e-01
1.549169286035024726e-02
6.584638329604772244e-02
1.159803551190026483e-01
1.241256023628167227e-01
9.763987942063083458e-02
6.686522710349962484e-02
1.121933085501858746e-01
9.463961235614779324e-03
1.217538438902376202e-01
2.329937069223853713e-02
1.226465431816449458e-01
9.765741569680692902e-02
6.639435573709617788e-02
1.227700414000752749e-01
1.847225376637141175e-02
1.082952703698246699e-01
1.186884236453202013e-01
2.292584571727279349e-02
1.206225680933852157e-01
2.223566782635002376e-02
2.122210025612879594e-02
1.011887290871734679e-01
1.122586439155815047e-01
1.194756554307116053e-01
9.462633974453089902e-02
1.071646341463414615e-01
5.756831439975437607e-03
1.105936275596954288e-01
1.206845015692721568e-01
1.134680654119099019e-01
1.233946676680435645e-01
1.292480802858663423e-02
1.998755638512987945e-02
9.929078014184397616e-02
5.984440454817474423e-04
1.099398708336426361e-01
1.121433311214333067e-01
6.059708126527890704e-02
1.231317805932782006e-01
1.164996557790866638e-01
1.109605540499849496e-01
2.273949450718291618e-02
2.271866717152593723e-02
1.552581261950286735e-02
1.213280293757649925e-01
1.235482110842622133e-01
1.173285198555956699e-01
9.712309616658082456e-02
8.679900369839232965e-02
9.571565518767052860e-02
1.072574028492578463e-01
9.522022960906430245e-02
1.116446578631452580e-01
1.109629629629629577e-01
1.076048754954011810e-01
2.234253469574500398e-02
9.735804991971974687e-02
9.091579957198731021e-02
1.189281025561819416e-01
8.719044811320754429e-02
9.019839221181502609e-02
9.348441926345608943e-02
8.923315259488769080e-02
8.431690764237238789e-02
1.198973817248924767e-01
2.230455164070769755e-02
1.148156325899757080e-01
1.192362840540336644e-01
1.129723114578552873e-01
1.307698356530628270e-01
1.043095735162540977e-01
8.510638297872340219e-02
1.216383307573415812e-01
1.220487881402462921e-01
1.089199029126213525e-01
3.390875462392108335e-03
4.822716346153846367e-02
4.338475229902106350e-02
9.558660456864050137e-02
7.018605354711843214e-02
6.484948330088363688e-02
8.185265036056799115e-02
9.579439252336448274e-02
1.767191701882443386e-02
1.016094341022027725e-01
2.492948082640847676e-02
1.143161580028921598e-01
9.260806806958900295e-02
9.496783957623912420e-02
6.552320770330248567e-02
9.865538600997129925e-02
1.088594244387524473e-01
1.120370370370370322e-01
1.254388764762208730e-01
1.095985768427565898e-01
2.212424218565467449e-02
8.157330884603611332e-02
1.773628938156359552e-02
4.326960900007867199e-03
1.226095852679625342e-01
2.434266989155028579e-02
2.229425251007984693e-02
6.344902386117136361e-02
1.089708737864077681e-01
1.201803482587064653e-01
1.264212451299991935e-01
1.193110972568578593e-01
5.502466091245376140e-02
1.068326800399661825e-01
9.032853735477418267e-02
1.147831445959479196e-01
9.680933852140077844e-02
1.008333333333333304e-01
1.144403781640744161e-01
8.147013782542113225e-02
2.403433476394849916e-02
7.155733207931655460e-02
2.188369935044849959e-02
1.175303547337512855e-01
1.157837247405789222e-01
7.160342717258262601e-02
2.303039702233250496e-02
2.379456572954295746e-02
1.169796857033346127e-01
1.074589127686472884e-01
1.140867702196036448e-01
2.260732571878692337e-02
1.225219622172121631e-01
1.242767694380597643e-01
1.286339481087840075e-01
1.144508670520231197e-01
1.239126996678791698e-01
1.015924054509263486e-01
1.171198774415932592e-01
4.677730605943650893e-02
6.431014823261117785e-02
2.089831565814098679e-02
7.587811468027619299e-02
1.272596384578467410e-01
5.298513095327949535e-02
1.233070866141732225e-01
1.008332047523530367e-01
2.205825242718446530e-02
8.854087089381207365e-02
2.169214142349853297e-02
1.174233782036656765e-01
6.819742161873522390e-02
1.105422387712357429e-01
1.207694763729246501e-01
6.574368285671054746e-02
1.200496008680151938e-01
1.285152939363587432e-01
1.073167021600243409e-01
1.276478895339714370e-01
1.013056835637480835e-01
1.133312995729103129e-01
1.232458816351433839e-01
1.110263258298359451e-01
1.006634637382749914e-01
6.286790675771132542e-02
2.213704630788485700e-02
9.704833447150770787e-02
6.084959816303099622e-02
1.149144254278728627e-01
5.883682386620461141e-02
1.112995221211654090e-01
2.203748725590149934e-02
1.229333122379558524e-01
1.061960908443459750e-01
9.519253767041377379e-02
1.199105859811591956e-01
1.822571851390295330e-02
1.086247086247086185e-01
6.969556482769277694e-02
9.983268265476855086e-02
7.051879465672569736e-02
1.133693972179289078e-01
2.040178222465410807e-02
1.150691352238106396e-01
1.086257085950666501e-01
1.003489077669902918e-01
1.116167849429188508e-01
1.712166640366103929e-02
8.789614356624665670e-02
7.950857672693556477e-02
1.034591194968553507e-01
1.934080103150939006e-02
6.507375537799631182e-02
1.271077565440822121e-01
1.269230769230769162e-01
1.172878170999060443e-01
2.350223072020395099e-02
1.541935986293902286e-02
6.062495129743629418e-02
1.250791640278657302e-01
1.277230918186219033e-01
2.339366158223346245e-02
8.120595144870790261e-02
6.017905799922148441e-02
1.151862002256972412e-01
1.223425274638425680e-01
6.066797642436149579e-02
6.895499618611747317e-02
1.105028544615625219e-01
1.654135338345864500e-02
7.448846654916085885e-02
1.246293116903386955e-01
1.029129198370609538e-01
1.023550724637681125e-01
1.199602172748833323e-01
2.201084820375756590e-02
1.183706070287539880e-01
6.956054912186517003e-02
6.801315890138474873e-02
1.222501571338780596e-01
2.439975054568132087e-02
9.569966920532348154e-02
1.292827409542106898e-01
1.270621827411167470e-01
1.060343469355601032e-01
5.649934660619571059e-02
1.042756075053829640e-01
6.525272853936063544e-02
2.215431627196333061e-02
1.223599095939521403e-01
1.114731207819408959e-01
2.237762237762237760e-02
1.195906889548508101e-01
1.270488649480569499e-01
1.119937694704049858e-01
1.218440396292745226e-01
6.741484232988223524e-02
9.562130177514792384e-02
9.560506638180986394e-02
1.015110422316931466e-01
1.236160892074870538e-01
1.186698717948717896e-01
1.047575128737222305e-01
3.933715347684683256e-02
7.263604785796989871e-02
1.243118168036383975e-01
1.230358010691721959e-01
5.039664022398506610e-02
1.229442759061152857e-01
2.070703094244547710e-02
1.197009464726000172e-01
1.108742004264392372e-01
1.236588189888074146e-01
1.159262429004901535e-01
1.275023832221162945e-01
1.746863585834524529e-02
2.173568142154529495e-02
1.759962784927895929e-02
7.104588865595154457e-02
7.189239332096475366e-02
1.203825094470579171e-01
1.069577509030940760e-01
1.249224084419615077e-01
1.161941747572815542e-01
1.151022957988442896e-01
1.175792063980313773e-01
1.196484721438361709e-01
9.465660729563661613e-02
1.035325658413499411e-01
5.286099223331748587e-02
1.152232913890944982e-01
1.154356134466890255e-01
1.207472178060413348e-01
1.004948914431673113e-01
1.172550575168583853e-01
1.235891189606171392e-01
2.218220512400752992e-02
1.173078442215024914e-01
1.215689332501559555e-01
1.064379699248120259e-01
7.359341615889847255e-02
1.185083319851156780e-01
1.017176173967853786e-01
1.018002744813110566e-01
9.786321391691159277e-02
1.813577322114206386e-02
1.187566636594767494e-01
1.029236985975754692e-01
8.355902501194838183e-02
1.183336035013778514e-01
1.243024666397088557e-01
1.257407257082555352e-01
1.230194198423661400e-01
1.124769020647545525e-01
1.004095133091825465e-01
7.194533762057878090e-02
1.008335356478109596e-01
8.069645412625219005e-02
1.173820251363528605e-01
1.211000321646831801e-01
4.715597746391912010e-02
1.114987981701170833e-01
1.500238133036990024e-02
9.431800824805254557e-02
6.291866028708134606e-02
1.177274188363870155e-01
7.013433302093095845e-02
1.217212140423171440e-01
1.058758750884920968e-01
1.092720306513410011e-01
1.190069821567106279e-01
2.254339800487000292e-02
9.849489199095375069e-02
9.956845821890937531e-02
2.336780611036551672e-02
1.120018863475595317e-01
1.054089405247364830e-01
1.171163782498154671e-01
2.218389903582346917e-02
1.248297412066340789e-01
1.231816048803378721e-01
6.231872697342635131e-02
1.140231721933679526e-01
1.077007614412434228e-01
1.566331777549244408e-02
1.157633558191827616e-01
1.012436102845807595e-01
8.348386083405325009e-02
1.055179833999385225e-01
1.129235618597320689e-01
1.255943597311034721e-01
6.795501346428005351e-02
2.186009538950715522e-02
1.147540983606557402e-01
6.188643681771774374e-02
6.290297216543482006e-02
9.304511278195488899e-02
6.336477987421383629e-02
2.381523215855510175e-02
1.879455605962410819e-02
1.200190506429592019e-01
1.172897196261682290e-01
1.136812189152917041e-01
1.070260786346598630e-01
1.116489446119663526e-01
2.268859897901304504e-02
1.258630267439092010e-01
1.112316874660879001e-01
1.283689686245596817e-01
2.068690095846645316e-02
6.504441869447663560e-02
1.164708628335797136e-01
1.233019853709508840e-01
2.231718898385565142e-02
8.683516824313847193e-02
7.605344295991778303e-02
9.940745360985497880e-02
7.487507807620237543e-02
2.074489387264717710e-02
1.104207628784899670e-01
9.709039987552513240e-02
1.271460965338516436e-01
1.039259141997783825e-01
1.182448782061622794e-01
1.278516330215000718e-01
1.202879792913768009e-01
1.107843916395136324e-01
1.087315959373277713e-01
4.823631078639327441e-02
1.224767702659404073e-01
1.171242659895254667e-01
9.450497394599716161e-02
1.772335454765165685e-02
1.244546680415642148e-01
7.086123656751285027e-02
1.023737725199103110e-01
2.225639365490450147e-02
1.258763292634895725e-01
1.197978362157466614e-01
9.923070945683425126e-02
1.178163216369594729e-01
2.295270104106893888e-02
1.027746770849944230e-01
1.324503311258278145e-02
2.504121202606170160e-02
1.221516044024182346e-01
1.245643893346300296e-01
8.727104817608126452e-02
1.195844555598307019e-01
1.172440338722093855e-01
1.187869239858211912e-01
9.251615917763414410e-02
1.223529411764705949e-01
2.396378112559519047e-02
1.198790867870495602e-01
6.080557707203718132e-02
1.165781165781165779e-01
1.041784530833265998e-01
1.012627684388321403e-01
2.052809531476412763e-02
2.321724709784411117e-02
9.991577980246535429e-02
1.141732283464566983e-01
7.515723270440251291e-02
7.293291731669267197e-02
1.213241201992608098e-01
1.120207824923246526e-01
1.222115997450605451e-01
1.248068948695015834e-01
1.231601559392155321e-01
6.767095196782080269e-02
8.225644200263096395e-02
9.349624932333153171e-02
2.448270415416205908e-02
7.286117204638044298e-02
1.188822355289421151e-01
8.827309236947791793e-02
1.139875736816950841e-01
9.552523008568708507e-02
1.235546211692407220e-01
1.152114487859784570e-01
9.199211045364891204e-02
7.623388871424080504e-02
7.381538217318835138e-02
1.016909530117665328e-01
1.175905927525797978e-01
1.250809061488673268e-01
1.016241299303944357e-01
1.250498127042320995e-01
1.094273408837135170e-01
1.064461748414546050e-01
1.711374671654859389e-02
7.550674311556165863e-02
1.756896414659352840e-02
1.235667802912922275e-01
1.098171017664530263e-01
1.079108764847449692e-01
8.697022215219789298e-02
1.178620745674599929e-01
1.076736672051696320e-01
1.075913473223689548e-01
6.122114912424291705e-02
2.305756271819436529e-02
1.144325820482404166e-01
7.045149047204871118e-02
7.467818021907732251e-02
2.531749283080704516e-02
1.175340272217774151e-01
1.063606239392225067e-01
1.211827435773145945e-01
1.134527280299875013e-01
1.124767526481765950e-01
1.099145018086155889e-01
2.574570904849191738e-02
1.150544734235721400e-01
1.225666304620268987e-01
7.364566863609886549e-02
5.620967741935484208e-02
7.592904727506220863e-02
1.103742302226432964e-01
1.197798640336678599e-01
1.204347478622232875e-01
1.131520940484937593e-01
1.044401231567006899e-01
6.793279766252739715e-02
1.192272614211093568e-01
1.230125523012552263e-01
1.108738501971090612e-01
9.726059840530512646e-02
5.863061910094385237e-02
2.589690721649484662e-02
2.569074163839069405e-02
1.208809003319569197e-01
1.028969447522558173e-01
2.658217430664142761e-02
1.035619522392860065e-01
1.156041089189629861e-01
1.056280587275693350e-01
9.326947315351651058e-02
1.172533465542885539e-01
6.196581196581196771e-02
1.014873859807708112e-01
1.158275748601513694e-01
1.045043577421194136e-01
1.145342220777109399e-01
1.076043737574552683e-01
1.015847216578626561e-01
1.154936421802867097e-01
1.157294896505488974e-01
1.222400812114034369e-01
1.218728283530229328e-01
1.671574571280097163e-02
2.526424336169115839e-02
1.713718023015150388e-02
1.056020066889632042e-01
1.202663337494798146e-01
1.694915254237288130e-02
1.195596951735817121e-01
1.276210199326947847e-01
1.076276664511958692e-01
2.761212319254962785e-02
1.026818666447961992e-01
1.178208073514932785e-01
5.293827971109651975e-02
1.266925398878827047e-01
2.247286295793758312e-02
1.166610512129380023e-01
1.233310510099281110e-01
8.061275740833752368e-02
1.153277476589452955e-01
1.294832320878755161e-01
5.707799578401167445e-02
1.993815104166666782e-02
1.244792109514497036e-01
2.494368899641278073e-02
1.009575697540036343e-01
7.667022762757827459e-02
1.106526941166762895e-01
7.835017392744740572e-02
8.071673783806414260e-02
1.258710801393728151e-01
1.263060330299966283e-01
1.013346515076618826e-01
9.532790398628375461e-02
1.024663313321434316e-01
1.212924181553979019e-01
6.694138424018164502e-02
1.213460231135282119e-01
7.246885418494472542e-02
1.270251023678120039e-01
1.235052650365875415e-01
4.929514231839813437e-02
1.892961624505248505e-02
7.652889784946236007e-02
7.782328847279110229e-02
1.063488037873023956e-01
6.378263010999836446e-02
1.273874341024976153e-01
2.403639797407502651e-02
1.040371383569592967e-01
7.760792877540735601e-02
1.266497461928934032e-01
1.004477004477004470e-01
2.740170247263883432e-02
1.295765142567909534e-01
7.691054261039595441e-02
1.108084288117939242e-01
2.122601460349804806e-02
1.214470284237726128e-01
1.307632866832660890e-01
1.703311028069870448e-02
1.304422646704525846e-01
1.117682351932801910e-01
1.190177900275620204e-01
7.643687847631890075e-02
5.130390318731890137e-02
1.194729395118500209e-01
1.217564870259481014e-01
3.001470461032782616e-02
2.712873020040255587e-02
2.525164873307879365e-02
1.140816859705651859e-01
1.002592912705272260e-01
2.564102564102564014e-02
1.262972882490793480e-01
8.638185384156220337e-02
2.511241197929922966e-02
1.155851447822250772e-01
2.749140893470790326e-02
1.163734776725304509e-01
1.227340761683020087e-01
7.135071686090382892e-02
7.556049974328256369e-02
2.131979695431471949e-02
1.090363454484828271e-01
1.222916845080071896e-01
2.671982356433963771e-02
2.929915099051107197e-02
1.274376801763608680e-01
7.464066571404555372e-02
9.837711226367742978e-02
3.960737041501635747e-02
1.155422715627668628e-01
5.691056910569105426e-02
1.152629826897470094e-01
1.217844628664216666e-01
8.231894211402049355e-02
1.217511441153613649e-01
1.133670268386197250e-01
1.231666372150556632e-01
1.119539628563955003e-01
7.859268335375459158e-02
1.147908581285036617e-01
1.295771989429973514e-01
1.220296587457566501e-01
2.770508076888367546e-02
1.085494716618635863e-01
1.205479452054794565e-01
1.126965140123034892e-01
8.703895208548776893e-03
1.235340798871351758e-01
9.924255465656739439e-02
1.101752594861323820e-01
3.022339027595269401e-02
1.257799964343020160e-01
2.903225806451613031e-02
1.099406922191732278e-01
1.125965795641982875e-01
1.186307812908283243e-01
7.649500927479904733e-02
2.743034589838695692e-02
1.267217630853994526e-01
2.587081501521812724e-02
2.773315295510273004e-02
2.897086070405928762e-02
1.270967203538345969e-01
1.085542771385692856e-01
1.240421052631578980e-01
8.096244513087302863e-02
5.490792363574928392e-03
1.048454469507101028e-01
1.310654903291482987e-01
1.305812973883740437e-02
9.961813049975094814e-02
1.231803864816548855e-01
1.231789234929774046e-01
1.247736327417602320e-01
1.227565778010106246e-01
1.292193179851133800e-01
1.244165322922854977e-01
1.003554600314127410e-01
1.013000610766948834e-01
5.091225021720243576e-02
1.160799238820171275e-01
1.040108769544527550e-01
1.153323134455209870e-01
8.115093039283252652e-02
1.054369918699187003e-01
7.479412513795738460e-02
1.938775510204081634e-02
1.111894273127753269e-01
7.944449236608297493e-02
7.725845831880014114e-02
7.754923413566740253e-02
1.266743546527100139e-01
7.715133531157269964e-02
1.096348438187417507e-01
1.255969006216776374e-01
1.211513936964838806e-01
1.241443108233117459e-01
1.034050179211469522e-01
5.808059111607526137e-02
1.222977146386658442e-01
1.216105176663927756e-01
1.168807671431156131e-01
9.835339943342776003e-02
5.364750891226850033e-02
1.157805907172995835e-01
1.158105070352177107e-01
1.259158289316749113e-01
7.592100896116826814e-02
2.507248848712263431e-02
1.261870134314312664e-01
1.259555555555555428e-01
7.559931506849315586e-02
1.308858019123218530e-01
1.259292035398230092e-01
1.177694909374728954e-01
7.245096306767979943e-02
1.098910751932536956e-01
1.234445446348061276e-01
1.234143763213530615e-01
6.367432150313152850e-02
1.023982056590752310e-01
8.181179775280898736e-02
9.550754458161865579e-02
1.239106048839416635e-01
2.677875032498483465e-02
1.174914675767918110e-01
3.014462449904164662e-02
1.104011359602413977e-01
8.411637152150343300e-02
8.455978402856396958e-02
7.487684729064039701e-02
8.886379430159832560e-02
1.037801890094504770e-01
4.659061220935295511e-02
2.871876944963101114e-02
2.102555003548615964e-02
2.425144458063386438e-02
6.897174325178297150e-02
1.087155125159875724e-01
1.195490122996645532e-01
1.203323558162267826e-01
1.051888125058856732e-01
1.148229454996659293e-01
1.288450377248984424e-01
1.078084679346267838e-01
1.010301483791702093e-01
1.001802485532681947e-01
1.207383688076850564e-01
7.092393797596109606e-02
1.114058355437665820e-01
1.240685543964232529e-01
1.233545061216975020e-01
1.174025494180676171e-01
2.621507845388442240e-02
1.202041202041202045e-01
1.143749390065385008e-01
8.529012225887831755e-02
1.288749885015177954e-01
1.023762730033946772e-01
1.194446948526097507e-01
5.806565478291563637e-02
1.257968932387537042e-01
1.260679876386111564e-01
1.211282692136034927e-01
1.282325664348136218e-01
9.726524471192141141e-02
6.622814921607496352e-02
1.159017569021154603e-01
1.233527566113850338e-01
1.151171774401236192e-01
9.938956237640787783e-02
1.034274367607700973e-01
8.650338718082334344e-02
1.103436366776031768e-01
8.388157894736841813e-02
9.838239193847785058e-02
1.187499999999999944e-01
1.234556767968256891e-01
1.143543956043956006e-01
1.186186186186186237e-01
1.001063075832742677e-01
1.126151532242902764e-01
1.218342981186685964e-01
9.380796749403762236e-02
1.220640569395017860e-01
1.211384310546699122e-01
1.225289403383793413e-01
1.144446470910085722e-01
2.866009492515516482e-02
1.128658101356174170e-01
1.161731207289293799e-01
1.172151450813871260e-01
1.289780681287914232e-01
1.039932666230244107e-01
1.173194728049006819e-01
1.109823497949723597e-01
2.521627093686729104e-02
1.252759381898454760e-01
8.196104262727016421e-02
3.292340466737678217e-02
1.110492107706592402e-01
8.466029723991506939e-02
1.263304025913928874e-01
9.957776213933849929e-02
3.406690140845070741e-02
1.158692395805797914e-01
2.879929109437306262e-02
1.081893958924121379e-01
7.740567288150569658e-02
8.985115020297700095e-02
7.138321995464852465e-02
2.421860720160847955e-02
1.197732763426872377e-01
8.979779411764705899e-02
1.195321414986686981e-01
1.194144838212634757e-01
1.308307006132689021e-01
2.659870250231696071e-02
1.261893320518981121e-01
1.072046634484014882e-01
1.104565537555228238e-01
1.197803238329703673e-01
2.619966905681191463e-02
1.987810595405532094e-02
1.257927117841931008e-01
1.319949127906976660e-01
1.114393869448804392e-01
8.022352718317862785e-02
1.124597003603261952e-01
9.871244635193132666e-02
3.556948028013269536e-02
1.238052299368800763e-01
3.072702331961591274e-02
1.030341340075853346e-01
1.081386259011552220e-01
1.021735257438090155e-01
1.233219974941829195e-01
7.601515018056900774e-02
1.065617736456284659e-01
3.180673444641358288e-02
1.086838779563098073e-01
9.939459654829674307e-02
1.243020594965675019e-01
1.259370314842578609e-01
1.305893358278765182e-01
1.324947204113488264e-01
1.259086943879034470e-01
3.367163046571184509e-02
1.188896158519487795e-01
1.232719992372962176e-01
1.144389807778274509e-01
8.506770880668908241e-02
8.025466284074606049e-02
7.536466774716370220e-02
6.102507374631268439e-02
1.256633813495071916e-01
8.511827155894952091e-02
8.561301463237298848e-02
1.329847908745247220e-01
7.133191571621882998e-02
7.773109243697479132e-02
1.266623864991286708e-01
1.082972649415231553e-01
3.329969727547931607e-02
8.985879332477535175e-02
3.516377649325626298e-02
1.237580785183756138e-01
1.163636363636363635e-01
2.580348943985307647e-02
8.205038488453464396e-02
1.196498054474708223e-01
7.647480724403801777e-02
2.633977397010572527e-02
8.934298543022083094e-02
1.073613944001483439e-01
2.593053296335278909e-02
1.226965024445280245e-01
1.137776078018931103e-01
1.202886167283774843e-01
1.123723041997729821e-01
3.785011355034065272e-02
1.142857142857142821e-01
1.012873911397198096e-01
1.152244331328088900e-01
1.230438184663536771e-01
2.839240258468768430e-02
9.081144419490283504e-02
3.061921014139444217e-02
1.158690176322418192e-01
1.197313345663389428e-01
1.186033089649865396e-01
1.208506703652334757e-01
3.813640730067242857e-02
8.871718488177247897e-02
1.258598252463283274e-01
1.180366539647976776e-01
1.337754618664140083e-01
2.571157495256166936e-02
3.636363636363636187e-02
3.939541686981960084e-02
1.079523989421987129e-01
8.338081671415004115e-02
3.556939333899424710e-02
1.239160839160839134e-01
1.096283027317510039e-01
1.153810793417302527e-01
1.227560718057022215e-01
1.142178844632023155e-01
3.095975232198142427e-02
7.956650611337531820e-02
7.086104951958610565e-02
1.261599025213234471e-01
3.393501805054151971e-02
1.275043936731107275e-01
9.222490257932826341e-02
1.205840791333019357e-01
9.134980988593155438e-02
1.311895276038702318e-01
1.269245212166729142e-01
3.833988306335665841e-02
1.207009040917140508e-01
7.850378787878788123e-02
1.335750405495658710e-01
1.269494387603059549e-01
1.205893757270259797e-01
1.196540124939932670e-01
2.691023374582596911e-02
1.276491365777080167e-01
1.149798367266647026e-01
3.832062580453510225e-02
1.227486296006264632e-01
1.285140562248995866e-01
1.233506011142605774e-01
1.241561491047842719e-01
1.269223282071247905e-01
8.179570097013505459e-02
1.193215051666991627e-01
1.137977355593935841e-01
1.289505767607615205e-01
8.220247974226300991e-02
9.782082324455206035e-02
1.157599768093535569e-01
1.103216514642342827e-01
7.256214149139579572e-02
8.526537650890975151e-02
1.257751937984496193e-01
1.136494528700326412e-01
1.234486025580293633e-01
1.074946065097082820e-01
8.614657210401890919e-02
1.120120686403922317e-01
1.183037900303594153e-01
1.234291281052118799e-01
1.248909143799088461e-01
1.230061649867893181e-01
1.118874425727411914e-01
1.325012001920307381e-01
8.582550080698755912e-02
1.145564168819982742e-01
9.279609279609279948e-02
1.090942596517091995e-01
1.148763451010005598e-01
1.226560989754494485e-01
2.859358340602888293e-02
1.143508405356634117e-01
5.719626168224298951e-02
1.083697096223192324e-01
7.853304421608371666e-02
1.145965548504079834e-01
1.105215827338129481e-01
1.294194879489824757e-01
1.087279480037140200e-01
9.824983794795814906e-02
8.849309958970533185e-02
1.260669086628078139e-01
8.542471042471042053e-02
8.837843099085068710e-02
1.291462217860647743e-01
1.192491002820737223e-01
3.242708848245180742e-02
1.913453046806005281e-02
1.222154718509518012e-01
1.249042879019908181e-01
1.081002612987515682e-01
8.490930142802007030e-03
3.353688087622370972e-02
1.089061451442814715e-01
8.018599354716264560e-02
1.309636055063171656e-01
8.917565485362095867e-02
3.150976222694761020e-02
9.387793963629438576e-02
1.178297583228185980e-01
9.325973271353864280e-02
1.142040038131553886e-01
1.283996846669294423e-01
8.383291432991683834e-02
1.166004164300586815e-01
1.290848107331097339e-01
9.368694148169501301e-02
5.002382086707956449e-02
1.206616311310832745e-01
9.537489227233553191e-02
1.021735091956158248e-01
3.165592225536418419e-02
9.441653237273675559e-02
1.233551074505348927e-01
1.296070524242708411e-01
3.714395688991532080e-02
1.161892197512250230e-01
1.178492980613121965e-01
1.313776745086649156e-01
3.122575640031031649e-02
3.581914268937169687e-02
1.277712952158693016e-01
1.298916756123743577e-01
4.205378973105134560e-02
4.059259259259258984e-02
1.198962436353155914e-01
2.446632225363095867e-02
9.801989951728894146e-02
9.212620541147832631e-02
1.322510206019177903e-01
1.221131639722863732e-01
1.349768584112590875e-01
9.649871904355251939e-02
1.315890727202770338e-01
1.223880597014925381e-01
1.315535851966075642e-01
8.862973760932944811e-02
3.741596024554223743e-02
8.375513322509789416e-02
9.204275534441805351e-02
1.255201780702603354e-01
1.295168892380204329e-01
1.151603498542274062e-01
1.234706362153344256e-01
1.593470656820831707e-02
1.146131805157593192e-01
1.250611605832273321e-01
1.258842911134799847e-01
3.874283455228306333e-02
3.613511390416339342e-02
1.210142143680368737e-01
1.151157065484982728e-01
1.122379327157484175e-01
1.267891682785299845e-01
1.232903670176129091e-01
1.324214491029834517e-01
1.328465769011947795e-01
9.505343800245909247e-02
1.234437847155717277e-01
1.144075829383886245e-01
1.099746645397391420e-01
1.218617226728466590e-01
9.096996365027740228e-02
1.194044567146519409e-01
1.195858662613981799e-01
1.291230112533954255e-01
1.175849491265118091e-01
1.168307086614173290e-01
3.841642228739002712e-02
1.286286775486267242e-01
9.505045651129265250e-02
1.298053877864059069e-01
2.032363706414948984e-02
1.273841288664887827e-01
1.297079169869331250e-01
1.169746618403505467e-01
3.250048799531524840e-02
1.311650485436893221e-01
1.214735821619001427e-01
3.935931243285477332e-02
9.228383094222566974e-02
1.243494423791821624e-01
3.515882741068903500e-02
1.109919048083487791e-01
1.283156181173992216e-01
1.324528663029954922e-01
1.196782421031979543e-01
1.247708192608318056e-01
1.138941398865784549e-01
1.098700048146364905e-01
1.268302142926403531e-01
1.306187699830731741e-01
1.247861527624031380e-01
3.845036319612590847e-02
1.143986121819583618e-01
1.241717084413713618e-01
1.364168618266979049e-01
1.164323800290838623e-01
1.250240061455732687e-01
1.154438667436934324e-01
1.075651254445832983e-01
1.055218271176640715e-01
4.261088514429595131e-02
1.196993060909791878e-01
9.340659340659340781e-02
9.426429058330898503e-02
1.266174638167353594e-01
1.218483366887163216e-01
1.202230755165478171e-01
1.196806097450322098e-01
1.263671698454307268e-01
1.180433509080257709e-01
1.220618175087914148e-01
1.219603441825664047e-01
1.234887737478411046e-01
1.134825122226400945e-01
3.915838690824079149e-02
1.236728273692489222e-01
4.035223533965550530e-02
1.246229260935143301e-01
4.306450062481976399e-02
1.201869158878504651e-01
8.676525645825533539e-02
4.030054644808743480e-02
9.474590869939707172e-02
9.763824884792626779e-02
1.192084942084942062e-01
1.260320774413969946e-01
1.224078341013824928e-01
1.358036761830269945e-01
9.030518917878116447e-02
1.119931953501559357e-01
1.231420415395216017e-01
1.118304885226603929e-01
1.106700232378001608e-01
9.157098851862223443e-02
4.387306442362837178e-02
1.259245389008519789e-01
4.128665293713837392e-02
1.012984533129654419e-01
1.236635443277509655e-01
7.949751570263428879e-02
1.194185825574767268e-01
3.868453569052371366e-02
1.201777609682299491e-01
9.959349593495935016e-02
1.266863795971169826e-01
1.047531149053991667e-01
1.167139919710173251e-01
1.197423266388783630e-01
2.551020408163265103e-03
1.253154727237429655e-01
3.952339436210403761e-02
1.280313156387244689e-01
2.507651298252542085e-02
9.305423406279733634e-02
1.159266409266409281e-01
1.291875240662302693e-01
1.211514631588981039e-01
4.135520823221046360e-02
1.118452551948673768e-01
9.272797229703731714e-02
1.121611302023673151e-01
1.064513082081798429e-01
1.128648854235998894e-01
1.137812653261402601e-01
1.142473118279569849e-01
1.181791935328649762e-01
1.153660187602746356e-01
1.159892103060180396e-01
1.275490573297421992e-01
1.005161895823556972e-01
1.313709996048992579e-01
1.226155452216000780e-01
9.793024147182828598e-02
9.224259520451340288e-02
4.556888544891640747e-02
1.070422535211267567e-01
1.241978104945262312e-01
1.229500515415612449e-01
1.082870950420619233e-01
1.226389269093895451e-01
1.008311261302402007e-01
1.255589340010731525e-01
9.081987688464626673e-02
1.081081081081081141e-01
9.468822170900692559e-02
1.188593763880252258e-01
1.207158836689038034e-01
1.256038647342995196e-01
1.242917528554726148e-01
1.198331788693234451e-01
1.234275296262534183e-01
4.155557598602555719e-02
1.189087488240827828e-01
8.535911602209944604e-02
1.142830746489283122e-01
4.233002434912905287e-02
9.725978006129439024e-02
5.535714285714285476e-02
1.264660423674879575e-01
8.789171147784165250e-02
1.158531001007418321e-01
1.121243137619800934e-01
1.113728446245171033e-01
1.230398069963811875e-01
4.276097468474447660e-02
8.520389075944631574e-02
9.825107590879955666e-02
1.117830309693971097e-01
1.107909657031322659e-01
1.141253507951356383e-01
1.258620689655172431e-01
3.993942835510126688e-02
1.206534199465036233e-01
1.224078341013824928e-01
1.116885571199092847e-01
1.229424346693945846e-01
1.107787230064504053e-01
1.156391830559757999e-01
1.144040497008743662e-01
1.236729372322592641e-01
4.237854347618592865e-02
1.249069940476190410e-01
8.581403895626607548e-02
1.162309573067519253e-01
1.144849096413173145e-01
1.217779397030694932e-01
9.908723063893855321e-02
9.757841122330443429e-02
1.061238691718858762e-01
1.157913931436907323e-01
1.246083609345627063e-01
8.428384849804092249e-02
1.128942486085343228e-01
1.171007102531415045e-01
1.287981859410430863e-01
1.204119850187265889e-01
9.041353383458645976e-02
1.041895353091840531e-01
1.206449221645663483e-01
1.160763442833547404e-01
3.371412649763165514e-02
9.695571955719557711e-02
4.438440756464685777e-02
1.106912442396313367e-01
1.298472929199444570e-01
8.016201959306706870e-02
9.331949424419701267e-02
1.186264308012486973e-01
1.230359013427292647e-01
4.418176533281658463e-02
1.155498674467501652e-01
9.623390454061381272e-02
4.159080019166267600e-02
1.187981081331725836e-01
1.221799275833255899e-01
1.317913832199546498e-01
1.226170645937442183e-01
4.287716020551144563e-02
9.259092139698582580e-02
8.833572969086987692e-02
9.631348745871641526e-02
1.174228675136116118e-01
1.306346916696718430e-01
1.298081422554983599e-01
9.692716236722306866e-02
1.305013394565633367e-01
3.789190228890171319e-02
1.149002131369889490e-01
1.239516286327286970e-01
1.225769669327251982e-01
1.253610629693818479e-01
1.177668734376446646e-01
1.103778701862231093e-01
4.290307762976573042e-02
1.122020887262340505e-01
1.183721562584972298e-01
1.031487513572204168e-01
4.419734629041300461e-02
9.426536731634183042e-02
1.217249952189711215e-01
3.304705003734129815e-02
1.142645835259313986e-01
1.274243417970579995e-01
9.087734613705805709e-02
1.168854203618304305e-01
1.294515669515669543e-01
1.292359112431529233e-01
1.178442028985507289e-01
1.002650580385705120e-01
4.030460624071322689e-02
8.852192744991878304e-02
1.158445440956651779e-01
4.178510517339397573e-02
1.285957607872823538e-01
1.244041499205533197e-01
1.308153363143373660e-01
1.214357292520725218e-01
9.777260935682977050e-02
9.751547528194691450e-02
4.144942648592283424e-02
8.136134006913055272e-02
8.214447978191731503e-02
1.197033898305084748e-01
8.690685413005272419e-02
1.233829958069408567e-01
1.139571842572683902e-01
4.641390507114889069e-02
7.534747622531090538e-02
9.535521710339608936e-02
7.852668972609143372e-02
4.517104517104517103e-02
9.034296867738637882e-02
1.123511904761904795e-01
8.765195137555982507e-02
4.545022344775125761e-02
1.141989098382628909e-01
1.128478841021730850e-01
1.178519061583577776e-01
3.433202804844731615e-02
1.221002302107313670e-01
1.203653463555796749e-01
1.116478797638217890e-01
4.490719782707107421e-02
4.642922042522260734e-02
1.269166001949836031e-01
1.119826886664863352e-01
1.172289698605488012e-01
1.304428044280442900e-01
1.158971471471471476e-01
8.014692032397814636e-02
4.402929027412692126e-02
4.453132449699628154e-02
8.984118034019358823e-02
9.096050523140729316e-02
3.791287697462900758e-02
1.008137865007180528e-01
1.265099728438992543e-01
1.228333922886452045e-01
1.227704843820733305e-01
1.236223365172667149e-01
7.938643702906350574e-02
8.908463494369778246e-02
1.199074074074074070e-01
3.447354355959379724e-02
1.254213233989710796e-01
9.394947406275284962e-02
1.173612408895533532e-01
1.195662079650050141e-01
1.293893476091098893e-01
4.459410265744448432e-02
3.634872916097294654e-02
1.146901370111605145e-01
4.553686934023285643e-02
9.404088734232274316e-02
9.916336415675913729e-02
1.265134234076153719e-01
1.233246301131418615e-01
1.207994340290060170e-01
1.133048737104233317e-01
1.180380883938196152e-01
9.143865842894968732e-02
9.762876748023972817e-02
4.649687301731170175e-02
4.898694281855020538e-02
4.602660913340524823e-02
7.729380740201872990e-03
1.245303766150462760e-01
1.009125542659697061e-01
1.248672566371681475e-01
4.678622159090908839e-02
4.346683025151169832e-02
1.075960219478737934e-01
9.169251982075146690e-02
1.232406453827669113e-01
1.196894727862139601e-01
1.177602799650043774e-01
1.222052845528455306e-01
1.250000000000000000e-01
1.339907717361802364e-01
1.020768890852850191e-01
4.500961370389792299e-02
4.588827203331020260e-02
1.139529200944856269e-01
1.175693527080581280e-01
1.288240717458720985e-01
1.310757307724707277e-01
1.236485326926377165e-01
1.271045974003315038e-01
1.019244476122594389e-01
4.573786322535335069e-02
4.803836094158674824e-02
1.239333940849970950e-01
1.277229407760381297e-01
1.316301272984441439e-01
1.316366827555945640e-01
1.103601676790144648e-01
4.234273318872017189e-02
4.777125086385625163e-02
1.143465304384844589e-01
1.029279683851266336e-01
1.174780109727423111e-01
8.477739269528125621e-02
1.258862182258343454e-01
1.264387415806974280e-01
4.696468951121934160e-02
9.240210908462269390e-02
1.317543859649122906e-01
9.445778997940974808e-02
1.144262021835152909e-01
1.155296818629058669e-01
8.439792301986318024e-02
1.166808510638297908e-01
1.042317030870620886e-01
9.725664473121956033e-02
4.525862068965517265e-02
1.163578047042052727e-01
1.208426714477812691e-01
1.258634610209024840e-01
9.332363107149353743e-02
1.331395876850422211e-01
8.249020144016042111e-02
1.046961325966850875e-01
1.093259464450600238e-01
1.236614209889188992e-01
1.146872166817769767e-01
1.166344472061124904e-01
1.206134161256938592e-01
1.217680608365019068e-01
3.865764345972003135e-02
1.004098360655737709e-01
1.235858921950755834e-01
8.931143762604436265e-02
9.350163627863487814e-02
1.121126760563380259e-01
3.018185280396077155e-02
1.248726262158406652e-01
1.341788438562632191e-01
1.029639762881896931e-01
9.351095831542759196e-02
9.596733027054620002e-02
4.631396357328707719e-02
1.249671829876607965e-01
4.496638435344451484e-02
1.179703242352079101e-01
1.299000088487744509e-01
1.187063250313563911e-01
1.238404034945510268e-01
7.530841465660099987e-02
6.534141558210020129e-02
1.232369534555712298e-01
1.175125340839123927e-01
8.148919552199948568e-02
1.299706431812116258e-01
1.332507520792780009e-01
1.272012156967909091e-01
1.186124580380455013e-01
9.134878627486767155e-02
4.970326409495549186e-02
1.185198924232588324e-01
4.109216255442670745e-02
8.623037124444041246e-02
1.164097914777878495e-01
3.108243206398254854e-02
1.278655584984930149e-01
1.213385326924820845e-01
1.022454956953936234e-01
1.046844682620345496e-01
9.876993166287015291e-02
3.616734143049932237e-02
1.238771110312612278e-01
1.064387773557605305e-01
1.069635849228803559e-01
1.137905739959655244e-01
1.179284334467850248e-01
1.175496688741721890e-01
1.077506392734326746e-01
2.267002518891687510e-02
7.836216025414755038e-02
8.847207947927372695e-02
1.028053517479499412e-01
9.456368754398311594e-02
9.638865004299225492e-02
1.350783506959642721e-01
7.691001697792869407e-02
8.263352368155861549e-02
1.282029598308667973e-01
1.259445843828715383e-01
1.023122392211404663e-01
1.332924908104323458e-01
1.121669626998223757e-01
1.158231482240997395e-01
1.277981277981277974e-01
1.276096252200888681e-01
1.158171222194861738e-01
1.188748471259681999e-01
1.036944790369447866e-01
4.605149472956626688e-02
1.155804920155373283e-01
1.288892751607856879e-01
8.994928921772384067e-02
1.129255227233454256e-01
5.335134222522370379e-02
4.163090128755364550e-02
1.189587996352482746e-01
4.370509750256585529e-02
1.301469956159202190e-01
1.314706139966716203e-01
1.303856845031271805e-01
1.200035451564300248e-01
1.204239779103945807e-01
1.217054263565891525e-01
3.358916478555304397e-02
9.328028293545534422e-02
9.039002108222066179e-02
3.867010400924526803e-02
1.268310110753840536e-01
1.220648861803190488e-01
4.886199421965317646e-02
1.265437467385632231e-01
1.172299071966380613e-01
9.612512081539408004e-02
4.860571527238193718e-02
4.793103448275862211e-02
1.287485709260399180e-01
8.797250859106529874e-02
5.617391304347826159e-02
1.257795344751866384e-01
1.172977624784853762e-01
4.370317516946128911e-02
9.880506509719992614e-02
1.002561287961946518e-01
1.207893529141808170e-01
1.301078191537555495e-01
1.332193937213276835e-01
4.636785162287480888e-02
4.285329260623484127e-02
1.262934465375431248e-01
1.122024599592956334e-01
1.311401123799166291e-01
1.255767664887360857e-01
1.129759971124345841e-01
3.926872493237570927e-02
1.225038058565415949e-01
1.192602616147947631e-01
4.239963915200721523e-02
1.220919907654057918e-01
1.001560874089490183e-01
1.134942688433483865e-01
1.158213474640423929e-01
9.359518754423212794e-02
9.711216763514703143e-02
1.163016601907453235e-01
1.273777777777777842e-01
4.501806008281208915e-02
1.204133461774235941e-01
1.085555754429926578e-01
9.560419681620839494e-02
4.712579320642030362e-02
1.188326493388052879e-01
1.160912399041448412e-01
4.855735397607318510e-02
1.129130170843812286e-01
1.171861546409505711e-01
1.319080989976048890e-01
1.190455606466672422e-01
1.242674939675973839e-01
1.187108939744578734e-01
1.045354914854156186e-01
1.172777498744349556e-01
1.250743984355071892e-01
1.289313493405478406e-01
4.628027681660899784e-02
9.414870215574130952e-02
1.161822125813448958e-01
1.263816296804044226e-01
8.159541188738268780e-02
1.222069439669989654e-01
1.316802052159042336e-01
1.197514276116896231e-01
9.512256337321174648e-02
1.117177656446871059e-01
1.157455683003128233e-01
1.228382502543235028e-01
1.229803264964420273e-01
1.063628546861564855e-01
2.153687112336319723e-02
1.185697419463653257e-01
9.869809992962702561e-02
1.166190846959079541e-01
7.731915252806617622e-02
1.175571222288286782e-01
1.223105902051067340e-01
1.226564452962253110e-01
9.105298233922025364e-02
1.143720328010358195e-01
2.639147352393841905e-02
1.256570713391739758e-01
4.612054612054612007e-02
1.103460001700246468e-01
1.150731986587061467e-01
3.399236906000693836e-02
1.177548301132578246e-01
9.160044433051355017e-02
4.009103641456582962e-02
1.163573586534311644e-01
9.039395574743658290e-02
8.401712450945415800e-02
1.073938962541151343e-01
