1.183900000000000000e+04
1.317800000000000000e+04
1.385300000000000000e+04
1.441500000000000000e+04
1.440300000000000000e+04
1.397200000000000000e+04
1.448400000000000000e+04
1.432700000000000000e+04
1.436900000000000000e+04
1.445600000000000000e+04
1.436200000000000000e+04
1.429600000000000000e+04
1.433500000000000000e+04
1.402100000000000000e+04
1.433600000000000000e+04
1.444300000000000000e+04
1.434700000000000000e+04
1.437400000000000000e+04
1.448900000000000000e+04
1.447300000000000000e+04
1.419900000000000000e+04
1.437900000000000000e+04
1.372400000000000000e+04
1.410500000000000000e+04
1.421200000000000000e+04
1.422500000000000000e+04
1.398500000000000000e+04
1.415200000000000000e+04
1.423800000000000000e+04
1.428800000000000000e+04
1.438400000000000000e+04
1.420700000000000000e+04
1.407900000000000000e+04
1.397000000000000000e+04
1.430700000000000000e+04
1.455800000000000000e+04
1.452800000000000000e+04
1.449900000000000000e+04
1.400200000000000000e+04
1.445500000000000000e+04
1.432300000000000000e+04
1.433600000000000000e+04
1.428400000000000000e+04
1.407300000000000000e+04
1.400000000000000000e+04
1.426800000000000000e+04
1.408000000000000000e+04
1.416100000000000000e+04
1.383200000000000000e+04
1.409800000000000000e+04
1.416100000000000000e+04
1.439200000000000000e+04
1.373600000000000000e+04
1.376300000000000000e+04
1.445700000000000000e+04
1.439000000000000000e+04
1.447900000000000000e+04
1.413700000000000000e+04
1.443700000000000000e+04
1.454500000000000000e+04
1.420100000000000000e+04
1.434200000000000000e+04
1.413800000000000000e+04
1.423700000000000000e+04
1.426200000000000000e+04
1.422900000000000000e+04
1.376300000000000000e+04
1.418500000000000000e+04
1.411200000000000000e+04
1.378300000000000000e+04
1.453000000000000000e+04
1.427300000000000000e+04
1.431900000000000000e+04
1.424600000000000000e+04
1.445100000000000000e+04
1.412900000000000000e+04
1.421200000000000000e+04
1.434100000000000000e+04
1.416400000000000000e+04
1.458400000000000000e+04
1.392400000000000000e+04
1.436100000000000000e+04
1.413100000000000000e+04
1.440300000000000000e+04
1.349500000000000000e+04
1.436300000000000000e+04
1.400900000000000000e+04
1.444200000000000000e+04
1.402300000000000000e+04
1.398500000000000000e+04
1.427300000000000000e+04
1.442100000000000000e+04
1.406500000000000000e+04
1.448800000000000000e+04
1.410200000000000000e+04
1.419100000000000000e+04
1.385000000000000000e+04
1.388700000000000000e+04
1.387100000000000000e+04
1.406000000000000000e+04
1.399400000000000000e+04
1.450800000000000000e+04
1.423300000000000000e+04
1.404600000000000000e+04
1.410700000000000000e+04
1.405400000000000000e+04
1.384100000000000000e+04
1.361800000000000000e+04
1.366600000000000000e+04
1.395100000000000000e+04
1.391500000000000000e+04
1.408300000000000000e+04
1.420100000000000000e+04
1.406200000000000000e+04
1.434000000000000000e+04
1.418400000000000000e+04
1.426700000000000000e+04
1.404400000000000000e+04
1.408600000000000000e+04
1.382600000000000000e+04
1.412000000000000000e+04
1.382500000000000000e+04
1.409700000000000000e+04
1.408400000000000000e+04
1.377900000000000000e+04
1.425500000000000000e+04
1.396900000000000000e+04
1.411500000000000000e+04
1.399600000000000000e+04
1.416000000000000000e+04
1.376000000000000000e+04
1.419600000000000000e+04
1.397500000000000000e+04
1.391900000000000000e+04
1.424200000000000000e+04
1.431600000000000000e+04
1.375100000000000000e+04
1.414600000000000000e+04
1.365100000000000000e+04
1.425000000000000000e+04
1.397500000000000000e+04
1.439200000000000000e+04
1.393000000000000000e+04
1.421700000000000000e+04
1.374800000000000000e+04
1.412800000000000000e+04
1.413400000000000000e+04
1.383700000000000000e+04
1.431200000000000000e+04
1.410600000000000000e+04
1.385800000000000000e+04
1.394600000000000000e+04
1.395700000000000000e+04
1.384900000000000000e+04
1.350900000000000000e+04
1.423300000000000000e+04
1.385900000000000000e+04
1.381500000000000000e+04
1.378700000000000000e+04
1.377500000000000000e+04
1.412500000000000000e+04
1.375600000000000000e+04
1.373300000000000000e+04
1.382600000000000000e+04
1.377000000000000000e+04
1.378400000000000000e+04
1.370600000000000000e+04
1.402800000000000000e+04
1.359800000000000000e+04
1.378900000000000000e+04
1.408400000000000000e+04
1.388400000000000000e+04
1.370000000000000000e+04
1.415000000000000000e+04
1.363300000000000000e+04
1.370000000000000000e+04
1.406100000000000000e+04
1.345300000000000000e+04
1.398700000000000000e+04
1.394500000000000000e+04
1.394600000000000000e+04
1.380800000000000000e+04
1.425500000000000000e+04
1.377900000000000000e+04
1.376000000000000000e+04
1.398500000000000000e+04
1.393500000000000000e+04
1.337100000000000000e+04
1.349100000000000000e+04
1.388800000000000000e+04
1.384300000000000000e+04
1.398000000000000000e+04
1.391800000000000000e+04
1.345400000000000000e+04
1.393200000000000000e+04
1.379400000000000000e+04
1.334400000000000000e+04
1.373500000000000000e+04
1.380500000000000000e+04
1.368400000000000000e+04
1.362400000000000000e+04
1.341600000000000000e+04
1.356800000000000000e+04
1.335800000000000000e+04
1.362300000000000000e+04
1.377100000000000000e+04
1.381500000000000000e+04
1.339500000000000000e+04
1.358900000000000000e+04
1.329300000000000000e+04
1.396900000000000000e+04
1.372100000000000000e+04
1.358300000000000000e+04
1.374600000000000000e+04
1.385300000000000000e+04
1.373500000000000000e+04
1.341000000000000000e+04
1.343200000000000000e+04
1.355500000000000000e+04
1.381400000000000000e+04
1.325000000000000000e+04
1.375100000000000000e+04
1.355300000000000000e+04
1.362300000000000000e+04
1.374700000000000000e+04
1.310200000000000000e+04
1.314400000000000000e+04
1.346700000000000000e+04
1.338600000000000000e+04
1.349800000000000000e+04
1.332000000000000000e+04
1.341300000000000000e+04
1.334300000000000000e+04
1.391300000000000000e+04
1.321600000000000000e+04
1.334300000000000000e+04
1.345900000000000000e+04
1.369000000000000000e+04
1.368800000000000000e+04
1.362700000000000000e+04
1.341600000000000000e+04
1.314200000000000000e+04
1.356400000000000000e+04
1.320200000000000000e+04
1.336500000000000000e+04
1.333900000000000000e+04
1.307600000000000000e+04
1.358300000000000000e+04
1.300500000000000000e+04
1.336200000000000000e+04
1.341000000000000000e+04
1.323500000000000000e+04
1.286600000000000000e+04
1.360100000000000000e+04
1.343000000000000000e+04
1.345000000000000000e+04
1.320800000000000000e+04
1.359300000000000000e+04
1.334800000000000000e+04
1.311900000000000000e+04
1.340400000000000000e+04
1.346500000000000000e+04
1.328500000000000000e+04
1.320900000000000000e+04
1.357400000000000000e+04
1.299200000000000000e+04
1.339100000000000000e+04
1.285000000000000000e+04
1.322200000000000000e+04
1.366500000000000000e+04
1.362800000000000000e+04
1.336200000000000000e+04
1.335000000000000000e+04
1.362200000000000000e+04
1.312000000000000000e+04
1.302800000000000000e+04
1.352700000000000000e+04
1.338200000000000000e+04
1.296400000000000000e+04
1.331500000000000000e+04
1.315300000000000000e+04
1.285800000000000000e+04
1.339500000000000000e+04
1.336800000000000000e+04
1.347100000000000000e+04
1.356300000000000000e+04
1.349900000000000000e+04
1.318100000000000000e+04
1.307300000000000000e+04
1.328400000000000000e+04
1.301700000000000000e+04
1.320500000000000000e+04
1.307500000000000000e+04
1.307200000000000000e+04
1.282900000000000000e+04
1.329600000000000000e+04
1.359100000000000000e+04
1.324900000000000000e+04
1.356100000000000000e+04
1.340700000000000000e+04
1.332700000000000000e+04
1.332800000000000000e+04
1.350000000000000000e+04
1.337300000000000000e+04
1.311400000000000000e+04
1.370200000000000000e+04
1.355100000000000000e+04
1.294900000000000000e+04
1.356800000000000000e+04
1.355900000000000000e+04
1.341400000000000000e+04
1.291000000000000000e+04
1.355600000000000000e+04
1.325300000000000000e+04
1.322600000000000000e+04
1.358700000000000000e+04
1.325100000000000000e+04
1.307400000000000000e+04
1.271700000000000000e+04
1.341200000000000000e+04
1.311300000000000000e+04
1.294000000000000000e+04
1.274900000000000000e+04
1.318400000000000000e+04
1.297600000000000000e+04
1.331200000000000000e+04
1.348400000000000000e+04
1.352700000000000000e+04
1.322200000000000000e+04
1.335400000000000000e+04
1.345100000000000000e+04
1.326800000000000000e+04
1.301500000000000000e+04
1.348300000000000000e+04
1.311700000000000000e+04
1.313900000000000000e+04
1.316300000000000000e+04
1.321500000000000000e+04
1.329300000000000000e+04
1.323800000000000000e+04
1.327400000000000000e+04
1.296000000000000000e+04
1.253200000000000000e+04
1.292900000000000000e+04
1.270100000000000000e+04
1.306800000000000000e+04
1.285500000000000000e+04
1.271100000000000000e+04
1.270700000000000000e+04
1.281700000000000000e+04
1.264900000000000000e+04
1.290800000000000000e+04
1.287500000000000000e+04
1.286400000000000000e+04
1.257700000000000000e+04
1.283200000000000000e+04
1.297600000000000000e+04
1.301100000000000000e+04
1.299700000000000000e+04
1.298100000000000000e+04
1.285000000000000000e+04
1.320000000000000000e+04
1.311600000000000000e+04
1.306000000000000000e+04
1.281500000000000000e+04
1.275900000000000000e+04
1.293200000000000000e+04
1.260100000000000000e+04
1.281700000000000000e+04
1.307200000000000000e+04
1.289600000000000000e+04
1.273400000000000000e+04
1.304500000000000000e+04
1.265600000000000000e+04
1.306900000000000000e+04
1.269500000000000000e+04
1.286300000000000000e+04
1.261700000000000000e+04
1.279600000000000000e+04
1.297500000000000000e+04
1.264600000000000000e+04
1.306200000000000000e+04
1.305500000000000000e+04
1.295500000000000000e+04
1.315500000000000000e+04
1.282400000000000000e+04
1.332400000000000000e+04
1.250200000000000000e+04
1.324900000000000000e+04
1.270000000000000000e+04
1.296200000000000000e+04
1.287500000000000000e+04
1.309000000000000000e+04
1.295400000000000000e+04
1.314900000000000000e+04
1.310900000000000000e+04
1.289100000000000000e+04
1.252800000000000000e+04
1.321800000000000000e+04
1.290300000000000000e+04
1.297900000000000000e+04
1.314800000000000000e+04
1.274600000000000000e+04
1.302000000000000000e+04
1.311200000000000000e+04
1.311200000000000000e+04
1.310500000000000000e+04
1.311300000000000000e+04
1.274100000000000000e+04
1.278400000000000000e+04
1.317900000000000000e+04
1.306500000000000000e+04
1.308800000000000000e+04
1.327400000000000000e+04
1.297400000000000000e+04
1.275100000000000000e+04
1.264100000000000000e+04
1.263700000000000000e+04
1.254300000000000000e+04
1.252600000000000000e+04
1.283900000000000000e+04
1.287000000000000000e+04
1.294200000000000000e+04
1.255100000000000000e+04
1.287600000000000000e+04
1.294000000000000000e+04
1.279300000000000000e+04
1.280100000000000000e+04
1.305400000000000000e+04
1.318400000000000000e+04
1.296400000000000000e+04
1.267400000000000000e+04
1.309500000000000000e+04
1.294200000000000000e+04
1.272000000000000000e+04
1.240900000000000000e+04
1.301600000000000000e+04
1.245400000000000000e+04
1.274000000000000000e+04
1.277200000000000000e+04
1.255200000000000000e+04
1.284100000000000000e+04
1.283300000000000000e+04
1.263200000000000000e+04
1.239400000000000000e+04
1.265300000000000000e+04
1.277000000000000000e+04
1.284500000000000000e+04
1.240600000000000000e+04
1.265300000000000000e+04
1.272500000000000000e+04
1.311000000000000000e+04
1.278700000000000000e+04
1.263500000000000000e+04
1.304900000000000000e+04
1.281400000000000000e+04
1.301100000000000000e+04
1.324800000000000000e+04
1.307100000000000000e+04
1.272100000000000000e+04
1.252000000000000000e+04
1.303900000000000000e+04
1.307100000000000000e+04
1.272800000000000000e+04
1.282800000000000000e+04
1.299900000000000000e+04
1.249200000000000000e+04
1.260800000000000000e+04
1.269400000000000000e+04
1.300900000000000000e+04
1.300400000000000000e+04
1.291900000000000000e+04
1.309000000000000000e+04
1.283100000000000000e+04
1.289100000000000000e+04
1.287000000000000000e+04
1.280200000000000000e+04
1.299500000000000000e+04
1.284000000000000000e+04
1.251600000000000000e+04
1.265300000000000000e+04
1.267500000000000000e+04
1.310600000000000000e+04
1.290500000000000000e+04
1.255500000000000000e+04
1.248000000000000000e+04
1.301100000000000000e+04
1.291400000000000000e+04
1.295500000000000000e+04
1.253300000000000000e+04
1.234600000000000000e+04
1.285800000000000000e+04
1.252600000000000000e+04
1.270100000000000000e+04
1.257300000000000000e+04
1.313200000000000000e+04
1.295500000000000000e+04
1.285300000000000000e+04
1.258800000000000000e+04
1.259400000000000000e+04
1.260600000000000000e+04
1.289800000000000000e+04
1.287900000000000000e+04
1.293600000000000000e+04
1.296700000000000000e+04
1.273400000000000000e+04
1.288800000000000000e+04
1.287500000000000000e+04
1.280600000000000000e+04
1.300400000000000000e+04
1.240300000000000000e+04
1.285700000000000000e+04
1.268200000000000000e+04
1.261800000000000000e+04
1.215900000000000000e+04
1.282100000000000000e+04
1.258000000000000000e+04
1.252800000000000000e+04
1.260500000000000000e+04
1.231500000000000000e+04
1.221700000000000000e+04
1.265900000000000000e+04
1.282400000000000000e+04
1.276800000000000000e+04
1.263700000000000000e+04
1.236200000000000000e+04
1.269200000000000000e+04
1.238700000000000000e+04
1.258900000000000000e+04
1.224100000000000000e+04
1.219300000000000000e+04
1.262100000000000000e+04
1.255400000000000000e+04
1.233800000000000000e+04
1.236500000000000000e+04
1.231900000000000000e+04
1.230700000000000000e+04
1.244700000000000000e+04
1.269800000000000000e+04
1.244000000000000000e+04
1.235700000000000000e+04
1.257800000000000000e+04
1.265100000000000000e+04
1.243600000000000000e+04
1.295700000000000000e+04
1.289700000000000000e+04
1.259800000000000000e+04
1.309400000000000000e+04
1.254000000000000000e+04
1.244400000000000000e+04
1.280400000000000000e+04
1.261900000000000000e+04
1.271300000000000000e+04
1.305000000000000000e+04
1.289000000000000000e+04
1.273100000000000000e+04
1.282300000000000000e+04
1.274500000000000000e+04
1.266700000000000000e+04
1.272300000000000000e+04
1.299700000000000000e+04
1.219300000000000000e+04
1.275700000000000000e+04
1.248100000000000000e+04
1.278600000000000000e+04
1.275700000000000000e+04
1.251500000000000000e+04
1.273900000000000000e+04
1.264100000000000000e+04
1.289700000000000000e+04
1.310700000000000000e+04
1.273300000000000000e+04
1.301200000000000000e+04
1.269000000000000000e+04
1.219800000000000000e+04
1.262600000000000000e+04
1.258000000000000000e+04
1.268800000000000000e+04
1.273300000000000000e+04
1.271800000000000000e+04
1.276800000000000000e+04
1.272000000000000000e+04
1.251300000000000000e+04
1.234400000000000000e+04
1.259800000000000000e+04
1.284000000000000000e+04
1.266700000000000000e+04
1.253900000000000000e+04
1.260200000000000000e+04
1.234100000000000000e+04
1.260100000000000000e+04
1.290100000000000000e+04
1.220700000000000000e+04
1.252000000000000000e+04
1.294500000000000000e+04
1.285300000000000000e+04
1.244100000000000000e+04
1.263600000000000000e+04
1.289800000000000000e+04
1.264900000000000000e+04
1.282600000000000000e+04
1.280800000000000000e+04
1.248500000000000000e+04
1.271500000000000000e+04
1.285400000000000000e+04
1.234800000000000000e+04
1.263400000000000000e+04
1.239800000000000000e+04
1.218600000000000000e+04
1.236200000000000000e+04
1.258300000000000000e+04
1.270100000000000000e+04
1.272900000000000000e+04
1.248400000000000000e+04
1.260200000000000000e+04
1.266600000000000000e+04
1.241300000000000000e+04
1.260700000000000000e+04
1.284200000000000000e+04
1.293300000000000000e+04
1.235600000000000000e+04
1.269500000000000000e+04
1.266300000000000000e+04
1.286900000000000000e+04
1.251100000000000000e+04
1.219900000000000000e+04
1.254200000000000000e+04
1.253300000000000000e+04
1.273900000000000000e+04
1.290200000000000000e+04
1.233900000000000000e+04
1.299400000000000000e+04
1.299500000000000000e+04
1.299000000000000000e+04
1.269500000000000000e+04
1.284100000000000000e+04
1.275000000000000000e+04
1.281100000000000000e+04
1.257100000000000000e+04
1.291000000000000000e+04
1.298700000000000000e+04
1.237300000000000000e+04
1.243300000000000000e+04
1.242200000000000000e+04
1.266300000000000000e+04
1.306100000000000000e+04
1.270000000000000000e+04
1.272000000000000000e+04
1.282000000000000000e+04
1.244600000000000000e+04
1.270300000000000000e+04
1.255200000000000000e+04
1.229900000000000000e+04
1.256900000000000000e+04
1.267900000000000000e+04
1.292300000000000000e+04
1.293100000000000000e+04
1.266200000000000000e+04
1.276400000000000000e+04
1.252500000000000000e+04
1.245000000000000000e+04
1.255400000000000000e+04
1.260400000000000000e+04
1.236700000000000000e+04
1.243800000000000000e+04
1.267500000000000000e+04
1.272400000000000000e+04
1.259900000000000000e+04
1.283300000000000000e+04
1.250100000000000000e+04
1.236000000000000000e+04
1.293000000000000000e+04
1.254700000000000000e+04
1.253800000000000000e+04
1.245700000000000000e+04
1.256300000000000000e+04
1.238300000000000000e+04
1.257900000000000000e+04
1.290800000000000000e+04
1.279400000000000000e+04
1.288100000000000000e+04
1.269400000000000000e+04
1.231100000000000000e+04
1.238000000000000000e+04
1.234300000000000000e+04
1.221800000000000000e+04
1.231700000000000000e+04
1.264500000000000000e+04
1.264700000000000000e+04
1.250700000000000000e+04
1.220500000000000000e+04
1.249000000000000000e+04
1.237300000000000000e+04
1.237800000000000000e+04
1.200500000000000000e+04
1.236700000000000000e+04
1.216400000000000000e+04
1.200200000000000000e+04
1.211600000000000000e+04
1.196900000000000000e+04
1.201700000000000000e+04
1.240000000000000000e+04
1.245900000000000000e+04
1.266600000000000000e+04
1.235600000000000000e+04
1.251300000000000000e+04
1.224900000000000000e+04
1.234200000000000000e+04
1.232100000000000000e+04
1.206100000000000000e+04
1.195000000000000000e+04
1.217600000000000000e+04
1.266700000000000000e+04
1.250200000000000000e+04
1.212500000000000000e+04
1.237800000000000000e+04
1.235100000000000000e+04
1.263400000000000000e+04
1.215100000000000000e+04
1.243700000000000000e+04
1.226600000000000000e+04
1.226000000000000000e+04
1.190100000000000000e+04
1.210200000000000000e+04
1.216800000000000000e+04
1.216900000000000000e+04
1.215600000000000000e+04
1.227700000000000000e+04
1.230200000000000000e+04
1.207200000000000000e+04
1.230500000000000000e+04
1.234700000000000000e+04
1.193300000000000000e+04
1.182100000000000000e+04
1.151200000000000000e+04
1.154600000000000000e+04
1.163700000000000000e+04
1.207900000000000000e+04
1.196000000000000000e+04
1.201500000000000000e+04
1.197700000000000000e+04
1.181000000000000000e+04
1.158900000000000000e+04
1.237600000000000000e+04
1.224100000000000000e+04
1.219300000000000000e+04
1.218800000000000000e+04
1.218400000000000000e+04
1.159500000000000000e+04
1.179200000000000000e+04
1.187200000000000000e+04
1.168400000000000000e+04
1.194600000000000000e+04
1.217400000000000000e+04
1.201700000000000000e+04
1.233400000000000000e+04
1.228800000000000000e+04
1.176100000000000000e+04
1.198700000000000000e+04
1.211400000000000000e+04
1.216900000000000000e+04
1.211900000000000000e+04
1.207400000000000000e+04
1.194300000000000000e+04
1.148000000000000000e+04
1.186800000000000000e+04
1.213800000000000000e+04
1.166500000000000000e+04
1.232600000000000000e+04
1.169900000000000000e+04
1.189100000000000000e+04
1.176800000000000000e+04
1.139800000000000000e+04
1.123400000000000000e+04
1.120600000000000000e+04
1.113700000000000000e+04
1.162200000000000000e+04
1.190400000000000000e+04
1.196300000000000000e+04
1.182900000000000000e+04
1.218200000000000000e+04
1.157100000000000000e+04
1.164900000000000000e+04
1.206300000000000000e+04
1.190600000000000000e+04
1.182000000000000000e+04
1.228500000000000000e+04
1.233500000000000000e+04
1.185400000000000000e+04
1.227400000000000000e+04
1.248100000000000000e+04
1.177800000000000000e+04
1.238400000000000000e+04
1.164700000000000000e+04
1.150700000000000000e+04
1.162200000000000000e+04
1.166700000000000000e+04
1.197300000000000000e+04
1.186600000000000000e+04
1.173400000000000000e+04
1.130800000000000000e+04
1.152300000000000000e+04
1.156100000000000000e+04
1.142700000000000000e+04
1.152400000000000000e+04
1.148300000000000000e+04
1.157000000000000000e+04
1.158300000000000000e+04
1.194800000000000000e+04
1.172700000000000000e+04
1.178700000000000000e+04
1.246700000000000000e+04
1.193100000000000000e+04
1.182400000000000000e+04
1.202600000000000000e+04
1.192700000000000000e+04
1.168600000000000000e+04
1.182000000000000000e+04
1.199600000000000000e+04
1.167700000000000000e+04
1.178900000000000000e+04
1.201400000000000000e+04
1.179400000000000000e+04
1.189700000000000000e+04
1.195400000000000000e+04
1.161400000000000000e+04
1.171000000000000000e+04
1.205400000000000000e+04
1.201600000000000000e+04
1.170100000000000000e+04
1.141900000000000000e+04
1.158100000000000000e+04
1.147600000000000000e+04
1.131800000000000000e+04
1.146900000000000000e+04
1.142600000000000000e+04
1.159500000000000000e+04
1.059600000000000000e+04
1.119400000000000000e+04
1.108100000000000000e+04
1.145100000000000000e+04
1.131500000000000000e+04
1.170400000000000000e+04
1.160400000000000000e+04
1.134100000000000000e+04
1.161800000000000000e+04
1.175400000000000000e+04
1.141500000000000000e+04
1.121800000000000000e+04
1.116000000000000000e+04
1.129700000000000000e+04
1.151900000000000000e+04
1.148100000000000000e+04
1.132100000000000000e+04
1.159300000000000000e+04
1.161600000000000000e+04
1.182800000000000000e+04
1.182700000000000000e+04
1.187400000000000000e+04
1.198300000000000000e+04
1.199400000000000000e+04
1.187500000000000000e+04
1.230200000000000000e+04
1.183800000000000000e+04
1.197000000000000000e+04
1.178800000000000000e+04
1.187000000000000000e+04
1.204600000000000000e+04
1.174700000000000000e+04
1.146300000000000000e+04
1.104400000000000000e+04
1.147800000000000000e+04
1.155400000000000000e+04
1.178300000000000000e+04
1.209700000000000000e+04
1.146100000000000000e+04
1.151000000000000000e+04
1.156100000000000000e+04
1.176800000000000000e+04
1.176600000000000000e+04
1.160800000000000000e+04
1.180800000000000000e+04
1.177900000000000000e+04
1.176000000000000000e+04
1.135000000000000000e+04
1.159300000000000000e+04
1.146800000000000000e+04
1.142500000000000000e+04
1.127300000000000000e+04
1.145800000000000000e+04
1.136500000000000000e+04
1.109900000000000000e+04
1.097800000000000000e+04
1.081000000000000000e+04
1.116000000000000000e+04
1.163900000000000000e+04
1.133300000000000000e+04
1.095300000000000000e+04
1.105400000000000000e+04
1.129600000000000000e+04
1.150100000000000000e+04
1.185000000000000000e+04
1.201100000000000000e+04
1.173800000000000000e+04
1.205200000000000000e+04
1.172600000000000000e+04
1.168900000000000000e+04
1.125000000000000000e+04
1.168000000000000000e+04
1.108600000000000000e+04
1.130000000000000000e+04
1.153100000000000000e+04
1.131800000000000000e+04
1.138400000000000000e+04
1.109000000000000000e+04
1.135200000000000000e+04
1.149600000000000000e+04
1.159200000000000000e+04
1.139200000000000000e+04
1.166400000000000000e+04
1.158900000000000000e+04
1.153900000000000000e+04
1.172000000000000000e+04
1.147800000000000000e+04
1.126800000000000000e+04
1.106800000000000000e+04
1.148300000000000000e+04
1.116500000000000000e+04
1.151200000000000000e+04
1.142800000000000000e+04
1.148300000000000000e+04
1.124700000000000000e+04
1.127200000000000000e+04
1.142200000000000000e+04
1.107700000000000000e+04
1.094600000000000000e+04
1.073200000000000000e+04
1.023000000000000000e+04
1.061900000000000000e+04
1.047700000000000000e+04
1.033800000000000000e+04
1.046300000000000000e+04
1.058100000000000000e+04
1.054100000000000000e+04
1.061800000000000000e+04
1.089900000000000000e+04
1.093300000000000000e+04
1.073600000000000000e+04
1.086300000000000000e+04
1.082600000000000000e+04
1.045200000000000000e+04
1.058200000000000000e+04
1.024700000000000000e+04
1.030600000000000000e+04
1.087100000000000000e+04
1.119400000000000000e+04
1.109300000000000000e+04
1.133200000000000000e+04
1.113700000000000000e+04
1.100200000000000000e+04
1.120300000000000000e+04
1.121400000000000000e+04
1.129900000000000000e+04
1.109800000000000000e+04
1.115600000000000000e+04
1.115500000000000000e+04
1.164900000000000000e+04
1.163100000000000000e+04
1.158300000000000000e+04
1.151400000000000000e+04
1.158200000000000000e+04
1.094400000000000000e+04
1.131300000000000000e+04
1.104000000000000000e+04
1.108900000000000000e+04
1.164800000000000000e+04
1.132200000000000000e+04
1.128800000000000000e+04
1.063800000000000000e+04
1.105600000000000000e+04
1.132100000000000000e+04
1.124000000000000000e+04
1.110300000000000000e+04
1.123000000000000000e+04
1.096600000000000000e+04
1.095600000000000000e+04
1.120800000000000000e+04
1.097500000000000000e+04
1.130400000000000000e+04
1.071500000000000000e+04
1.069300000000000000e+04
1.077400000000000000e+04
1.121800000000000000e+04
1.086600000000000000e+04
1.087200000000000000e+04
1.062700000000000000e+04
1.032700000000000000e+04
1.077000000000000000e+04
1.130400000000000000e+04
1.080500000000000000e+04
1.136800000000000000e+04
1.136000000000000000e+04
1.134900000000000000e+04
1.128500000000000000e+04
1.163700000000000000e+04
1.131700000000000000e+04
1.108500000000000000e+04
1.102500000000000000e+04
1.094200000000000000e+04
1.076200000000000000e+04
1.088000000000000000e+04
1.051600000000000000e+04
1.038400000000000000e+04
1.076200000000000000e+04
1.079000000000000000e+04
1.040500000000000000e+04
1.097900000000000000e+04
1.086400000000000000e+04
1.056100000000000000e+04
1.087800000000000000e+04
1.066500000000000000e+04
1.056500000000000000e+04
1.100800000000000000e+04
1.083100000000000000e+04
1.055800000000000000e+04
1.054600000000000000e+04
1.095100000000000000e+04
1.085200000000000000e+04
1.109000000000000000e+04
1.093500000000000000e+04
1.107400000000000000e+04
1.151300000000000000e+04
1.122600000000000000e+04
1.117400000000000000e+04
1.135300000000000000e+04
1.118600000000000000e+04
1.072100000000000000e+04
1.107800000000000000e+04
1.106700000000000000e+04
1.092500000000000000e+04
1.067200000000000000e+04
1.069000000000000000e+04
1.089100000000000000e+04
1.031700000000000000e+04
1.054300000000000000e+04
1.069900000000000000e+04
1.048900000000000000e+04
1.118500000000000000e+04
1.100300000000000000e+04
1.115200000000000000e+04
1.110600000000000000e+04
1.084800000000000000e+04
1.055200000000000000e+04
1.073800000000000000e+04
1.100300000000000000e+04
1.052000000000000000e+04
1.034600000000000000e+04
1.094800000000000000e+04
1.090300000000000000e+04
1.085900000000000000e+04
1.090100000000000000e+04
1.090600000000000000e+04
1.038000000000000000e+04
1.036700000000000000e+04
1.100000000000000000e+04
1.089000000000000000e+04
1.143200000000000000e+04
1.130800000000000000e+04
1.115400000000000000e+04
1.097200000000000000e+04
1.091300000000000000e+04
1.078600000000000000e+04
1.045100000000000000e+04
1.063600000000000000e+04
1.045900000000000000e+04
1.053300000000000000e+04
1.057200000000000000e+04
1.056800000000000000e+04
1.060500000000000000e+04
1.056400000000000000e+04
1.080500000000000000e+04
1.022400000000000000e+04
1.021400000000000000e+04
1.024100000000000000e+04
1.025500000000000000e+04
1.032200000000000000e+04
1.027300000000000000e+04
1.039600000000000000e+04
1.081500000000000000e+04
1.041000000000000000e+04
1.074200000000000000e+04
1.075800000000000000e+04
1.102200000000000000e+04
1.055500000000000000e+04
1.054000000000000000e+04
1.039500000000000000e+04
1.025500000000000000e+04
1.058800000000000000e+04
1.053000000000000000e+04
1.059900000000000000e+04
1.072500000000000000e+04
1.116500000000000000e+04
1.087700000000000000e+04
1.136400000000000000e+04
1.137300000000000000e+04
1.065900000000000000e+04
1.079600000000000000e+04
1.082400000000000000e+04
1.066900000000000000e+04
1.108000000000000000e+04
1.138000000000000000e+04
1.077800000000000000e+04
1.061500000000000000e+04
1.052000000000000000e+04
1.054200000000000000e+04
1.065200000000000000e+04
1.043300000000000000e+04
1.072900000000000000e+04
1.056000000000000000e+04
1.048100000000000000e+04
1.006700000000000000e+04
1.031600000000000000e+04
1.040500000000000000e+04
1.018200000000000000e+04
1.019200000000000000e+04
1.016700000000000000e+04
1.009900000000000000e+04
1.021600000000000000e+04
1.020900000000000000e+04
1.023100000000000000e+04
1.022100000000000000e+04
1.027400000000000000e+04
1.051400000000000000e+04
1.025800000000000000e+04
1.042200000000000000e+04
1.066300000000000000e+04
1.024300000000000000e+04
1.032500000000000000e+04
1.034900000000000000e+04
1.041500000000000000e+04
1.046000000000000000e+04
1.043800000000000000e+04
1.032000000000000000e+04
1.041800000000000000e+04
1.055500000000000000e+04
1.066100000000000000e+04
1.057500000000000000e+04
1.060600000000000000e+04
1.021100000000000000e+04
1.026500000000000000e+04
1.031300000000000000e+04
1.021900000000000000e+04
1.044800000000000000e+04
1.041500000000000000e+04
1.053300000000000000e+04
1.044900000000000000e+04
1.064700000000000000e+04
1.085300000000000000e+04
1.059400000000000000e+04
1.034600000000000000e+04
1.031700000000000000e+04
1.052900000000000000e+04
1.070000000000000000e+04
1.053800000000000000e+04
1.060700000000000000e+04
1.103000000000000000e+04
1.112000000000000000e+04
1.066300000000000000e+04
1.077000000000000000e+04
1.079900000000000000e+04
1.072400000000000000e+04
1.019300000000000000e+04
1.036000000000000000e+04
1.027400000000000000e+04
1.019000000000000000e+04
1.028100000000000000e+04
1.011500000000000000e+04
1.019100000000000000e+04
9.876000000000000000e+03
1.044800000000000000e+04
1.033300000000000000e+04
1.036400000000000000e+04
1.031700000000000000e+04
1.043100000000000000e+04
1.053800000000000000e+04
1.060600000000000000e+04
1.038400000000000000e+04
1.034600000000000000e+04
1.050300000000000000e+04
1.030300000000000000e+04
1.032600000000000000e+04
1.049000000000000000e+04
1.014800000000000000e+04
1.034200000000000000e+04
1.056600000000000000e+04
1.043500000000000000e+04
1.040700000000000000e+04
1.049500000000000000e+04
1.045900000000000000e+04
1.044300000000000000e+04
1.076600000000000000e+04
1.039300000000000000e+04
1.054900000000000000e+04
1.056300000000000000e+04
1.066300000000000000e+04
1.039200000000000000e+04
1.061200000000000000e+04
1.047100000000000000e+04
1.032900000000000000e+04
1.031200000000000000e+04
1.021800000000000000e+04
1.028400000000000000e+04
1.024700000000000000e+04
1.022500000000000000e+04
1.012500000000000000e+04
1.040900000000000000e+04
1.025900000000000000e+04
1.015100000000000000e+04
1.068100000000000000e+04
1.053300000000000000e+04
1.039200000000000000e+04
1.058700000000000000e+04
1.053900000000000000e+04
1.039600000000000000e+04
1.038500000000000000e+04
1.037600000000000000e+04
1.029000000000000000e+04
1.026300000000000000e+04
1.047100000000000000e+04
1.010400000000000000e+04
1.033300000000000000e+04
1.018400000000000000e+04
1.029000000000000000e+04
9.808000000000000000e+03
1.029200000000000000e+04
1.012100000000000000e+04
1.021900000000000000e+04
1.031900000000000000e+04
1.011800000000000000e+04
1.018400000000000000e+04
1.041200000000000000e+04
1.015500000000000000e+04
1.025500000000000000e+04
1.034000000000000000e+04
1.016300000000000000e+04
1.008900000000000000e+04
1.054600000000000000e+04
1.057300000000000000e+04
1.044200000000000000e+04
1.055000000000000000e+04
1.065700000000000000e+04
1.035600000000000000e+04
1.045400000000000000e+04
1.014200000000000000e+04
1.052800000000000000e+04
1.030800000000000000e+04
1.041800000000000000e+04
1.016000000000000000e+04
1.023000000000000000e+04
1.023100000000000000e+04
1.040500000000000000e+04
1.043100000000000000e+04
1.038200000000000000e+04
1.011900000000000000e+04
1.040800000000000000e+04
1.049800000000000000e+04
1.024600000000000000e+04
1.030000000000000000e+04
1.031500000000000000e+04
1.023900000000000000e+04
1.031600000000000000e+04
1.076000000000000000e+04
1.060900000000000000e+04
1.025300000000000000e+04
1.044300000000000000e+04
1.044900000000000000e+04
1.019400000000000000e+04
1.036300000000000000e+04
1.058000000000000000e+04
1.038500000000000000e+04
1.031300000000000000e+04
1.063400000000000000e+04
9.937000000000000000e+03
1.032500000000000000e+04
1.037600000000000000e+04
1.041300000000000000e+04
1.024800000000000000e+04
1.031500000000000000e+04
1.041400000000000000e+04
1.038600000000000000e+04
1.040300000000000000e+04
1.037700000000000000e+04
1.032600000000000000e+04
1.037600000000000000e+04
1.037400000000000000e+04
1.026900000000000000e+04
1.043300000000000000e+04
1.043100000000000000e+04
1.093800000000000000e+04
1.102100000000000000e+04
1.106300000000000000e+04
1.024200000000000000e+04
1.080600000000000000e+04
1.069200000000000000e+04
1.042200000000000000e+04
1.063600000000000000e+04
1.026600000000000000e+04
1.017200000000000000e+04
1.033400000000000000e+04
1.060800000000000000e+04
1.040300000000000000e+04
1.070000000000000000e+04
1.068400000000000000e+04
1.024800000000000000e+04
1.044900000000000000e+04
1.041600000000000000e+04
1.036000000000000000e+04
1.053700000000000000e+04
1.041600000000000000e+04
1.022800000000000000e+04
1.038700000000000000e+04
1.058100000000000000e+04
1.015900000000000000e+04
1.019400000000000000e+04
1.032800000000000000e+04
1.071300000000000000e+04
1.046200000000000000e+04
1.068100000000000000e+04
1.019700000000000000e+04
1.047400000000000000e+04
1.056900000000000000e+04
1.066700000000000000e+04
1.052600000000000000e+04
1.052100000000000000e+04
1.057600000000000000e+04
1.033200000000000000e+04
1.082200000000000000e+04
1.083500000000000000e+04
1.021300000000000000e+04
1.055600000000000000e+04
1.058400000000000000e+04
1.030200000000000000e+04
1.032300000000000000e+04
1.047400000000000000e+04
1.012900000000000000e+04
1.051000000000000000e+04
1.036000000000000000e+04
1.038800000000000000e+04
1.049100000000000000e+04
1.030100000000000000e+04
1.044300000000000000e+04
1.039600000000000000e+04
1.047600000000000000e+04
1.058700000000000000e+04
1.051700000000000000e+04
1.019500000000000000e+04
1.041600000000000000e+04
1.039100000000000000e+04
1.034100000000000000e+04
1.075100000000000000e+04
1.039600000000000000e+04
1.065500000000000000e+04
1.012400000000000000e+04
1.053700000000000000e+04
1.043600000000000000e+04
1.063500000000000000e+04
1.033600000000000000e+04
1.065000000000000000e+04
1.059600000000000000e+04
1.067100000000000000e+04
1.117400000000000000e+04
1.095900000000000000e+04
1.094900000000000000e+04
1.118200000000000000e+04
1.120900000000000000e+04
1.121100000000000000e+04
1.125800000000000000e+04
1.125700000000000000e+04
1.117500000000000000e+04
1.097100000000000000e+04
1.111900000000000000e+04
1.079000000000000000e+04
1.097000000000000000e+04
1.087700000000000000e+04
1.063000000000000000e+04
1.086000000000000000e+04
1.082400000000000000e+04
1.067800000000000000e+04
1.109400000000000000e+04
1.120000000000000000e+04
1.099900000000000000e+04
1.078600000000000000e+04
1.091900000000000000e+04
1.074700000000000000e+04
1.061300000000000000e+04
1.077700000000000000e+04
1.054700000000000000e+04
1.069200000000000000e+04
1.092100000000000000e+04
1.091400000000000000e+04
1.075900000000000000e+04
1.069000000000000000e+04
1.044000000000000000e+04
1.056600000000000000e+04
1.046800000000000000e+04
1.041600000000000000e+04
1.058300000000000000e+04
1.075300000000000000e+04
1.069700000000000000e+04
1.057600000000000000e+04
1.086500000000000000e+04
1.073800000000000000e+04
1.047700000000000000e+04
1.075200000000000000e+04
1.088400000000000000e+04
1.063400000000000000e+04
1.090100000000000000e+04
1.097900000000000000e+04
1.062700000000000000e+04
1.119100000000000000e+04
1.149600000000000000e+04
1.096800000000000000e+04
1.117100000000000000e+04
1.148500000000000000e+04
1.078000000000000000e+04
1.098200000000000000e+04
1.102500000000000000e+04
1.068000000000000000e+04
1.064000000000000000e+04
1.093200000000000000e+04
1.079200000000000000e+04
1.089800000000000000e+04
1.076700000000000000e+04
1.084000000000000000e+04
1.036400000000000000e+04
1.085000000000000000e+04
1.080500000000000000e+04
1.061600000000000000e+04
1.059800000000000000e+04
1.057100000000000000e+04
1.050100000000000000e+04
1.032100000000000000e+04
1.093900000000000000e+04
1.032900000000000000e+04
1.043500000000000000e+04
1.078300000000000000e+04
1.077100000000000000e+04
1.102500000000000000e+04
1.080600000000000000e+04
1.070500000000000000e+04
1.108100000000000000e+04
1.112800000000000000e+04
1.120300000000000000e+04
1.102000000000000000e+04
1.109200000000000000e+04
1.068500000000000000e+04
1.054400000000000000e+04
1.045200000000000000e+04
1.039800000000000000e+04
1.032200000000000000e+04
1.025400000000000000e+04
1.052400000000000000e+04
1.038600000000000000e+04
1.080100000000000000e+04
1.106200000000000000e+04
1.088500000000000000e+04
1.120300000000000000e+04
1.103300000000000000e+04
1.105200000000000000e+04
1.070200000000000000e+04
1.067200000000000000e+04
1.045800000000000000e+04
1.071200000000000000e+04
1.081700000000000000e+04
1.067300000000000000e+04
1.145500000000000000e+04
1.127600000000000000e+04
1.123200000000000000e+04
1.077100000000000000e+04
1.104000000000000000e+04
1.094100000000000000e+04
1.076800000000000000e+04
1.108200000000000000e+04
1.070400000000000000e+04
1.055400000000000000e+04
1.056800000000000000e+04
1.069900000000000000e+04
1.051100000000000000e+04
1.097700000000000000e+04
1.117900000000000000e+04
1.179300000000000000e+04
1.150800000000000000e+04
1.128300000000000000e+04
1.100500000000000000e+04
1.132800000000000000e+04
1.138000000000000000e+04
1.120900000000000000e+04
1.069700000000000000e+04
1.047100000000000000e+04
1.093600000000000000e+04
1.057100000000000000e+04
1.069700000000000000e+04
1.058200000000000000e+04
1.075900000000000000e+04
1.075200000000000000e+04
1.094100000000000000e+04
1.051700000000000000e+04
1.119100000000000000e+04
1.049200000000000000e+04
1.091200000000000000e+04
1.098100000000000000e+04
1.129400000000000000e+04
1.105800000000000000e+04
1.117800000000000000e+04
1.104500000000000000e+04
1.100600000000000000e+04
1.128300000000000000e+04
1.109100000000000000e+04
1.111500000000000000e+04
1.084000000000000000e+04
1.065600000000000000e+04
1.061800000000000000e+04
1.065200000000000000e+04
1.048700000000000000e+04
1.064100000000000000e+04
1.060900000000000000e+04
1.044500000000000000e+04
1.044500000000000000e+04
1.067900000000000000e+04
1.130800000000000000e+04
1.104500000000000000e+04
1.088800000000000000e+04
1.114800000000000000e+04
1.101200000000000000e+04
1.080000000000000000e+04
1.122600000000000000e+04
1.127400000000000000e+04
1.112300000000000000e+04
1.070200000000000000e+04
1.097300000000000000e+04
1.102100000000000000e+04
1.098800000000000000e+04
1.097700000000000000e+04
1.102100000000000000e+04
1.159500000000000000e+04
1.149500000000000000e+04
1.135500000000000000e+04
1.139800000000000000e+04
1.149000000000000000e+04
1.130800000000000000e+04
1.124400000000000000e+04
1.113200000000000000e+04
1.133000000000000000e+04
1.151300000000000000e+04
1.103300000000000000e+04
1.110500000000000000e+04
1.112400000000000000e+04
1.099700000000000000e+04
1.091300000000000000e+04
1.128700000000000000e+04
1.130000000000000000e+04
1.126400000000000000e+04
1.141100000000000000e+04
1.166400000000000000e+04
1.160400000000000000e+04
1.165200000000000000e+04
1.172200000000000000e+04
1.143000000000000000e+04
1.180800000000000000e+04
1.160000000000000000e+04
1.105300000000000000e+04
1.131500000000000000e+04
1.144200000000000000e+04
1.152800000000000000e+04
1.227700000000000000e+04
1.211200000000000000e+04
1.193100000000000000e+04
1.187100000000000000e+04
1.165400000000000000e+04
1.146300000000000000e+04
1.122400000000000000e+04
1.139100000000000000e+04
1.147000000000000000e+04
1.207100000000000000e+04
1.175200000000000000e+04
1.131200000000000000e+04
1.139500000000000000e+04
1.168900000000000000e+04
1.152500000000000000e+04
1.157600000000000000e+04
1.174500000000000000e+04
1.113400000000000000e+04
1.148300000000000000e+04
1.125300000000000000e+04
1.156600000000000000e+04
1.172900000000000000e+04
1.149800000000000000e+04
1.156900000000000000e+04
1.140000000000000000e+04
1.165600000000000000e+04
1.199900000000000000e+04
1.219600000000000000e+04
1.213300000000000000e+04
1.175000000000000000e+04
1.153200000000000000e+04
1.170100000000000000e+04
1.160000000000000000e+04
1.122400000000000000e+04
1.115500000000000000e+04
1.114700000000000000e+04
1.099400000000000000e+04
1.101100000000000000e+04
1.097100000000000000e+04
1.086000000000000000e+04
1.083000000000000000e+04
1.073900000000000000e+04
1.103000000000000000e+04
1.086300000000000000e+04
1.062900000000000000e+04
1.052000000000000000e+04
1.078700000000000000e+04
1.073600000000000000e+04
1.051900000000000000e+04
1.041300000000000000e+04
1.069500000000000000e+04
1.065000000000000000e+04
1.050300000000000000e+04
1.079500000000000000e+04
1.088100000000000000e+04
1.096500000000000000e+04
1.163500000000000000e+04
1.175400000000000000e+04
1.153000000000000000e+04
1.142700000000000000e+04
1.145300000000000000e+04
1.091800000000000000e+04
1.130100000000000000e+04
1.116200000000000000e+04
1.110300000000000000e+04
1.086200000000000000e+04
1.121800000000000000e+04
1.134400000000000000e+04
1.136900000000000000e+04
1.152300000000000000e+04
1.124100000000000000e+04
1.130200000000000000e+04
1.118700000000000000e+04
1.072400000000000000e+04
1.095800000000000000e+04
1.078400000000000000e+04
1.078300000000000000e+04
1.102400000000000000e+04
1.101700000000000000e+04
1.103000000000000000e+04
1.100300000000000000e+04
1.094900000000000000e+04
1.102700000000000000e+04
1.126700000000000000e+04
1.082300000000000000e+04
1.097500000000000000e+04
1.111500000000000000e+04
1.113200000000000000e+04
1.105800000000000000e+04
1.095700000000000000e+04
1.090600000000000000e+04
1.087100000000000000e+04
1.087200000000000000e+04
1.134100000000000000e+04
1.111600000000000000e+04
1.133200000000000000e+04
1.167600000000000000e+04
1.158500000000000000e+04
1.136800000000000000e+04
1.163000000000000000e+04
1.142300000000000000e+04
1.178000000000000000e+04
1.190800000000000000e+04
1.182500000000000000e+04
1.151300000000000000e+04
1.150400000000000000e+04
1.142600000000000000e+04
1.126000000000000000e+04
1.219100000000000000e+04
1.228500000000000000e+04
1.192700000000000000e+04
1.218300000000000000e+04
1.226500000000000000e+04
1.204500000000000000e+04
1.157400000000000000e+04
1.158500000000000000e+04
1.150600000000000000e+04
1.202900000000000000e+04
1.157400000000000000e+04
1.184600000000000000e+04
1.165000000000000000e+04
1.206300000000000000e+04
1.169200000000000000e+04
1.163300000000000000e+04
1.141700000000000000e+04
1.151200000000000000e+04
1.128300000000000000e+04
1.122700000000000000e+04
1.161000000000000000e+04
1.107500000000000000e+04
1.131000000000000000e+04
1.138400000000000000e+04
1.124900000000000000e+04
1.119600000000000000e+04
1.115800000000000000e+04
1.107200000000000000e+04
1.149800000000000000e+04
1.142200000000000000e+04
1.138100000000000000e+04
1.158300000000000000e+04
1.160000000000000000e+04
1.137100000000000000e+04
1.164000000000000000e+04
1.150000000000000000e+04
1.138500000000000000e+04
1.162000000000000000e+04
1.121200000000000000e+04
1.121400000000000000e+04
1.093200000000000000e+04
1.089500000000000000e+04
1.103700000000000000e+04
1.111700000000000000e+04
1.099900000000000000e+04
1.113100000000000000e+04
1.130700000000000000e+04
1.130100000000000000e+04
1.103400000000000000e+04
1.105300000000000000e+04
1.108200000000000000e+04
1.072100000000000000e+04
1.116700000000000000e+04
1.108500000000000000e+04
1.108500000000000000e+04
1.126200000000000000e+04
1.153200000000000000e+04
1.151600000000000000e+04
1.188900000000000000e+04
1.130400000000000000e+04
1.135800000000000000e+04
1.132400000000000000e+04
1.125000000000000000e+04
1.135100000000000000e+04
1.141900000000000000e+04
1.117400000000000000e+04
1.105600000000000000e+04
1.071600000000000000e+04
1.096500000000000000e+04
1.126700000000000000e+04
1.136800000000000000e+04
1.153100000000000000e+04
1.161400000000000000e+04
1.127300000000000000e+04
1.156700000000000000e+04
1.160400000000000000e+04
1.166700000000000000e+04
1.186200000000000000e+04
1.194600000000000000e+04
1.176100000000000000e+04
1.182800000000000000e+04
1.156000000000000000e+04
1.136500000000000000e+04
1.152500000000000000e+04
1.167100000000000000e+04
1.150800000000000000e+04
1.163600000000000000e+04
1.169500000000000000e+04
1.190800000000000000e+04
1.195300000000000000e+04
1.190500000000000000e+04
1.150800000000000000e+04
1.179600000000000000e+04
1.194500000000000000e+04
1.163000000000000000e+04
1.160800000000000000e+04
1.185800000000000000e+04
1.136800000000000000e+04
1.155900000000000000e+04
1.184700000000000000e+04
1.177300000000000000e+04
1.194500000000000000e+04
1.200100000000000000e+04
1.200400000000000000e+04
1.158500000000000000e+04
1.182200000000000000e+04
1.198500000000000000e+04
1.201200000000000000e+04
1.176300000000000000e+04
1.222700000000000000e+04
1.153200000000000000e+04
1.200800000000000000e+04
1.170300000000000000e+04
1.142400000000000000e+04
1.158500000000000000e+04
1.111800000000000000e+04
1.121200000000000000e+04
1.123900000000000000e+04
