2.282000000000000000e+03
2.526000000000000000e+03
2.438000000000000000e+03
2.400000000000000000e+03
2.356000000000000000e+03
2.367000000000000000e+03
2.488000000000000000e+03
2.386000000000000000e+03
2.408000000000000000e+03
2.458000000000000000e+03
2.376000000000000000e+03
2.576000000000000000e+03
2.432000000000000000e+03
2.347000000000000000e+03
2.462000000000000000e+03
2.350000000000000000e+03
2.346000000000000000e+03
2.322000000000000000e+03
2.308000000000000000e+03
2.294000000000000000e+03
2.338000000000000000e+03
2.360000000000000000e+03
2.350000000000000000e+03
2.398000000000000000e+03
2.320000000000000000e+03
2.408000000000000000e+03
2.298000000000000000e+03
2.196000000000000000e+03
2.186000000000000000e+03
2.254000000000000000e+03
2.226000000000000000e+03
2.174000000000000000e+03
2.294000000000000000e+03
2.106000000000000000e+03
2.202000000000000000e+03
2.136000000000000000e+03
1.980000000000000000e+03
2.108000000000000000e+03
2.102000000000000000e+03
2.082000000000000000e+03
1.986000000000000000e+03
2.022000000000000000e+03
2.012000000000000000e+03
1.904000000000000000e+03
1.848000000000000000e+03
1.818000000000000000e+03
1.886000000000000000e+03
1.816000000000000000e+03
1.760000000000000000e+03
1.802000000000000000e+03
1.562000000000000000e+03
1.480000000000000000e+03
1.464000000000000000e+03
1.598000000000000000e+03
1.520000000000000000e+03
1.488000000000000000e+03
1.380000000000000000e+03
1.244000000000000000e+03
1.172000000000000000e+03
8.640000000000000000e+02
7.560000000000000000e+02
4.820000000000000000e+02
5.060000000000000000e+02
5.060000000000000000e+02
2.000000000000000000e+01
1.400000000000000000e+01
1.600000000000000000e+01
3.000000000000000000e+02
1.282000000000000000e+03
1.968000000000000000e+03
2.046000000000000000e+03
2.026000000000000000e+03
2.200000000000000000e+03
2.275000000000000000e+03
2.196000000000000000e+03
2.408000000000000000e+03
2.162000000000000000e+03
2.268000000000000000e+03
2.168000000000000000e+03
2.326000000000000000e+03
2.410000000000000000e+03
2.256000000000000000e+03
2.346000000000000000e+03
2.354000000000000000e+03
2.282000000000000000e+03
2.428000000000000000e+03
2.376000000000000000e+03
2.354000000000000000e+03
2.496000000000000000e+03
2.360000000000000000e+03
2.336000000000000000e+03
2.255000000000000000e+03
2.350000000000000000e+03
2.282000000000000000e+03
2.302000000000000000e+03
2.200000000000000000e+03
2.048000000000000000e+03
1.328000000000000000e+03
1.168000000000000000e+03
1.778000000000000000e+03
2.190000000000000000e+03
2.168000000000000000e+03
2.288000000000000000e+03
2.388000000000000000e+03
2.488000000000000000e+03
2.400000000000000000e+03
2.404000000000000000e+03
2.482000000000000000e+03
2.362000000000000000e+03
2.312000000000000000e+03
2.358000000000000000e+03
2.345000000000000000e+03
2.222000000000000000e+03
2.412000000000000000e+03
2.404000000000000000e+03
2.366000000000000000e+03
2.312000000000000000e+03
2.392000000000000000e+03
2.338000000000000000e+03
2.286000000000000000e+03
2.244000000000000000e+03
2.202000000000000000e+03
2.288000000000000000e+03
2.174000000000000000e+03
2.146000000000000000e+03
2.260000000000000000e+03
2.140000000000000000e+03
2.300000000000000000e+03
2.317000000000000000e+03
2.214000000000000000e+03
2.196000000000000000e+03
2.220000000000000000e+03
2.232000000000000000e+03
2.302000000000000000e+03
2.112000000000000000e+03
2.302000000000000000e+03
2.144000000000000000e+03
2.318000000000000000e+03
2.222000000000000000e+03
2.162000000000000000e+03
2.314000000000000000e+03
2.336000000000000000e+03
2.298000000000000000e+03
2.306000000000000000e+03
2.114000000000000000e+03
2.238000000000000000e+03
2.180000000000000000e+03
2.316000000000000000e+03
2.372000000000000000e+03
2.254000000000000000e+03
2.174000000000000000e+03
2.166000000000000000e+03
2.298000000000000000e+03
2.280000000000000000e+03
2.334000000000000000e+03
2.254000000000000000e+03
2.172000000000000000e+03
2.139000000000000000e+03
2.118000000000000000e+03
2.030000000000000000e+03
1.966000000000000000e+03
1.880000000000000000e+03
1.676000000000000000e+03
1.646000000000000000e+03
1.790000000000000000e+03
1.898000000000000000e+03
1.742000000000000000e+03
1.662000000000000000e+03
1.396000000000000000e+03
1.104000000000000000e+03
7.900000000000000000e+02
6.660000000000000000e+02
1.232000000000000000e+03
1.384000000000000000e+03
1.616000000000000000e+03
1.964000000000000000e+03
2.058000000000000000e+03
2.078000000000000000e+03
2.250000000000000000e+03
2.244000000000000000e+03
2.214000000000000000e+03
2.292000000000000000e+03
2.216000000000000000e+03
2.318000000000000000e+03
2.274000000000000000e+03
2.408000000000000000e+03
2.324000000000000000e+03
2.298000000000000000e+03
2.264000000000000000e+03
2.282000000000000000e+03
2.274000000000000000e+03
2.156000000000000000e+03
2.116000000000000000e+03
2.042000000000000000e+03
1.890000000000000000e+03
1.958000000000000000e+03
1.780000000000000000e+03
1.566000000000000000e+03
1.568000000000000000e+03
1.820000000000000000e+03
1.960000000000000000e+03
1.666000000000000000e+03
1.274000000000000000e+03
1.658000000000000000e+03
2.058000000000000000e+03
2.076000000000000000e+03
1.984000000000000000e+03
2.120000000000000000e+03
2.218000000000000000e+03
2.318000000000000000e+03
2.284000000000000000e+03
2.206000000000000000e+03
2.258000000000000000e+03
2.386000000000000000e+03
2.324000000000000000e+03
2.298000000000000000e+03
2.294000000000000000e+03
2.218000000000000000e+03
2.306000000000000000e+03
2.187000000000000000e+03
2.258000000000000000e+03
2.252000000000000000e+03
2.292000000000000000e+03
2.289000000000000000e+03
2.222000000000000000e+03
2.208000000000000000e+03
2.232000000000000000e+03
2.182000000000000000e+03
2.184000000000000000e+03
2.206000000000000000e+03
2.208000000000000000e+03
2.398000000000000000e+03
2.200000000000000000e+03
2.218000000000000000e+03
2.086000000000000000e+03
2.100000000000000000e+03
2.158000000000000000e+03
2.158000000000000000e+03
2.300000000000000000e+03
2.224000000000000000e+03
2.308000000000000000e+03
