1.155312681198120117e+01
1.149419736862182617e+01
1.158103871345520020e+01
1.157943153381347656e+01
1.158957362174987793e+01
1.162554955482482910e+01
1.156807780265808105e+01
1.159644174575805664e+01
1.159003281593322754e+01
1.153783988952636719e+01
1.149323606491088867e+01
1.164122438430786133e+01
1.153772330284118652e+01
1.153662323951721191e+01
1.150835514068603516e+01
1.159211111068725586e+01
1.154911136627197266e+01
1.152940416336059570e+01
1.162761020660400391e+01
1.154884219169616699e+01
1.150834131240844727e+01
1.158595156669616699e+01
1.160362911224365234e+01
1.161025857925415039e+01
1.157777619361877441e+01
1.152924847602844238e+01
1.154358720779418945e+01
1.149459290504455566e+01
1.154486751556396484e+01
1.153527903556823730e+01
1.154593324661254883e+01
1.149832439422607422e+01
1.151688718795776367e+01
1.152398228645324707e+01
1.152858853340148926e+01
1.150120878219604492e+01
1.159122705459594727e+01
1.155114293098449707e+01
1.156700253486633301e+01
1.152349901199340820e+01
1.156768608093261719e+01
1.152779102325439453e+01
1.154305315017700195e+01
1.150599908828735352e+01
1.155408143997192383e+01
1.155507755279541016e+01
1.149264621734619141e+01
1.159006905555725098e+01
1.147778201103210449e+01
1.158404922485351562e+01
1.153696894645690918e+01
1.151564574241638184e+01
1.151863360404968262e+01
1.168118262290954590e+01
1.153857040405273438e+01
1.156609034538269043e+01
1.153268814086914062e+01
1.158631706237792969e+01
1.153005528450012207e+01
1.157656097412109375e+01
1.155182528495788574e+01
1.149516963958740234e+01
1.148616623878479004e+01
1.146578001976013184e+01
1.154778289794921875e+01
1.159898900985717773e+01
1.154183411598205566e+01
1.150739026069641113e+01
1.152742743492126465e+01
1.150941705703735352e+01
1.148813271522521973e+01
1.154508447647094727e+01
1.151138591766357422e+01
1.156400704383850098e+01
1.150453495979309082e+01
1.153536438941955566e+01
1.154080581665039062e+01
1.152830362319946289e+01
1.154225587844848633e+01
1.160777759552001953e+01
1.149397134780883789e+01
1.153313612937927246e+01
1.150343585014343262e+01
1.157280969619750977e+01
1.151689243316650391e+01
1.150409698486328125e+01
1.149393057823181152e+01
1.154274177551269531e+01
1.144126820564270020e+01
1.152310681343078613e+01
1.149805545806884766e+01
1.144755196571350098e+01
1.148933076858520508e+01
1.151849365234375000e+01
1.153731966018676758e+01
1.152479243278503418e+01
1.156881856918334961e+01
1.158085441589355469e+01
1.154683208465576172e+01
1.155823969841003418e+01
1.152478003501892090e+01
1.153801465034484863e+01
1.155931210517883301e+01
1.154540133476257324e+01
1.151694369316101074e+01
1.151306939125061035e+01
1.155212712287902832e+01
1.151413059234619141e+01
1.163652920722961426e+01
1.161935472488403320e+01
1.156533885002136230e+01
1.152110433578491211e+01
1.160633015632629395e+01
1.157174110412597656e+01
1.155833148956298828e+01
1.158951830863952637e+01
1.158215951919555664e+01
1.159509634971618652e+01
1.149464273452758789e+01
1.153176403045654297e+01
1.153044176101684570e+01
1.164562559127807617e+01
1.159907174110412598e+01
1.145826363563537598e+01
1.155118942260742188e+01
1.153215265274047852e+01
1.151623535156250000e+01
1.158425402641296387e+01
1.154429674148559570e+01
1.154552817344665527e+01
1.151609230041503906e+01
1.149420714378356934e+01
1.163514447212219238e+01
1.153783869743347168e+01
1.150948548316955566e+01
1.154848122596740723e+01
1.155565237998962402e+01
1.152482557296752930e+01
1.150576567649841309e+01
1.163114428520202637e+01
1.157074499130249023e+01
1.156042003631591797e+01
1.155540132522583008e+01
1.155851221084594727e+01
1.149533653259277344e+01
1.169945383071899414e+01
1.154791569709777832e+01
1.154359984397888184e+01
1.143500185012817383e+01
1.147578525543212891e+01
1.156659340858459473e+01
1.170604372024536133e+01
1.157216024398803711e+01
1.151271653175354004e+01
1.149704074859619141e+01
1.155363702774047852e+01
1.153003621101379395e+01
1.149572563171386719e+01
1.150014948844909668e+01
1.155301523208618164e+01
1.148659300804138184e+01
1.154321146011352539e+01
1.156303691864013672e+01
1.165269231796264648e+01
1.155203723907470703e+01
1.148338675498962402e+01
1.160828447341918945e+01
1.156038808822631836e+01
1.152192282676696777e+01
1.158703899383544922e+01
1.164318943023681641e+01
1.157734394073486328e+01
1.158398675918579102e+01
1.156789755821228027e+01
1.156129932403564453e+01
1.157864761352539062e+01
1.148459744453430176e+01
1.157122302055358887e+01
1.148873639106750488e+01
1.152237677574157715e+01
1.153330826759338379e+01
1.160798001289367676e+01
1.158837294578552246e+01
1.155799627304077148e+01
1.154799580574035645e+01
1.160446596145629883e+01
1.153245472908020020e+01
1.150361847877502441e+01
1.257391357421875000e+01
1.158581376075744629e+01
1.149154376983642578e+01
1.152630972862243652e+01
1.149579977989196777e+01
1.159007763862609863e+01
1.145560765266418457e+01
1.150356268882751465e+01
1.166855430603027344e+01
1.148111891746520996e+01
1.150382328033447266e+01
1.150281023979187012e+01
1.160716557502746582e+01
1.155299067497253418e+01
1.167951583862304688e+01
1.157487726211547852e+01
1.159547281265258789e+01
1.149751234054565430e+01
1.155877399444580078e+01
1.154471182823181152e+01
1.167972517013549805e+01
1.153133535385131836e+01
1.150118708610534668e+01
1.151545524597167969e+01
1.159032249450683594e+01
1.150686359405517578e+01
1.150549697875976562e+01
1.164325404167175293e+01
1.150454187393188477e+01
1.150329446792602539e+01
1.152523326873779297e+01
1.159250307083129883e+01
1.147644519805908203e+01
1.149975204467773438e+01
1.151109814643859863e+01
1.161736679077148438e+01
1.160220241546630859e+01
1.152228450775146484e+01
1.164424943923950195e+01
1.161398220062255859e+01
1.158401298522949219e+01
1.153405761718750000e+01
1.163966012001037598e+01
1.165548133850097656e+01
1.150140190124511719e+01
1.156335520744323730e+01
1.161113643646240234e+01
1.153342032432556152e+01
1.154330658912658691e+01
1.160356020927429199e+01
1.158468723297119141e+01
1.153485894203186035e+01
1.158337402343750000e+01
