2.546400000000000000e+04
2.532700000000000000e+04
2.519900000000000000e+04
2.518500000000000000e+04
2.501300000000000000e+04
2.554100000000000000e+04
2.516800000000000000e+04
2.573700000000000000e+04
2.564500000000000000e+04
2.537300000000000000e+04
2.500900000000000000e+04
2.479300000000000000e+04
2.467900000000000000e+04
2.337700000000000000e+04
2.501900000000000000e+04
2.479900000000000000e+04
2.480300000000000000e+04
2.532900000000000000e+04
2.536700000000000000e+04
2.453900000000000000e+04
2.438900000000000000e+04
2.515400000000000000e+04
2.515500000000000000e+04
2.530700000000000000e+04
2.535100000000000000e+04
2.448100000000000000e+04
2.544900000000000000e+04
2.519300000000000000e+04
2.493200000000000000e+04
2.539700000000000000e+04
2.475700000000000000e+04
2.559500000000000000e+04
2.497500000000000000e+04
2.498900000000000000e+04
2.532100000000000000e+04
2.474800000000000000e+04
2.500900000000000000e+04
2.555900000000000000e+04
2.503100000000000000e+04
2.534900000000000000e+04
2.469700000000000000e+04
2.517700000000000000e+04
2.444500000000000000e+04
2.447500000000000000e+04
2.423100000000000000e+04
2.478900000000000000e+04
2.534600000000000000e+04
2.491300000000000000e+04
2.453700000000000000e+04
2.573300000000000000e+04
2.608700000000000000e+04
2.554100000000000000e+04
2.530300000000000000e+04
2.504300000000000000e+04
2.522500000000000000e+04
2.521200000000000000e+04
2.472500000000000000e+04
2.515500000000000000e+04
2.557900000000000000e+04
2.419500000000000000e+04
2.520500000000000000e+04
2.548500000000000000e+04
2.498500000000000000e+04
2.510100000000000000e+04
2.520900000000000000e+04
2.497900000000000000e+04
2.486500000000000000e+04
2.499100000000000000e+04
2.507600000000000000e+04
2.533500000000000000e+04
2.478300000000000000e+04
2.510900000000000000e+04
2.449400000000000000e+04
2.434300000000000000e+04
2.368000000000000000e+04
2.378300000000000000e+04
2.407100000000000000e+04
2.478700000000000000e+04
2.490300000000000000e+04
2.510100000000000000e+04
2.491700000000000000e+04
2.380500000000000000e+04
2.364900000000000000e+04
2.461300000000000000e+04
2.446500000000000000e+04
2.400500000000000000e+04
2.370700000000000000e+04
2.359900000000000000e+04
2.377300000000000000e+04
2.383500000000000000e+04
2.360300000000000000e+04
2.442100000000000000e+04
2.447900000000000000e+04
2.402700000000000000e+04
2.357300000000000000e+04
2.315100000000000000e+04
2.327900000000000000e+04
2.385700000000000000e+04
2.373100000000000000e+04
2.371500000000000000e+04
2.444100000000000000e+04
2.406100000000000000e+04
2.400400000000000000e+04
2.412700000000000000e+04
2.365100000000000000e+04
2.342900000000000000e+04
2.295900000000000000e+04
2.348300000000000000e+04
2.291100000000000000e+04
2.272900000000000000e+04
2.338500000000000000e+04
2.372700000000000000e+04
2.305700000000000000e+04
2.356300000000000000e+04
2.400600000000000000e+04
2.451300000000000000e+04
2.477700000000000000e+04
2.476700000000000000e+04
2.373900000000000000e+04
2.320100000000000000e+04
2.361900000000000000e+04
2.437100000000000000e+04
2.359100000000000000e+04
2.325700000000000000e+04
2.338300000000000000e+04
2.370500000000000000e+04
2.387300000000000000e+04
2.392700000000000000e+04
2.323900000000000000e+04
2.314500000000000000e+04
2.331900000000000000e+04
2.327900000000000000e+04
2.449900000000000000e+04
2.431900000000000000e+04
2.494700000000000000e+04
2.368300000000000000e+04
2.397900000000000000e+04
2.357300000000000000e+04
2.422700000000000000e+04
2.367300000000000000e+04
2.416500000000000000e+04
2.373900000000000000e+04
2.293100000000000000e+04
2.360500000000000000e+04
2.387300000000000000e+04
2.351100000000000000e+04
2.342100000000000000e+04
2.322700000000000000e+04
2.311700000000000000e+04
2.272900000000000000e+04
2.359900000000000000e+04
2.354100000000000000e+04
2.365500000000000000e+04
2.310100000000000000e+04
2.363300000000000000e+04
2.428000000000000000e+04
2.343700000000000000e+04
2.370500000000000000e+04
2.401900000000000000e+04
2.364400000000000000e+04
2.339700000000000000e+04
2.395300000000000000e+04
2.406100000000000000e+04
2.422700000000000000e+04
2.407200000000000000e+04
2.364900000000000000e+04
2.332300000000000000e+04
2.369100000000000000e+04
2.368100000000000000e+04
2.314000000000000000e+04
2.330900000000000000e+04
2.297100000000000000e+04
2.302700000000000000e+04
2.349100000000000000e+04
2.245800000000000000e+04
2.287500000000000000e+04
2.245500000000000000e+04
2.187200000000000000e+04
2.252100000000000000e+04
2.366100000000000000e+04
2.335100000000000000e+04
2.367300000000000000e+04
2.346300000000000000e+04
2.382700000000000000e+04
2.329500000000000000e+04
2.321000000000000000e+04
2.330900000000000000e+04
2.215100000000000000e+04
2.337700000000000000e+04
2.256700000000000000e+04
2.300300000000000000e+04
2.221300000000000000e+04
2.305300000000000000e+04
2.362300000000000000e+04
2.367500000000000000e+04
2.313500000000000000e+04
2.358600000000000000e+04
2.463500000000000000e+04
2.362500000000000000e+04
2.455500000000000000e+04
2.440900000000000000e+04
2.384900000000000000e+04
2.397500000000000000e+04
2.383700000000000000e+04
2.351100000000000000e+04
2.331700000000000000e+04
2.328900000000000000e+04
2.271100000000000000e+04
2.325700000000000000e+04
2.321700000000000000e+04
2.316300000000000000e+04
2.292500000000000000e+04
2.291700000000000000e+04
2.415500000000000000e+04
2.276500000000000000e+04
2.293100000000000000e+04
2.387700000000000000e+04
2.480100000000000000e+04
2.314500000000000000e+04
2.281500000000000000e+04
2.408900000000000000e+04
2.410300000000000000e+04
2.359100000000000000e+04
2.313900000000000000e+04
2.334000000000000000e+04
2.342900000000000000e+04
2.306600000000000000e+04
2.319800000000000000e+04
2.335400000000000000e+04
2.369200000000000000e+04
2.369500000000000000e+04
2.283900000000000000e+04
2.196500000000000000e+04
2.324300000000000000e+04
2.360900000000000000e+04
2.281300000000000000e+04
2.204800000000000000e+04
2.313700000000000000e+04
2.310100000000000000e+04
2.239600000000000000e+04
2.322900000000000000e+04
