1.310200000000000031e+01
1.308900000000000041e+01
1.307099999999999973e+01
1.306700000000000017e+01
1.306400000000000006e+01
1.305499999999999972e+01
1.305000000000000071e+01
1.304299999999999926e+01
1.304299999999999926e+01
1.302899999999999991e+01
1.303200000000000003e+01
1.302399999999999913e+01
1.302200000000000024e+01
1.301999999999999957e+01
1.302100000000000080e+01
1.301399999999999935e+01
1.301699999999999946e+01
1.301699999999999946e+01
1.301800000000000068e+01
1.301699999999999946e+01
1.301999999999999957e+01
1.301399999999999935e+01
1.301399999999999935e+01
1.301200000000000045e+01
1.300900000000000034e+01
1.300999999999999979e+01
1.300999999999999979e+01
1.301200000000000045e+01
1.300699999999999967e+01
1.300999999999999979e+01
1.300500000000000078e+01
1.300900000000000034e+01
1.300799999999999912e+01
1.300799999999999912e+01
1.300799999999999912e+01
1.300500000000000078e+01
1.300399999999999956e+01
1.300399999999999956e+01
1.300399999999999956e+01
1.300799999999999912e+01
1.300399999999999956e+01
1.300799999999999912e+01
1.300699999999999967e+01
1.300500000000000078e+01
1.300399999999999956e+01
1.300799999999999912e+01
1.300900000000000034e+01
1.300699999999999967e+01
1.300900000000000034e+01
1.300699999999999967e+01
1.300900000000000034e+01
1.300999999999999979e+01
1.300799999999999912e+01
1.300399999999999956e+01
1.300699999999999967e+01
1.300699999999999967e+01
1.300699999999999967e+01
1.300300000000000011e+01
1.300300000000000011e+01
1.300300000000000011e+01
1.299900000000000055e+01
1.300399999999999956e+01
1.300099999999999945e+01
1.300699999999999967e+01
1.300099999999999945e+01
1.299699999999999989e+01
1.300099999999999945e+01
1.300000000000000000e+01
1.300000000000000000e+01
1.300300000000000011e+01
1.300099999999999945e+01
1.300399999999999956e+01
1.299900000000000055e+01
1.300300000000000011e+01
1.300500000000000078e+01
1.300099999999999945e+01
1.300300000000000011e+01
1.300399999999999956e+01
1.300300000000000011e+01
1.299900000000000055e+01
1.300099999999999945e+01
1.300500000000000078e+01
1.300099999999999945e+01
1.300099999999999945e+01
1.300099999999999945e+01
1.300500000000000078e+01
1.300099999999999945e+01
1.292699999999999960e+01
1.293099999999999916e+01
1.293699999999999939e+01
1.293900000000000006e+01
1.293099999999999916e+01
1.293699999999999939e+01
1.293900000000000006e+01
1.293900000000000006e+01
1.294100000000000072e+01
1.293999999999999950e+01
1.293699999999999939e+01
1.294299999999999962e+01
1.294100000000000072e+01
1.294100000000000072e+01
1.293999999999999950e+01
1.293699999999999939e+01
1.293699999999999939e+01
1.293900000000000006e+01
1.293599999999999994e+01
1.293900000000000006e+01
1.293999999999999950e+01
1.293900000000000006e+01
1.293900000000000006e+01
1.293599999999999994e+01
1.293699999999999939e+01
1.293900000000000006e+01
1.293900000000000006e+01
1.293699999999999939e+01
1.293900000000000006e+01
1.293999999999999950e+01
1.293900000000000006e+01
1.293900000000000006e+01
1.293699999999999939e+01
1.293699999999999939e+01
1.294299999999999962e+01
1.293999999999999950e+01
1.293900000000000006e+01
1.293599999999999994e+01
1.293699999999999939e+01
1.293900000000000006e+01
1.293999999999999950e+01
1.293599999999999994e+01
1.293999999999999950e+01
1.293599999999999994e+01
1.293699999999999939e+01
1.293900000000000006e+01
1.293900000000000006e+01
1.294100000000000072e+01
1.293999999999999950e+01
1.293500000000000050e+01
1.293699999999999939e+01
1.294299999999999962e+01
1.295899999999999963e+01
1.296299999999999919e+01
1.296400000000000041e+01
1.296299999999999919e+01
1.296400000000000041e+01
1.296700000000000053e+01
1.296599999999999930e+01
1.297000000000000064e+01
1.296599999999999930e+01
1.296700000000000053e+01
1.296400000000000041e+01
1.296700000000000053e+01
1.296199999999999974e+01
1.296799999999999997e+01
1.296700000000000053e+01
1.296299999999999919e+01
1.296799999999999997e+01
1.296700000000000053e+01
1.296400000000000041e+01
1.296799999999999997e+01
1.296799999999999997e+01
1.296799999999999997e+01
1.296599999999999930e+01
1.296799999999999997e+01
1.296700000000000053e+01
1.296700000000000053e+01
1.296700000000000053e+01
1.296799999999999997e+01
1.296299999999999919e+01
1.296700000000000053e+01
1.296299999999999919e+01
1.296599999999999930e+01
1.296400000000000041e+01
1.296700000000000053e+01
1.296599999999999930e+01
1.296700000000000053e+01
1.296700000000000053e+01
1.296700000000000053e+01
1.296599999999999930e+01
1.296299999999999919e+01
1.296599999999999930e+01
1.296799999999999997e+01
1.296799999999999997e+01
1.296799999999999997e+01
1.296599999999999930e+01
1.296299999999999919e+01
1.296400000000000041e+01
1.296599999999999930e+01
1.296799999999999997e+01
1.296700000000000053e+01
1.296599999999999930e+01
1.296599999999999930e+01
1.296499999999999986e+01
1.296899999999999942e+01
1.296499999999999986e+01
1.296700000000000053e+01
1.296799999999999997e+01
1.296899999999999942e+01
1.297199999999999953e+01
1.297199999999999953e+01
1.296899999999999942e+01
1.297000000000000064e+01
1.296899999999999942e+01
1.297000000000000064e+01
1.297000000000000064e+01
1.297000000000000064e+01
1.297300000000000075e+01
1.297300000000000075e+01
1.296799999999999997e+01
1.297199999999999953e+01
1.297400000000000020e+01
1.297000000000000064e+01
1.297600000000000087e+01
1.297600000000000087e+01
1.297700000000000031e+01
1.297600000000000087e+01
1.297400000000000020e+01
1.298000000000000043e+01
1.298199999999999932e+01
1.298099999999999987e+01
1.298199999999999932e+01
1.298300000000000054e+01
1.298099999999999987e+01
1.298300000000000054e+01
1.298000000000000043e+01
1.298300000000000054e+01
1.298300000000000054e+01
1.298000000000000043e+01
1.298300000000000054e+01
1.298099999999999987e+01
1.298099999999999987e+01
1.298900000000000077e+01
1.298600000000000065e+01
1.298700000000000010e+01
1.299099999999999966e+01
1.299499999999999922e+01
1.300600000000000023e+01
1.307099999999999973e+01
1.306099999999999994e+01
1.306199999999999939e+01
1.306799999999999962e+01
1.305899999999999928e+01
