1.252599999999999980e+01
1.251699999999999946e+01
1.251699999999999946e+01
1.250999999999999979e+01
1.250500000000000078e+01
1.250900000000000034e+01
1.250999999999999979e+01
1.250699999999999967e+01
1.250699999999999967e+01
1.250900000000000034e+01
1.250999999999999979e+01
1.250999999999999979e+01
1.251099999999999923e+01
1.251099999999999923e+01
1.250999999999999979e+01
1.250200000000000067e+01
1.250300000000000011e+01
1.249799999999999933e+01
1.250099999999999945e+01
1.250000000000000000e+01
1.249799999999999933e+01
1.250000000000000000e+01
1.249600000000000044e+01
1.249699999999999989e+01
1.250600000000000023e+01
1.250300000000000011e+01
1.249799999999999933e+01
1.250300000000000011e+01
1.250200000000000067e+01
1.250000000000000000e+01
1.249699999999999989e+01
1.250000000000000000e+01
1.250099999999999945e+01
1.249799999999999933e+01
1.250099999999999945e+01
1.250099999999999945e+01
1.249799999999999933e+01
1.250200000000000067e+01
1.249799999999999933e+01
1.249699999999999989e+01
1.250099999999999945e+01
1.250000000000000000e+01
1.249600000000000044e+01
1.249600000000000044e+01
1.249799999999999933e+01
1.249699999999999989e+01
1.249499999999999922e+01
1.250099999999999945e+01
1.249499999999999922e+01
1.249799999999999933e+01
1.250200000000000067e+01
1.249799999999999933e+01
1.249799999999999933e+01
1.249799999999999933e+01
1.249799999999999933e+01
1.249900000000000055e+01
1.249900000000000055e+01
1.249900000000000055e+01
1.249799999999999933e+01
1.249799999999999933e+01
1.249499999999999922e+01
1.249799999999999933e+01
1.249699999999999989e+01
1.249699999999999989e+01
1.249799999999999933e+01
1.249499999999999922e+01
1.249900000000000055e+01
1.249699999999999989e+01
1.249699999999999989e+01
1.249699999999999989e+01
1.249900000000000055e+01
1.249499999999999922e+01
1.249799999999999933e+01
1.249300000000000033e+01
1.249699999999999989e+01
1.249499999999999922e+01
1.249799999999999933e+01
1.249799999999999933e+01
1.249699999999999989e+01
1.249900000000000055e+01
1.249499999999999922e+01
1.249799999999999933e+01
1.249799999999999933e+01
1.249900000000000055e+01
1.249900000000000055e+01
1.249799999999999933e+01
1.250099999999999945e+01
1.249699999999999989e+01
1.249699999999999989e+01
1.249499999999999922e+01
1.250200000000000067e+01
1.249799999999999933e+01
1.250399999999999956e+01
1.250300000000000011e+01
1.250300000000000011e+01
1.250099999999999945e+01
1.250200000000000067e+01
1.250300000000000011e+01
1.249799999999999933e+01
1.250099999999999945e+01
1.249699999999999989e+01
1.250099999999999945e+01
1.250399999999999956e+01
1.250200000000000067e+01
1.250099999999999945e+01
1.250200000000000067e+01
1.250000000000000000e+01
1.250399999999999956e+01
1.249799999999999933e+01
1.250000000000000000e+01
1.249799999999999933e+01
1.250000000000000000e+01
1.249699999999999989e+01
1.250099999999999945e+01
1.250200000000000067e+01
1.250099999999999945e+01
1.249699999999999989e+01
1.250000000000000000e+01
1.250099999999999945e+01
1.249699999999999989e+01
1.249799999999999933e+01
1.249699999999999989e+01
1.250000000000000000e+01
1.250000000000000000e+01
1.249600000000000044e+01
1.249600000000000044e+01
1.250099999999999945e+01
1.249699999999999989e+01
1.249799999999999933e+01
1.249600000000000044e+01
1.249799999999999933e+01
1.249499999999999922e+01
1.249799999999999933e+01
1.249799999999999933e+01
1.249499999999999922e+01
1.249600000000000044e+01
1.249699999999999989e+01
1.249600000000000044e+01
1.249600000000000044e+01
1.249699999999999989e+01
1.249699999999999989e+01
1.249600000000000044e+01
1.249799999999999933e+01
1.249799999999999933e+01
1.249600000000000044e+01
1.249499999999999922e+01
1.249699999999999989e+01
1.249600000000000044e+01
1.249600000000000044e+01
1.249300000000000033e+01
1.247100000000000009e+01
1.247300000000000075e+01
1.247100000000000009e+01
1.247799999999999976e+01
1.247700000000000031e+01
1.247700000000000031e+01
1.247300000000000075e+01
1.247100000000000009e+01
1.247600000000000087e+01
1.247400000000000020e+01
1.247300000000000075e+01
1.247400000000000020e+01
1.247300000000000075e+01
1.247100000000000009e+01
1.247300000000000075e+01
1.247400000000000020e+01
1.247400000000000020e+01
1.247300000000000075e+01
1.247400000000000020e+01
1.247300000000000075e+01
1.247400000000000020e+01
1.247199999999999953e+01
1.247400000000000020e+01
1.247199999999999953e+01
1.247199999999999953e+01
1.247400000000000020e+01
1.247300000000000075e+01
1.247199999999999953e+01
1.247400000000000020e+01
1.247300000000000075e+01
1.247600000000000087e+01
1.247300000000000075e+01
1.247100000000000009e+01
1.247600000000000087e+01
1.247199999999999953e+01
1.246899999999999942e+01
1.247400000000000020e+01
1.247100000000000009e+01
1.247199999999999953e+01
1.246899999999999942e+01
1.247300000000000075e+01
1.246799999999999997e+01
1.247199999999999953e+01
1.246799999999999997e+01
1.247199999999999953e+01
1.246899999999999942e+01
1.247100000000000009e+01
1.246799999999999997e+01
1.247300000000000075e+01
1.246899999999999942e+01
1.246899999999999942e+01
1.246899999999999942e+01
1.247899999999999920e+01
1.248199999999999932e+01
1.248700000000000010e+01
1.248199999999999932e+01
1.248199999999999932e+01
1.248399999999999999e+01
1.248600000000000065e+01
1.248399999999999999e+01
1.248300000000000054e+01
1.248399999999999999e+01
1.248199999999999932e+01
1.248300000000000054e+01
1.248399999999999999e+01
1.248000000000000043e+01
1.248600000000000065e+01
1.247600000000000087e+01
1.248399999999999999e+01
1.248399999999999999e+01
1.247899999999999920e+01
1.248300000000000054e+01
1.248300000000000054e+01
1.248199999999999932e+01
1.248399999999999999e+01
1.248199999999999932e+01
1.248300000000000054e+01
1.248300000000000054e+01
1.247899999999999920e+01
1.248199999999999932e+01
1.248199999999999932e+01
1.248199999999999932e+01
1.247899999999999920e+01
1.247899999999999920e+01
1.248000000000000043e+01
1.247799999999999976e+01
1.248199999999999932e+01
1.247799999999999976e+01
1.248300000000000054e+01
1.247899999999999920e+01
1.248600000000000065e+01
