7.805914644944218772e-02
7.682404926759681119e-02
7.369252429518216574e-02
7.428827154118902709e-02
7.678104859780525426e-02
7.732828369771044263e-02
7.671865165396181407e-02
7.622517252250674002e-02
7.606672519754170692e-02
7.727100093222387389e-02
8.095848194189549096e-02
7.485624673288029940e-02
7.558719350734206810e-02
8.049212803670106886e-02
7.505092001242794075e-02
7.214526264625212293e-02
7.684068686729088327e-02
7.120192475330380799e-02
7.572740927032030334e-02
7.504078303425774921e-02
7.352376966272540504e-02
7.410812148640526231e-02
7.069547368054830694e-02
7.075948044712190854e-02
7.234116623150566028e-02
7.012288525036593223e-02
6.997861375030677011e-02
7.240135840072821349e-02
7.272221642854659329e-02
6.800574893960108225e-02
6.630691637569216534e-02
6.421223980881793358e-02
6.700903134407650008e-02
7.101464545358761316e-02
6.470775432269014471e-02
6.310865998813222633e-02
6.235241778173231803e-02
6.285576292820919952e-02
5.954182355632191975e-02
5.596549388657184876e-02
5.392873702607269004e-02
5.561944589649765042e-02
4.965662968832541130e-02
4.712582310019576559e-02
4.863711116554113312e-02
4.780066107297228917e-02
3.881540117348887542e-02
3.509763073337805739e-02
2.995805871779508647e-02
2.446018310589048034e-02
2.055107857972340510e-02
1.597990300408220349e-02
1.382862384026528439e-02
1.474770883809122489e-02
9.018847983089660000e-03
3.490401396160558532e-03
1.621145374449339208e-03
3.853564547206165657e-03
1.249869805228621955e-02
6.881628888652406746e-03
5.137835730990007559e-03
1.245207358683034921e-02
4.321676810602513921e-04
3.627525664744077859e-04
1.297107800175284834e-02
3.496829207122639782e-02
5.318808074335149016e-02
6.463677098401721111e-02
6.624594679404484376e-02
6.943226847143808833e-02
7.117437722419929502e-02
7.212794870901424737e-02
7.285719289642368646e-02
7.580730545262043263e-02
7.507327236131219883e-02
7.709383037947922790e-02
7.178312332951508612e-02
7.519268998709587037e-02
7.023801115898015146e-02
7.490503745251872458e-02
6.984922873359100670e-02
7.123419792635458936e-02
7.144632647988352625e-02
7.214273096626037940e-02
7.182107731615974822e-02
7.466310122796523951e-02
7.324120165697775575e-02
7.647699715320001312e-02
7.237090086694308866e-02
7.316988830872436789e-02
7.485185570225595664e-02
7.244116321791271851e-02
6.072355894062662213e-02
2.774783546020376246e-02
3.906330593858533401e-02
6.518487599568680013e-02
7.409974699338023330e-02
7.371179039301309355e-02
7.320768011273559583e-02
7.213319026686511315e-02
7.035630942844206537e-02
7.296943076759590530e-02
7.551893188693022119e-02
7.268684201382856480e-02
7.687807563921676690e-02
7.526403937519225706e-02
7.783535631064585070e-02
7.815214799168739013e-02
7.981106518945577100e-02
7.461696855477611967e-02
7.763072398344790515e-02
7.669565217391303980e-02
7.507265660562344178e-02
7.535774338560791152e-02
7.275880006936015498e-02
7.397775876817792862e-02
7.366125514901865345e-02
7.355431889668521961e-02
7.408165353525017482e-02
7.413079038039883939e-02
6.887155557069382650e-02
6.896787189729933210e-02
6.713768973327473299e-02
6.480067854113655268e-02
6.345516086020035196e-02
6.922319214700588252e-02
6.474698713837220843e-02
6.628846484442152409e-02
6.961038961038960859e-02
7.050957349812582431e-02
7.101494503970318117e-02
6.862509855002914272e-02
6.753175231473514117e-02
7.062369421515908574e-02
6.844368013757523572e-02
7.135224569990693266e-02
6.721937459148921712e-02
6.912999896305001279e-02
6.901730552616308634e-02
6.859541091884825692e-02
7.070953359573653452e-02
6.715145610799902465e-02
6.864339341936823158e-02
6.767502453219639835e-02
6.801289665705073650e-02
7.474754485199708309e-02
6.932301206068355870e-02
7.088554865136946492e-02
7.149096753904748969e-02
7.085346215780997936e-02
7.471849019539060499e-02
7.119405564195610547e-02
7.368013242700666154e-02
6.516394861673764638e-02
6.642297650130547793e-02
6.625732819925764239e-02
6.430269823219270098e-02
6.236833926166384517e-02
5.056237746362604590e-02
4.268979884566784233e-02
2.995685936151855008e-02
4.897648159052336164e-02
6.476268468284027136e-02
5.995612966122349646e-02
4.023008300898976708e-02
1.370005189413596274e-02
4.612590384154072881e-02
5.897462241857597681e-02
5.616028301244982424e-02
6.071825249907441407e-02
6.906048817433814435e-02
6.970103553858326972e-02
6.829471636502587595e-02
7.300515129805888737e-02
7.792657185369736283e-02
7.532724973512423816e-02
7.276543641770159832e-02
7.282970902470026209e-02
7.587326814773866224e-02
7.023789149409549737e-02
7.051041631150056777e-02
7.488515077199406345e-02
7.260288317218750731e-02
7.318828165153332121e-02
7.569871772835091994e-02
7.285660025551603247e-02
6.910887715113307739e-02
6.804357538059727095e-02
6.617772471431007664e-02
7.147547782808558181e-02
6.438855160450997206e-02
6.300346210537140224e-02
7.382619795080552771e-02
7.488697932843289828e-02
7.119268606389266008e-02
4.069509405619473746e-02
6.764086088368397032e-02
6.783893455415669627e-02
7.066477489012699953e-02
6.286164275687335101e-02
7.057206665521388589e-02
7.193000657052944780e-02
7.032845325857474406e-02
7.025825209509149738e-02
7.024722932651321361e-02
7.156295966886737359e-02
7.568487323464352656e-02
7.485851185722718071e-02
7.428630605129621367e-02
7.044922144136694930e-02
7.287241332054268661e-02
6.919218128351496688e-02
7.427738809257565522e-02
7.439689784152911378e-02
7.300645611586110972e-02
6.981647254000622471e-02
7.280186350519765592e-02
7.201016937506442284e-02
7.535995098539773063e-02
6.943536455286790365e-02
6.992525231648927253e-02
7.273738743437294096e-02
7.077477967947190529e-02
7.513563312519193349e-02
7.188800605372681896e-02
6.171877646421191493e-02
5.359572909033811366e-02
5.881343718903338930e-02
6.567308023267820483e-02
7.128969539857420157e-02
7.161978931265862436e-02
7.359216509268974582e-02
7.618119146269280995e-02
7.424205421623696066e-02
7.394110946183851674e-02
7.071290289712325872e-02
7.394061189840961390e-02
7.188437791038598812e-02
7.064605303573257000e-02
7.375945301978659163e-02
7.226115193983934093e-02
