2.772700000000000000e+04
2.937900000000000000e+04
2.967100000000000000e+04
2.966900000000000000e+04
2.937700000000000000e+04
2.980100000000000000e+04
2.948300000000000000e+04
2.953100000000000000e+04
2.978900000000000000e+04
2.932900000000000000e+04
2.931100000000000000e+04
2.955100000000000000e+04
2.926100000000000000e+04
2.994900000000000000e+04
2.999300000000000000e+04
2.921900000000000000e+04
2.928200000000000000e+04
2.980100000000000000e+04
2.951900000000000000e+04
2.940300000000000000e+04
2.957700000000000000e+04
2.971500000000000000e+04
2.941100000000000000e+04
2.968400000000000000e+04
2.951700000000000000e+04
2.950200000000000000e+04
2.963700000000000000e+04
2.945300000000000000e+04
2.954100000000000000e+04
2.958500000000000000e+04
2.905900000000000000e+04
2.946500000000000000e+04
2.969300000000000000e+04
2.949300000000000000e+04
3.016100000000000000e+04
2.958900000000000000e+04
2.976500000000000000e+04
3.033900000000000000e+04
2.908100000000000000e+04
2.942500000000000000e+04
2.917900000000000000e+04
2.977500000000000000e+04
2.948100000000000000e+04
2.924700000000000000e+04
2.983700000000000000e+04
2.969500000000000000e+04
3.002900000000000000e+04
2.974100000000000000e+04
3.020900000000000000e+04
3.001500000000000000e+04
2.966300000000000000e+04
2.942100000000000000e+04
2.956200000000000000e+04
2.964500000000000000e+04
2.925100000000000000e+04
2.954100000000000000e+04
2.977700000000000000e+04
2.959500000000000000e+04
2.940500000000000000e+04
2.970700000000000000e+04
2.958900000000000000e+04
2.976100000000000000e+04
2.966100000000000000e+04
2.994900000000000000e+04
2.962700000000000000e+04
2.981900000000000000e+04
2.971900000000000000e+04
3.033500000000000000e+04
3.014700000000000000e+04
2.973500000000000000e+04
3.019500000000000000e+04
2.978700000000000000e+04
2.989900000000000000e+04
2.962100000000000000e+04
2.953500000000000000e+04
2.944100000000000000e+04
2.965700000000000000e+04
2.950300000000000000e+04
2.902500000000000000e+04
2.935100000000000000e+04
2.948300000000000000e+04
2.991500000000000000e+04
2.966100000000000000e+04
2.944700000000000000e+04
2.956300000000000000e+04
2.935300000000000000e+04
2.897100000000000000e+04
2.932700000000000000e+04
2.926500000000000000e+04
2.957100000000000000e+04
2.914900000000000000e+04
2.956900000000000000e+04
2.999500000000000000e+04
2.956500000000000000e+04
2.966800000000000000e+04
2.911500000000000000e+04
2.998900000000000000e+04
2.954700000000000000e+04
2.993300000000000000e+04
2.988100000000000000e+04
2.947100000000000000e+04
2.921100000000000000e+04
2.984900000000000000e+04
2.954500000000000000e+04
2.931500000000000000e+04
2.930300000000000000e+04
2.917700000000000000e+04
2.974200000000000000e+04
2.936100000000000000e+04
2.934700000000000000e+04
2.947700000000000000e+04
2.919700000000000000e+04
2.941300000000000000e+04
2.977500000000000000e+04
2.939100000000000000e+04
2.927300000000000000e+04
2.950300000000000000e+04
2.935300000000000000e+04
2.972100000000000000e+04
2.981600000000000000e+04
2.938900000000000000e+04
2.892500000000000000e+04
2.981100000000000000e+04
2.968300000000000000e+04
2.957900000000000000e+04
2.956700000000000000e+04
2.897500000000000000e+04
2.930700000000000000e+04
2.930500000000000000e+04
2.965300000000000000e+04
2.945900000000000000e+04
2.893100000000000000e+04
2.969700000000000000e+04
2.924700000000000000e+04
2.940700000000000000e+04
2.948100000000000000e+04
2.948700000000000000e+04
2.947900000000000000e+04
2.967500000000000000e+04
2.940500000000000000e+04
2.922300000000000000e+04
2.918300000000000000e+04
2.928700000000000000e+04
2.909700000000000000e+04
2.923700000000000000e+04
2.929100000000000000e+04
2.889200000000000000e+04
2.952500000000000000e+04
2.911100000000000000e+04
2.926700000000000000e+04
2.962100000000000000e+04
2.931900000000000000e+04
2.881900000000000000e+04
2.919100000000000000e+04
2.970300000000000000e+04
2.927500000000000000e+04
2.960900000000000000e+04
2.949100000000000000e+04
2.912400000000000000e+04
2.916100000000000000e+04
2.983500000000000000e+04
2.970300000000000000e+04
2.937300000000000000e+04
2.981500000000000000e+04
2.976900000000000000e+04
2.958700000000000000e+04
2.922000000000000000e+04
2.971900000000000000e+04
2.993500000000000000e+04
2.869200000000000000e+04
2.920300000000000000e+04
2.943500000000000000e+04
2.893500000000000000e+04
2.960500000000000000e+04
2.889700000000000000e+04
2.953900000000000000e+04
2.899300000000000000e+04
2.927300000000000000e+04
2.947200000000000000e+04
2.910700000000000000e+04
2.936300000000000000e+04
2.978500000000000000e+04
2.866900000000000000e+04
2.918900000000000000e+04
2.898500000000000000e+04
2.924500000000000000e+04
2.918900000000000000e+04
2.906700000000000000e+04
2.923700000000000000e+04
2.878500000000000000e+04
2.905700000000000000e+04
2.941300000000000000e+04
2.917300000000000000e+04
2.906300000000000000e+04
2.908900000000000000e+04
2.905900000000000000e+04
2.883700000000000000e+04
2.901500000000000000e+04
2.951500000000000000e+04
2.941100000000000000e+04
2.894900000000000000e+04
2.962700000000000000e+04
2.922100000000000000e+04
2.894200000000000000e+04
2.920700000000000000e+04
2.918500000000000000e+04
2.917300000000000000e+04
2.930300000000000000e+04
2.932500000000000000e+04
2.892500000000000000e+04
2.862500000000000000e+04
2.923900000000000000e+04
2.873900000000000000e+04
2.891100000000000000e+04
2.868300000000000000e+04
2.896100000000000000e+04
2.904900000000000000e+04
2.873100000000000000e+04
2.893500000000000000e+04
2.905100000000000000e+04
2.944900000000000000e+04
2.925900000000000000e+04
2.882900000000000000e+04
2.868500000000000000e+04
2.890700000000000000e+04
2.873100000000000000e+04
2.874500000000000000e+04
2.874500000000000000e+04
2.882500000000000000e+04
2.877500000000000000e+04
2.920100000000000000e+04
2.924500000000000000e+04
2.939700000000000000e+04
2.879700000000000000e+04
2.875900000000000000e+04
2.884900000000000000e+04
2.918300000000000000e+04
2.884100000000000000e+04
2.895700000000000000e+04
2.875700000000000000e+04
2.902100000000000000e+04
