1.260800000000000054e+01
1.258799999999999919e+01
1.257799999999999940e+01
1.257099999999999973e+01
1.256300000000000061e+01
1.255499999999999972e+01
1.254800000000000004e+01
1.254100000000000037e+01
1.253800000000000026e+01
1.255400000000000027e+01
1.255000000000000071e+01
1.254700000000000060e+01
1.253999999999999915e+01
1.253800000000000026e+01
1.253400000000000070e+01
1.253700000000000081e+01
1.252899999999999991e+01
1.252500000000000036e+01
1.252500000000000036e+01
1.252800000000000047e+01
1.252500000000000036e+01
1.252899999999999991e+01
1.251999999999999957e+01
1.252100000000000080e+01
1.252800000000000047e+01
1.252500000000000036e+01
1.252399999999999913e+01
1.252299999999999969e+01
1.252100000000000080e+01
1.252500000000000036e+01
1.252500000000000036e+01
1.252699999999999925e+01
1.252299999999999969e+01
1.252299999999999969e+01
1.252100000000000080e+01
1.251600000000000001e+01
1.251900000000000013e+01
1.251900000000000013e+01
1.251600000000000001e+01
1.251399999999999935e+01
1.250999999999999979e+01
1.251200000000000045e+01
1.251399999999999935e+01
1.251399999999999935e+01
1.251200000000000045e+01
1.251399999999999935e+01
1.251200000000000045e+01
1.251399999999999935e+01
1.250999999999999979e+01
1.250999999999999979e+01
1.251099999999999923e+01
1.251099999999999923e+01
1.251200000000000045e+01
1.251399999999999935e+01
1.250999999999999979e+01
1.251399999999999935e+01
1.250999999999999979e+01
1.250999999999999979e+01
1.250999999999999979e+01
1.250699999999999967e+01
1.250999999999999979e+01
1.248600000000000065e+01
1.248499999999999943e+01
1.248099999999999987e+01
1.248399999999999999e+01
1.248399999999999999e+01
1.248300000000000054e+01
1.248399999999999999e+01
1.248399999999999999e+01
1.248499999999999943e+01
1.248600000000000065e+01
1.248799999999999955e+01
1.248600000000000065e+01
1.248499999999999943e+01
1.248900000000000077e+01
1.248799999999999955e+01
1.248499999999999943e+01
1.248600000000000065e+01
1.248900000000000077e+01
1.248399999999999999e+01
1.248600000000000065e+01
1.248600000000000065e+01
1.249000000000000021e+01
1.248799999999999955e+01
1.248900000000000077e+01
1.248600000000000065e+01
1.248099999999999987e+01
1.248499999999999943e+01
1.248799999999999955e+01
1.248799999999999955e+01
1.249000000000000021e+01
1.248900000000000077e+01
1.248600000000000065e+01
1.248799999999999955e+01
1.248499999999999943e+01
1.248600000000000065e+01
1.248499999999999943e+01
1.248600000000000065e+01
1.248799999999999955e+01
1.248600000000000065e+01
1.248600000000000065e+01
1.248799999999999955e+01
1.248499999999999943e+01
1.248499999999999943e+01
1.248399999999999999e+01
1.248399999999999999e+01
1.248600000000000065e+01
1.248600000000000065e+01
1.248399999999999999e+01
1.248600000000000065e+01
1.248099999999999987e+01
1.248499999999999943e+01
1.248399999999999999e+01
1.248099999999999987e+01
1.247700000000000031e+01
1.247899999999999920e+01
1.247700000000000031e+01
1.248199999999999932e+01
1.248000000000000043e+01
1.247700000000000031e+01
1.248000000000000043e+01
1.248199999999999932e+01
1.248000000000000043e+01
1.248099999999999987e+01
1.248499999999999943e+01
1.248000000000000043e+01
1.248099999999999987e+01
1.248499999999999943e+01
1.248499999999999943e+01
1.248399999999999999e+01
1.248099999999999987e+01
1.248199999999999932e+01
1.248499999999999943e+01
1.248499999999999943e+01
1.248600000000000065e+01
1.248499999999999943e+01
1.248499999999999943e+01
1.248199999999999932e+01
1.248499999999999943e+01
1.248099999999999987e+01
1.248399999999999999e+01
1.248199999999999932e+01
1.248499999999999943e+01
1.248600000000000065e+01
1.248499999999999943e+01
1.248499999999999943e+01
1.248499999999999943e+01
1.248399999999999999e+01
1.248399999999999999e+01
1.248199999999999932e+01
1.248499999999999943e+01
1.248099999999999987e+01
1.248499999999999943e+01
1.248099999999999987e+01
1.248199999999999932e+01
1.248199999999999932e+01
1.248499999999999943e+01
1.248399999999999999e+01
1.248199999999999932e+01
1.248399999999999999e+01
1.248399999999999999e+01
1.248399999999999999e+01
1.248399999999999999e+01
1.248399999999999999e+01
1.248499999999999943e+01
1.248000000000000043e+01
1.248000000000000043e+01
1.248399999999999999e+01
1.248399999999999999e+01
1.248399999999999999e+01
1.248799999999999955e+01
1.248600000000000065e+01
1.248199999999999932e+01
1.248199999999999932e+01
1.248799999999999955e+01
1.248499999999999943e+01
1.248499999999999943e+01
1.248499999999999943e+01
1.248600000000000065e+01
1.248799999999999955e+01
1.248199999999999932e+01
1.248499999999999943e+01
1.248600000000000065e+01
1.248399999999999999e+01
1.248499999999999943e+01
1.248499999999999943e+01
1.248499999999999943e+01
1.248799999999999955e+01
1.249200000000000088e+01
1.248600000000000065e+01
1.248600000000000065e+01
1.248499999999999943e+01
1.248799999999999955e+01
1.248399999999999999e+01
1.248799999999999955e+01
1.249000000000000021e+01
1.248799999999999955e+01
1.248799999999999955e+01
1.248600000000000065e+01
1.248799999999999955e+01
1.249000000000000021e+01
1.248900000000000077e+01
1.249200000000000088e+01
1.248900000000000077e+01
1.249200000000000088e+01
1.249000000000000021e+01
1.249300000000000033e+01
1.248900000000000077e+01
1.248900000000000077e+01
1.249200000000000088e+01
1.249200000000000088e+01
1.249000000000000021e+01
1.249000000000000021e+01
1.249000000000000021e+01
1.248900000000000077e+01
1.249200000000000088e+01
1.248600000000000065e+01
1.249600000000000044e+01
1.249600000000000044e+01
1.249900000000000055e+01
1.249399999999999977e+01
1.249900000000000055e+01
1.249900000000000055e+01
1.249399999999999977e+01
1.249900000000000055e+01
1.249799999999999933e+01
1.249799999999999933e+01
1.249499999999999922e+01
1.249499999999999922e+01
1.249799999999999933e+01
1.250200000000000067e+01
1.250000000000000000e+01
1.250000000000000000e+01
1.249399999999999977e+01
1.250000000000000000e+01
1.249600000000000044e+01
1.249799999999999933e+01
1.249600000000000044e+01
1.249799999999999933e+01
1.249900000000000055e+01
1.250200000000000067e+01
