2.634300000000000000e+04
2.812900000000000000e+04
2.847900000000000000e+04
2.826500000000000000e+04
2.835100000000000000e+04
2.821700000000000000e+04
2.815500000000000000e+04
2.843100000000000000e+04
2.813900000000000000e+04
2.841100000000000000e+04
2.846900000000000000e+04
2.803500000000000000e+04
2.833300000000000000e+04
2.811100000000000000e+04
2.877600000000000000e+04
2.825500000000000000e+04
2.833700000000000000e+04
2.831300000000000000e+04
2.847700000000000000e+04
2.831100000000000000e+04
2.780100000000000000e+04
2.796900000000000000e+04
2.796100000000000000e+04
2.800300000000000000e+04
2.836700000000000000e+04
2.798700000000000000e+04
2.809900000000000000e+04
2.769900000000000000e+04
2.778900000000000000e+04
2.758300000000000000e+04
2.738900000000000000e+04
2.727500000000000000e+04
2.777700000000000000e+04
2.747300000000000000e+04
2.818100000000000000e+04
2.775300000000000000e+04
2.752700000000000000e+04
2.813900000000000000e+04
2.774700000000000000e+04
2.768900000000000000e+04
2.752600000000000000e+04
2.819100000000000000e+04
2.845500000000000000e+04
2.829100000000000000e+04
2.876500000000000000e+04
2.826900000000000000e+04
2.810500000000000000e+04
2.875500000000000000e+04
2.847900000000000000e+04
2.840500000000000000e+04
2.852900000000000000e+04
2.815100000000000000e+04
2.811500000000000000e+04
2.781300000000000000e+04
2.795300000000000000e+04
2.782700000000000000e+04
2.793100000000000000e+04
2.873100000000000000e+04
2.831700000000000000e+04
2.861900000000000000e+04
2.833700000000000000e+04
2.806700000000000000e+04
2.850500000000000000e+04
2.786300000000000000e+04
2.793900000000000000e+04
2.817700000000000000e+04
2.799300000000000000e+04
2.819900000000000000e+04
2.821100000000000000e+04
2.787700000000000000e+04
2.816300000000000000e+04
2.795100000000000000e+04
2.865900000000000000e+04
2.757800000000000000e+04
2.807900000000000000e+04
2.861500000000000000e+04
2.848700000000000000e+04
2.885100000000000000e+04
2.852700000000000000e+04
2.791300000000000000e+04
2.786300000000000000e+04
2.799700000000000000e+04
2.777500000000000000e+04
2.780300000000000000e+04
2.816500000000000000e+04
2.829100000000000000e+04
2.792900000000000000e+04
2.798900000000000000e+04
2.856700000000000000e+04
2.814500000000000000e+04
2.793100000000000000e+04
2.837300000000000000e+04
2.819300000000000000e+04
2.793100000000000000e+04
2.786900000000000000e+04
2.783100000000000000e+04
2.815100000000000000e+04
2.757800000000000000e+04
2.758100000000000000e+04
2.760500000000000000e+04
2.778300000000000000e+04
2.833700000000000000e+04
2.794700000000000000e+04
2.792700000000000000e+04
2.771100000000000000e+04
2.814900000000000000e+04
2.839100000000000000e+04
2.829700000000000000e+04
2.802100000000000000e+04
2.834500000000000000e+04
2.769500000000000000e+04
2.784900000000000000e+04
2.755300000000000000e+04
2.758700000000000000e+04
2.779100000000000000e+04
2.812500000000000000e+04
2.789100000000000000e+04
2.755500000000000000e+04
2.816500000000000000e+04
2.792500000000000000e+04
2.812700000000000000e+04
2.772300000000000000e+04
2.760500000000000000e+04
2.795900000000000000e+04
2.755400000000000000e+04
2.777500000000000000e+04
2.769900000000000000e+04
2.762700000000000000e+04
2.782500000000000000e+04
2.790300000000000000e+04
2.799700000000000000e+04
2.766100000000000000e+04
2.743100000000000000e+04
2.757300000000000000e+04
2.739500000000000000e+04
2.760500000000000000e+04
2.750100000000000000e+04
2.769300000000000000e+04
2.780100000000000000e+04
2.776500000000000000e+04
2.771900000000000000e+04
2.760100000000000000e+04
2.752900000000000000e+04
2.773500000000000000e+04
2.751300000000000000e+04
2.759600000000000000e+04
2.773700000000000000e+04
2.772300000000000000e+04
2.757900000000000000e+04
2.740600000000000000e+04
2.793900000000000000e+04
2.798300000000000000e+04
2.800300000000000000e+04
2.772900000000000000e+04
2.759500000000000000e+04
2.787700000000000000e+04
2.772700000000000000e+04
2.787900000000000000e+04
2.761300000000000000e+04
2.744300000000000000e+04
2.776100000000000000e+04
2.841300000000000000e+04
2.784100000000000000e+04
2.755500000000000000e+04
2.798100000000000000e+04
2.801900000000000000e+04
2.758300000000000000e+04
2.788500000000000000e+04
2.764100000000000000e+04
2.797700000000000000e+04
2.796300000000000000e+04
2.834900000000000000e+04
2.766700000000000000e+04
2.799900000000000000e+04
2.793900000000000000e+04
2.749100000000000000e+04
2.807500000000000000e+04
2.794100000000000000e+04
2.747900000000000000e+04
2.785100000000000000e+04
2.860400000000000000e+04
2.805500000000000000e+04
2.869700000000000000e+04
2.797500000000000000e+04
2.846300000000000000e+04
2.803700000000000000e+04
2.813700000000000000e+04
2.798900000000000000e+04
2.764500000000000000e+04
2.742100000000000000e+04
2.796500000000000000e+04
2.825300000000000000e+04
2.774900000000000000e+04
2.754500000000000000e+04
2.773900000000000000e+04
2.753900000000000000e+04
2.805700000000000000e+04
2.781900000000000000e+04
2.780700000000000000e+04
2.776900000000000000e+04
2.748900000000000000e+04
2.819300000000000000e+04
2.768900000000000000e+04
2.768700000000000000e+04
2.721100000000000000e+04
2.769100000000000000e+04
2.724900000000000000e+04
2.760000000000000000e+04
2.785100000000000000e+04
2.729700000000000000e+04
2.796300000000000000e+04
2.776700000000000000e+04
2.797700000000000000e+04
2.845900000000000000e+04
2.781500000000000000e+04
2.778900000000000000e+04
2.751300000000000000e+04
2.791500000000000000e+04
2.761900000000000000e+04
2.800800000000000000e+04
2.800100000000000000e+04
2.843700000000000000e+04
2.794700000000000000e+04
2.809900000000000000e+04
2.762900000000000000e+04
2.755900000000000000e+04
2.770100000000000000e+04
2.800300000000000000e+04
2.758200000000000000e+04
2.799100000000000000e+04
2.831900000000000000e+04
2.748100000000000000e+04
2.808900000000000000e+04
2.793600000000000000e+04
2.771700000000000000e+04
2.779700000000000000e+04
2.786100000000000000e+04
2.743900000000000000e+04
2.718300000000000000e+04
2.802600000000000000e+04
2.732100000000000000e+04
