1.834602443775456074e-02
2.045857833756654226e-02
1.902407197555028989e-02
1.975971634135426439e-02
1.985716774081170560e-02
1.824754690996729239e-02
1.863766696971816059e-02
1.891617332819560751e-02
2.079016681299385508e-02
2.126851500189897576e-02
1.966827106201738187e-02
2.251263286286809412e-02
1.973933078854155782e-02
2.217356549542974162e-02
2.057513722511823684e-02
2.235878207131201598e-02
2.287254258369899457e-02
2.092123156316468349e-02
2.298368786894407906e-02
2.290791711499080147e-02
2.218269331380140139e-02
2.185058162146872804e-02
2.386668058309849433e-02
2.312219242957133311e-02
2.395126196692776155e-02
2.675562514892602939e-02
2.503242996879711038e-02
2.485733291320939634e-02
2.572391976917996412e-02
2.348652154099624759e-02
2.652276655027686544e-02
3.047830152737851864e-02
3.045865061094386525e-02
3.378639412777016682e-02
3.146989144655422399e-02
3.378826486090264619e-02
3.476951507477499259e-02
3.815503501569669081e-02
3.856846254002885277e-02
3.971054789149110892e-02
4.436993972250954238e-02
4.098274960794563715e-02
4.641662264483183836e-02
5.232247730912974182e-02
4.877707407537002632e-02
5.826159601903309337e-02
5.839669478873728281e-02
6.016736697150524421e-02
6.823388432664857783e-02
7.165313525652099169e-02
7.291410071436112139e-02
8.248142074596141737e-02
8.734610364412459527e-02
8.680080058990835568e-02
8.884974458340673398e-02
9.644905082451829537e-02
9.219383259911893835e-02
9.367665090208442125e-02
8.200534666527792282e-02
9.066723422368841434e-02
9.092197576358869437e-02
8.223996623166485165e-02
9.752584002593006618e-02
8.974498494576849117e-02
8.161262050832603088e-02
5.711009996058901556e-02
3.624194524546976021e-02
3.175387220830540314e-02
2.928768174052508513e-02
2.552863204404390296e-02
2.466438814699975501e-02
2.195198438969998833e-02
2.143682790990927844e-02
2.145756131992235596e-02
1.970408559624280478e-02
1.839258658961981721e-02
1.909125620465826692e-02
1.883304851253792683e-02
2.076417826117663706e-02
2.122901061450530730e-02
1.754935756816045078e-02
2.052977851262443448e-02
2.052483931678562509e-02
1.992580816110227707e-02
1.904028560428406430e-02
2.005559269554202731e-02
1.698750304591499158e-02
1.961128879204301900e-02
2.179350992015899671e-02
1.811957536567654348e-02
1.878227119936237352e-02
1.705313507330768336e-02
2.894235762506491144e-02
4.722000069543447198e-02
3.507444723358894151e-02
2.107899405196702464e-02
1.913145946695317748e-02
1.921397379912663864e-02
1.853091421525453544e-02
2.035235886608286263e-02
1.901710145937097335e-02
1.785271510042152343e-02
1.814957755293626629e-02
1.834543622528751750e-02
1.720637324064833509e-02
1.934579758690227816e-02
1.857197509825061696e-02
1.737471467993050023e-02
1.660125725002604968e-02
1.633336823369280558e-02
1.662049861495844966e-02
1.780869565217391148e-02
1.855807276165131678e-02
2.141312926804159189e-02
1.893532165770764678e-02
2.018819503849443933e-02
2.173837792931565538e-02
1.928726971069095325e-02
2.278386029537160171e-02
2.791215675355862569e-02
2.438775162641779182e-02
2.526545802178292027e-02
2.650349886751631259e-02
2.571670907548770021e-02
2.420595575917125486e-02
2.425189361774396368e-02
2.511561961988995062e-02
2.207323362558019642e-02
2.368831168831168899e-02
2.438118393948603482e-02
2.468878948645930951e-02
2.324066774071915920e-02
2.450693560045434302e-02
2.226256122204335955e-02
2.208082545141874450e-02
2.371514253214298054e-02
2.421823936151914353e-02
2.495592962566105591e-02
2.751134928490971826e-02
2.469985207609480884e-02
2.410393953115747695e-02
2.317247138234577661e-02
2.103587862851606996e-02
2.307718336547897112e-02
2.267096555235024666e-02
2.262553353923031640e-02
2.190966582575940708e-02
2.249453257888707480e-02
2.103497676368846006e-02
2.254428341384863074e-02
2.076682919984565098e-02
2.267150509763262572e-02
2.676716091994505581e-02
2.499913437900349797e-02
2.805918189730200255e-02
2.948624553370104290e-02
3.342637582273682434e-02
3.411955658390026375e-02
3.969318611770371319e-02
5.614562344182234127e-02
6.274374460742018766e-02
4.509715631602646130e-02
3.418978401064592249e-02
3.349465547856968900e-02
4.656769882547445727e-02
8.316900190278499194e-02
3.865528940063740065e-02
3.287783828213294846e-02
3.639703381182393671e-02
3.318636195348523971e-02
2.540709883981134148e-02
2.105480441738053626e-02
1.987008024455483302e-02
2.162862893596697797e-02
1.903180040831862693e-02
2.098499606958542651e-02
1.987056148329543331e-02
1.882579271015837052e-02
1.948657706526621403e-02
1.875748759199041479e-02
1.882096218759589379e-02
1.761597181444509580e-02
1.829034172222416058e-02
2.124378961795442972e-02
1.938877238818797338e-02
2.147715893788198008e-02
2.269551882773896898e-02
2.405580947798893407e-02
2.149070441753368754e-02
2.294957315176442136e-02
2.941890719861231518e-02
2.474891166489562311e-02
1.993997309138579449e-02
1.973979362943023910e-02
2.217819028748218430e-02
4.841077464067460728e-02
2.376757522368466366e-02
1.921409496063538475e-02
2.187078243416271453e-02
2.341904338001164071e-02
2.137089847105308471e-02
1.998824221046443389e-02
1.785899698889004128e-02
1.942876688900290610e-02
1.623188405797101538e-02
1.580405705880340642e-02
1.926152799047133046e-02
1.826325474809902330e-02
1.829541924125789587e-02
2.046300124018189323e-02
1.665067836097026271e-02
1.833592804013146546e-02
1.823049032564128674e-02
1.660890154764764481e-02
1.891467457686267506e-02
1.935506169425914996e-02
1.967805861697319303e-02
1.972034218572851771e-02
1.946968923380646213e-02
1.589650070536420892e-02
2.059867038682787477e-02
2.134835367337714271e-02
1.782980026540542315e-02
1.535469341795475499e-02
1.988098923399718096e-02
3.116425595338911253e-02
3.935936355071704973e-02
3.136259135984627300e-02
2.567721061508277877e-02
1.821468772384623319e-02
1.787018044014880222e-02
1.783840503672612723e-02
1.601615542634309344e-02
1.667655165195548392e-02
1.946908764541406198e-02
1.664232584994735503e-02
1.746301236963376108e-02
1.904039184574523105e-02
1.781509163509777810e-02
1.837080009668842079e-02
1.620235857118441231e-02
