1.091737354696826860e-02
1.184506652979034312e-02
1.134965673241001595e-02
1.143537820131030301e-02
1.255347219445888084e-02
1.049293293136525571e-02
1.160203432930705623e-02
1.173407934102653830e-02
1.146422304542795909e-02
1.261183147440192269e-02
1.151585429245471567e-02
1.048683096035171215e-02
1.304753028890959926e-02
1.180647645121273015e-02
1.207082617210919646e-02
1.129077785394572327e-02
9.998790468894892119e-03
1.271270085672549302e-02
1.127449047975716441e-02
1.238844288683320360e-02
1.238263151420722526e-02
1.272163473006281305e-02
1.192605843768634530e-02
1.232860473386809992e-02
1.025600568024929993e-02
1.380662554634206132e-02
1.288852214232386398e-02
1.143174691382526850e-02
1.191240173271298011e-02
1.173366933102334975e-02
1.316799289089954327e-02
1.234616135964055478e-02
1.313313313313313295e-02
1.328584577213974202e-02
1.492832036649421358e-02
1.333441086148375553e-02
1.231556639609740489e-02
1.205054970851754739e-02
1.270424673404977819e-02
1.499072941733401755e-02
1.109446491476697577e-02
1.390157683600111264e-02
1.399059112292902474e-02
1.568947906026557648e-02
1.436176798316206489e-02
1.355439912864577108e-02
1.649175412293853171e-02
1.597559507084654606e-02
1.516077760117373781e-02
1.671006101115299347e-02
1.732663778893701878e-02
1.542617751849966780e-02
1.604552819823736390e-02
1.509403825420277054e-02
1.379583746283448951e-02
1.213707758210376061e-02
1.189079878665318460e-02
1.375472073146491794e-02
1.493412564994722226e-02
1.454846042570779110e-02
1.563181908351517560e-02
1.381204630174612431e-02
1.873123874324594818e-02
1.816660690809131229e-02
2.237296203736760525e-02
2.898434685135513680e-02
1.833903076613713906e-02
1.560561802248809637e-02
1.635029510288722385e-02
1.618314584566804895e-02
1.912601379978210933e-02
1.919630411406268722e-02
1.420756103535559742e-02
1.330978104588588160e-02
1.385135135135135212e-02
1.337089517722743134e-02
1.312783016908312950e-02
1.412030499858796945e-02
1.172549492029072854e-02
1.250946177443129810e-02
1.340450294979331387e-02
1.428271371560596581e-02
1.336208719184743543e-02
1.625157437126721616e-02
1.471489883507050810e-02
1.732972297438033910e-02
1.645083730543721312e-02
1.576337980422899340e-02
1.733058511757035181e-02
1.804069645479337153e-02
1.423547854086344884e-02
1.728020965562425751e-02
1.723926630989828027e-02
1.939484746327048773e-02
2.061680736435752767e-02
2.107900306682216826e-02
2.233772928390394610e-02
2.129354067988431173e-02
2.435632716699675376e-02
2.403542061986084846e-02
2.487623256004255212e-02
2.568471800839532831e-02
2.716213964339276796e-02
3.009076967712521339e-02
2.934336814511014427e-02
2.834094498271372969e-02
3.336382246613528446e-02
3.389686155942597118e-02
3.308454454192309713e-02
4.012495050376171241e-02
3.848620910840282183e-02
3.919585282589455044e-02
3.539055384481935851e-02
3.777108178075797018e-02
3.865700241606265242e-02
3.426753151389058671e-02
3.309520926665859147e-02
3.528889247789396971e-02
3.934453852310543925e-02
3.784319641394767730e-02
3.370168085016300719e-02
2.798407943867711745e-02
2.543342800220423083e-02
2.141290794169497386e-02
2.471881281272719430e-02
2.117696688462349791e-02
2.060905625602144770e-02
1.855644251264262218e-02
2.254830242265157617e-02
1.961546770360769049e-02
1.715339422788284343e-02
2.036169938571244509e-02
2.008245234499367315e-02
1.792836876516304065e-02
1.908045055517697611e-02
1.840982983574716153e-02
2.143542266149547557e-02
2.036227887837780554e-02
1.973005324637800914e-02
2.027626409833988008e-02
2.044278915787295717e-02
2.291587682716205235e-02
2.171732589071562539e-02
3.117983478076678805e-02
2.521677208561973887e-02
2.067117519458976788e-02
1.921352632253106249e-02
2.135445817367718699e-02
1.678418479906562330e-02
1.363896343877865278e-02
1.542438238908428252e-02
1.376322161335542284e-02
1.428873388290002183e-02
1.437167222198173187e-02
1.489442728388270555e-02
1.754530477759472934e-02
1.510432222554081161e-02
1.459607677705125443e-02
1.473833215371164566e-02
1.505667399763153426e-02
1.564303115784074910e-02
1.360998622302008083e-02
1.321640829558206297e-02
1.452924423164238255e-02
1.404120970422067204e-02
1.327751701974713532e-02
1.389186639797624669e-02
1.511122367143640996e-02
1.334403107976859029e-02
1.754537597234226420e-02
2.153674546312583232e-02
1.462713856601802198e-02
1.459156642202631693e-02
1.413307224043250550e-02
1.398165464422477557e-02
1.556284153005464514e-02
1.540859496771320412e-02
1.545354791514264893e-02
1.358731850273078509e-02
1.884958370314018805e-02
1.593079525502119967e-02
1.571410467621340776e-02
1.790052422963815323e-02
1.426952616779283978e-02
1.390856406954282115e-02
1.361482119775958566e-02
1.321378008494572889e-02
1.426572163784930666e-02
1.351755999486674992e-02
1.488899720831302412e-02
1.338955788375429355e-02
1.539638950164318176e-02
1.526916236498503457e-02
1.557803835245311769e-02
1.360084477296726567e-02
1.435055111303220297e-02
1.568727211057406937e-02
1.274609295717475145e-02
1.464550264550264561e-02
1.514966401954795372e-02
1.466672129132697011e-02
1.526269445259759334e-02
1.409801876955161549e-02
1.434744305071946995e-02
1.548211475479562699e-02
1.415276407771154030e-02
1.605908368757782631e-02
1.858130421381709238e-02
1.711312723051124432e-02
1.869319894904595755e-02
2.331304235202693795e-02
2.102508178844056733e-02
2.277785050399266931e-02
2.616435520596149811e-02
2.398418625082363378e-02
2.790981640573895681e-02
2.914939062696318695e-02
3.249868956896899419e-02
4.000864117519982444e-02
5.662941047556432211e-02
7.082070654655651942e-02
3.609509189727419520e-02
2.568776228222627300e-02
2.385582782315570985e-02
2.270779777206512542e-02
1.698749413120491727e-02
1.872886499609815320e-02
1.974308130011208015e-02
1.704204847135394260e-02
1.696775282795880482e-02
1.713441654357459459e-02
1.917772231708918945e-02
1.620760300478033336e-02
1.695134018844383222e-02
1.626498369265957922e-02
1.578047604436067300e-02
1.768867924528301841e-02
1.659679301551627434e-02
1.679580970520756777e-02
1.424361493123772054e-02
1.498127340823970054e-02
