1.122000000000000000e+03
1.282000000000000000e+03
1.142000000000000000e+03
1.264000000000000000e+03
1.288000000000000000e+03
1.230000000000000000e+03
1.320000000000000000e+03
1.316000000000000000e+03
1.380000000000000000e+03
1.464000000000000000e+03
1.472000000000000000e+03
1.485000000000000000e+03
1.484000000000000000e+03
1.534000000000000000e+03
1.534000000000000000e+03
1.688000000000000000e+03
1.622000000000000000e+03
1.718000000000000000e+03
1.742000000000000000e+03
1.768000000000000000e+03
1.722000000000000000e+03
1.710000000000000000e+03
1.700000000000000000e+03
1.730000000000000000e+03
1.712000000000000000e+03
1.572000000000000000e+03
1.651000000000000000e+03
1.492000000000000000e+03
1.566000000000000000e+03
1.355000000000000000e+03
1.354000000000000000e+03
1.352000000000000000e+03
1.319000000000000000e+03
1.250000000000000000e+03
1.384000000000000000e+03
1.212000000000000000e+03
1.242000000000000000e+03
1.133000000000000000e+03
1.134000000000000000e+03
1.076000000000000000e+03
1.163000000000000000e+03
