3.641000000000000000e+03
3.572000000000000000e+03
3.518000000000000000e+03
3.702000000000000000e+03
3.618000000000000000e+03
3.620000000000000000e+03
3.585000000000000000e+03
3.410000000000000000e+03
3.692000000000000000e+03
3.596000000000000000e+03
3.408000000000000000e+03
3.618000000000000000e+03
3.390000000000000000e+03
3.462000000000000000e+03
3.494000000000000000e+03
3.656000000000000000e+03
3.504000000000000000e+03
3.700000000000000000e+03
3.374000000000000000e+03
3.376000000000000000e+03
3.564000000000000000e+03
3.561000000000000000e+03
3.558000000000000000e+03
3.424000000000000000e+03
3.468000000000000000e+03
3.474000000000000000e+03
3.364000000000000000e+03
3.488000000000000000e+03
3.552000000000000000e+03
3.572000000000000000e+03
3.444000000000000000e+03
3.510000000000000000e+03
3.376000000000000000e+03
3.566000000000000000e+03
3.572000000000000000e+03
3.249000000000000000e+03
3.428000000000000000e+03
3.620000000000000000e+03
3.556000000000000000e+03
3.544000000000000000e+03
3.494000000000000000e+03
3.446000000000000000e+03
3.392000000000000000e+03
3.514000000000000000e+03
3.246000000000000000e+03
3.400000000000000000e+03
3.461000000000000000e+03
3.438000000000000000e+03
3.368000000000000000e+03
3.546000000000000000e+03
3.582000000000000000e+03
3.388000000000000000e+03
3.324000000000000000e+03
3.196000000000000000e+03
3.214000000000000000e+03
3.365000000000000000e+03
3.252000000000000000e+03
3.424000000000000000e+03
3.448000000000000000e+03
3.254000000000000000e+03
3.238000000000000000e+03
3.240000000000000000e+03
3.222000000000000000e+03
3.188000000000000000e+03
3.178000000000000000e+03
2.942000000000000000e+03
3.166000000000000000e+03
3.354000000000000000e+03
3.243000000000000000e+03
3.298000000000000000e+03
3.058000000000000000e+03
3.152000000000000000e+03
3.225000000000000000e+03
3.230000000000000000e+03
3.169000000000000000e+03
3.138000000000000000e+03
3.200000000000000000e+03
3.458000000000000000e+03
3.426000000000000000e+03
3.398000000000000000e+03
3.332000000000000000e+03
3.174000000000000000e+03
3.238000000000000000e+03
3.202000000000000000e+03
3.366000000000000000e+03
3.122000000000000000e+03
3.036000000000000000e+03
3.234000000000000000e+03
3.312000000000000000e+03
3.248000000000000000e+03
3.232000000000000000e+03
3.168000000000000000e+03
3.222000000000000000e+03
2.888000000000000000e+03
2.990000000000000000e+03
3.092000000000000000e+03
3.020000000000000000e+03
3.052000000000000000e+03
3.096000000000000000e+03
3.082000000000000000e+03
3.016000000000000000e+03
2.984000000000000000e+03
3.013000000000000000e+03
2.874000000000000000e+03
2.930000000000000000e+03
2.810000000000000000e+03
2.762000000000000000e+03
2.752000000000000000e+03
2.766000000000000000e+03
2.636000000000000000e+03
2.708000000000000000e+03
2.796000000000000000e+03
2.672000000000000000e+03
2.830000000000000000e+03
2.783000000000000000e+03
2.744000000000000000e+03
2.860000000000000000e+03
2.780000000000000000e+03
2.668000000000000000e+03
2.626000000000000000e+03
2.782000000000000000e+03
2.946000000000000000e+03
3.074000000000000000e+03
2.880000000000000000e+03
3.120000000000000000e+03
2.992000000000000000e+03
3.046000000000000000e+03
2.940000000000000000e+03
3.146000000000000000e+03
3.186000000000000000e+03
2.968000000000000000e+03
3.072000000000000000e+03
3.030000000000000000e+03
3.222000000000000000e+03
3.216000000000000000e+03
3.016000000000000000e+03
3.054000000000000000e+03
3.040000000000000000e+03
3.096000000000000000e+03
3.068000000000000000e+03
3.120000000000000000e+03
2.942000000000000000e+03
2.848000000000000000e+03
2.702000000000000000e+03
2.946000000000000000e+03
2.948000000000000000e+03
2.950000000000000000e+03
3.140000000000000000e+03
2.982000000000000000e+03
2.974000000000000000e+03
3.130000000000000000e+03
3.132000000000000000e+03
3.118000000000000000e+03
3.038000000000000000e+03
3.200000000000000000e+03
3.289000000000000000e+03
3.254000000000000000e+03
3.100000000000000000e+03
3.074000000000000000e+03
3.167000000000000000e+03
3.042000000000000000e+03
3.080000000000000000e+03
3.040000000000000000e+03
3.230000000000000000e+03
3.129000000000000000e+03
2.952000000000000000e+03
3.122000000000000000e+03
3.158000000000000000e+03
3.150000000000000000e+03
2.917000000000000000e+03
2.764000000000000000e+03
3.038000000000000000e+03
3.030000000000000000e+03
3.138000000000000000e+03
2.841000000000000000e+03
3.112000000000000000e+03
2.928000000000000000e+03
3.005000000000000000e+03
3.040000000000000000e+03
3.024000000000000000e+03
3.110000000000000000e+03
3.112000000000000000e+03
3.014000000000000000e+03
3.076000000000000000e+03
3.068000000000000000e+03
3.125000000000000000e+03
3.052000000000000000e+03
3.014000000000000000e+03
3.094000000000000000e+03
2.990000000000000000e+03
3.140000000000000000e+03
2.878000000000000000e+03
3.146000000000000000e+03
3.136000000000000000e+03
3.112000000000000000e+03
3.104000000000000000e+03
3.191000000000000000e+03
3.224000000000000000e+03
3.192000000000000000e+03
3.194000000000000000e+03
3.346000000000000000e+03
3.138000000000000000e+03
3.210000000000000000e+03
3.000000000000000000e+03
3.176000000000000000e+03
3.040000000000000000e+03
3.004000000000000000e+03
2.942000000000000000e+03
2.906000000000000000e+03
2.994000000000000000e+03
2.914000000000000000e+03
2.766000000000000000e+03
2.748000000000000000e+03
2.848000000000000000e+03
2.724000000000000000e+03
2.640000000000000000e+03
2.712000000000000000e+03
2.834000000000000000e+03
2.400000000000000000e+03
1.980000000000000000e+03
1.642000000000000000e+03
2.460000000000000000e+03
2.600000000000000000e+03
2.924000000000000000e+03
2.801000000000000000e+03
2.592000000000000000e+03
2.857000000000000000e+03
2.939000000000000000e+03
2.907000000000000000e+03
2.725000000000000000e+03
3.016000000000000000e+03
2.876000000000000000e+03
2.842000000000000000e+03
2.986000000000000000e+03
2.926000000000000000e+03
2.784000000000000000e+03
2.847000000000000000e+03
2.948000000000000000e+03
3.074000000000000000e+03
2.938000000000000000e+03
2.954000000000000000e+03
