1.204602012478811317e-02
1.232172640321317972e-02
1.247008863873816202e-02
1.139236239846304170e-02
1.082479490758076097e-02
1.154323680413408930e-02
1.227826204931655590e-02
1.144559953946700133e-02
1.221927557151968914e-02
1.213815677315967061e-02
1.255501347616935597e-02
1.137017359818618713e-02
1.284986842554936524e-02
1.175331396707736571e-02
1.106924949154802773e-02
1.129402101372394690e-02
1.147462605013318745e-02
1.228146706486359443e-02
1.239879399708662157e-02
1.333197292793252345e-02
1.210399972951955831e-02
1.150933871781928235e-02
1.108428819149297889e-02
1.212774558684813313e-02
1.063793745976894696e-02
1.328723476374483146e-02
1.403650841853089012e-02
1.167962516551794387e-02
1.313428793879692705e-02
1.196552306912286590e-02
1.369627309955607532e-02
1.289665705073816428e-02
1.246084935843464782e-02
1.681754992710134469e-02
1.571565929511620913e-02
1.676298624488830463e-02
1.740299008903074124e-02
1.608490721513563398e-02
1.389223204153914974e-02
1.515717926932880211e-02
1.624455944343534616e-02
1.491183879093199022e-02
1.594247142227197059e-02
1.866858139296338065e-02
1.702584039950397199e-02
1.805017679744064588e-02
1.645076426121416108e-02
1.909821458592515439e-02
1.860372736601674862e-02
1.999000499750125046e-02
2.346357414961399573e-02
2.555997416811121165e-02
2.367904742574927432e-02
2.334289087535840884e-02
2.297357355304092269e-02
2.119088724146101985e-02
2.384390637068878674e-02
2.338232809596215572e-02
2.666213229042679878e-02
2.868010906520348721e-02
2.947041130149717636e-02
3.299620308457377332e-02
5.218974410842520256e-02
6.123743697619286191e-02
3.064771998514868173e-02
2.796874476005231647e-02
2.732258824321141463e-02
2.670182956980385672e-02
2.255614157295916800e-02
2.468471498234403941e-02
2.099685378373903136e-02
2.336589787491187564e-02
2.468309976922304985e-02
2.613011039465244420e-02
2.762823768410360703e-02
3.213206073163275833e-02
3.365141450585022037e-02
3.592854963901975784e-02
3.638242894056847865e-02
4.190657899219787930e-02
4.972356951463555164e-02
5.261574460972755912e-02
5.852803344459053814e-02
6.031174652765986660e-02
6.839630619355274721e-02
7.249684870371000955e-02
8.035621828725277027e-02
6.526409111058069368e-02
6.342046813599863664e-02
5.302492306651786919e-02
2.771964732923942396e-02
2.617606276843991928e-02
2.033672278713118814e-02
1.806189751395230816e-02
2.258325468518268889e-02
1.992100291945732293e-02
1.827336690119710574e-02
1.678681422817883406e-02
2.024521431196338317e-02
1.686690539138583148e-02
1.547283770486240773e-02
1.636369860668926077e-02
1.427183490234178696e-02
1.387713657133186722e-02
1.494115640457103870e-02
1.433300344674606763e-02
1.302395722658258176e-02
1.523098648376033926e-02
1.273798576342767552e-02
1.308481275769243952e-02
1.316280489873460600e-02
1.637154502174880885e-02
2.250705470370244557e-02
3.701091519731318502e-02
4.307441053383689183e-02
2.206811737778840640e-02
1.633732162830898657e-02
1.710217013593159224e-02
1.251640254365600155e-02
1.314730346122887014e-02
1.476742999081288865e-02
1.389801210025929171e-02
1.214316862902955346e-02
1.421689182360273522e-02
1.304979884377430004e-02
1.291980924679541308e-02
1.352890422778257190e-02
1.201078240693349668e-02
1.358130011943354393e-02
1.294978585640576066e-02
1.337452052004480842e-02
1.292730980609035213e-02
1.205508973970434786e-02
1.210380551851471947e-02
1.360220355697623097e-02
1.350022048098775511e-02
1.539661545765930693e-02
1.458665490688286492e-02
1.550126368997472616e-02
1.720795783030096976e-02
1.827327789754645479e-02
1.507727101394647565e-02
1.686755215624679768e-02
1.656528164415575419e-02
1.443376543421007706e-02
1.420231470417534364e-02
1.571369237159075255e-02
1.436071126164267624e-02
1.477104874446085597e-02
1.312057949226090765e-02
1.492184598764390198e-02
1.446161192400832220e-02
1.471251604844026582e-02
1.253811106162858353e-02
1.488065178601487987e-02
1.502988898377455133e-02
1.465770542740382938e-02
1.512325794310128563e-02
1.613789314654580365e-02
1.440279825794725868e-02
1.414446120328473333e-02
1.595798404201595813e-02
1.661389711639941341e-02
1.797752808988764203e-02
1.961772313480466406e-02
2.257748335417581950e-02
2.491444216290212080e-02
1.554561055217201088e-02
1.496575914481376376e-02
1.603234351038617181e-02
1.691607026675341630e-02
1.535586886359775749e-02
1.783307413167444302e-02
1.567302820469515176e-02
1.481122607883171224e-02
1.570804698872676694e-02
1.558996999275687190e-02
1.680729682642708236e-02
1.594733984799131393e-02
1.566633455869722094e-02
1.525729659775908534e-02
1.410105757931844929e-02
1.681258502214936015e-02
1.774641131933262644e-02
1.994134897360703984e-02
2.085826637031971270e-02
2.480386446949193330e-02
3.034368871916606411e-02
3.926531449875158425e-02
5.537606392218169526e-02
8.466118319165777395e-02
9.227212457076802710e-02
6.012408734103451974e-02
3.117365722740253822e-02
2.406407920519783999e-02
1.913348704360095034e-02
1.539688594513992370e-02
1.530242977770118924e-02
1.538200914789090296e-02
1.666043317126245440e-02
1.837714601540640577e-02
1.680899179802207433e-02
1.950651928407651919e-02
2.028194319673830293e-02
2.006368336357722618e-02
2.144937467877334331e-02
1.864737942618174479e-02
1.897416646759717343e-02
1.773231031543051964e-02
1.742437337942956063e-02
2.235807860262008576e-02
1.887889462703922980e-02
1.677163436445248609e-02
1.708692193282833685e-02
1.757138374647003454e-02
1.698836366147577631e-02
2.368411993528176523e-02
4.176673279732692756e-02
2.246414377052013273e-02
2.010257822450173953e-02
2.037420625488131978e-02
1.592672340134659512e-02
1.415241597003017750e-02
1.199233048631689023e-02
1.328397965890614797e-02
1.308690960982910462e-02
1.363715428770220957e-02
1.468081405461819401e-02
1.380745880312228904e-02
1.417897480451781045e-02
1.362967021677339782e-02
1.354077620106000981e-02
1.319862571010647391e-02
1.201514046602076592e-02
1.217010327201919345e-02
1.213213629588547234e-02
1.185621766096700211e-02
1.282895877396761537e-02
1.333011016334565042e-02
1.627429843168619675e-02
1.695324075669342803e-02
