1.263400000000000034e+01
1.263100000000000023e+01
1.263100000000000023e+01
1.261899999999999977e+01
1.261700000000000088e+01
1.261100000000000065e+01
1.260699999999999932e+01
1.260599999999999987e+01
1.260899999999999999e+01
1.260100000000000087e+01
1.259699999999999953e+01
1.259299999999999997e+01
1.259399999999999942e+01
1.259200000000000053e+01
1.258999999999999986e+01
1.258699999999999974e+01
1.258900000000000041e+01
1.258399999999999963e+01
1.258099999999999952e+01
1.257900000000000063e+01
1.257900000000000063e+01
1.257600000000000051e+01
1.257300000000000040e+01
1.257499999999999929e+01
1.257499999999999929e+01
1.257099999999999973e+01
1.257099999999999973e+01
1.257000000000000028e+01
1.256799999999999962e+01
1.256000000000000050e+01
1.256600000000000072e+01
1.256600000000000072e+01
1.255899999999999928e+01
1.256000000000000050e+01
1.255799999999999983e+01
1.256000000000000050e+01
1.255799999999999983e+01
1.255899999999999928e+01
1.255599999999999916e+01
1.255499999999999972e+01
1.255499999999999972e+01
1.255400000000000027e+01
1.255300000000000082e+01
1.255300000000000082e+01
1.255400000000000027e+01
1.254899999999999949e+01
1.255100000000000016e+01
1.255000000000000071e+01
1.254700000000000060e+01
1.255000000000000071e+01
1.255000000000000071e+01
1.255100000000000016e+01
1.254899999999999949e+01
1.254700000000000060e+01
1.254599999999999937e+01
1.254599999999999937e+01
1.254499999999999993e+01
1.254299999999999926e+01
1.254100000000000037e+01
1.254199999999999982e+01
1.253899999999999970e+01
