1.793381207492686022e-02
1.787540238591175945e-02
1.731891329393837886e-02
1.840839362145373428e-02
1.696250985101512357e-02
1.978276286812735707e-02
1.919081258735975265e-02
1.866898454329012427e-02
1.722257736998458397e-02
1.909108195474424827e-02
1.735191370110177045e-02
1.765191917674453423e-02
1.692535387651322373e-02
1.854596587238247288e-02
1.790428095948582571e-02
1.840186309319283633e-02
2.122096328015461025e-02
2.015209125475285121e-02
2.109055428378429214e-02
2.190580503833515838e-02
2.161167950339119501e-02
2.238720731010851103e-02
2.132229468504705586e-02
2.070882028246221612e-02
2.199564669492496197e-02
2.147108016647866421e-02
1.839546495476217236e-02
2.468853583266658949e-02
2.539682539682539680e-02
2.473726144857153753e-02
2.515437360306095257e-02
2.946267164121697119e-02
2.757014611426210349e-02
3.080989239191995327e-02
3.516060780919407630e-02
3.402316309094360891e-02
3.472817378991690379e-02
3.501960336492710574e-02
3.741661387097976188e-02
3.928073283824028150e-02
4.192999053926206587e-02
4.707500668679072409e-02
4.436510046720096995e-02
5.286477070473737799e-02
5.790577913408354038e-02
6.020349395277404397e-02
6.688651794374393666e-02
6.907166184916850582e-02
7.507908075765082345e-02
7.955105600424676460e-02
8.454555812981882912e-02
9.186661089775276234e-02
9.280410117230200595e-02
8.915745068977311283e-02
8.789890126373420265e-02
8.155821984247080270e-02
6.564368122453642651e-02
5.448439799268007394e-02
4.834176503653737911e-02
6.176481857542434617e-02
5.203901043039500102e-02
8.045407793988799960e-02
8.653661901659448485e-02
7.634987962856815136e-02
6.037764873283851808e-02
4.743158538449778611e-02
3.294654746052881611e-02
2.620020624069052326e-02
2.744490227951460956e-02
2.461330021451959074e-02
2.241451606754850737e-02
2.230141395562708351e-02
2.121061296374287045e-02
2.230210265924551655e-02
1.854642401761910295e-02
1.879655266544475942e-02
1.960418918415265943e-02
2.257184498673343517e-02
1.850931201958009795e-02
1.910031454883086288e-02
1.772844644852969442e-02
1.659846253872337279e-02
2.021537145745053166e-02
2.091411115027611359e-02
1.912415820218030249e-02
1.759375118492397666e-02
2.039817846524406147e-02
1.930691202534032258e-02
2.718770116248248742e-02
4.869774980211828003e-02
2.770398481973434385e-02
1.991244721651880961e-02
1.673930651444440268e-02
1.983990194951932434e-02
1.869516913764701291e-02
1.911928437056090863e-02
1.834236555879789274e-02
1.650331228450780535e-02
1.650152582601815965e-02
1.746659137963485833e-02
1.672484560205608067e-02
1.775352572724128719e-02
1.773297524005739215e-02
1.686340640809443417e-02
1.569696746379748570e-02
1.737750746099505153e-02
1.740197017900264528e-02
1.803045996854260244e-02
1.596411874263560168e-02
1.843879766848260937e-02
1.909661327409485979e-02
1.653582129176622145e-02
1.950815350431213055e-02
2.007443329198150411e-02
2.130321064402410786e-02
2.060388102195249982e-02
2.040738625547306243e-02
2.244874584812736260e-02
2.282069998847439246e-02
2.602077162461099991e-02
2.477606251191157016e-02
2.748358197623657073e-02
2.574811295451933171e-02
2.738472100385216934e-02
2.642832376622876456e-02
2.448917699685355942e-02
2.431775195893001729e-02
2.395487211189243487e-02
2.205003662156431940e-02
2.407400239965940339e-02
2.038531330836647337e-02
2.159794012528342549e-02
2.346895731870997370e-02
2.441936602087586144e-02
2.711942534475473426e-02
2.292285725311619601e-02
2.430779748566219700e-02
2.382342636926310792e-02
2.308420803409359789e-02
2.475266731328806813e-02
2.433567531498999001e-02
2.149543510921067893e-02
2.138226485195435581e-02
2.174166246069029682e-02
2.107257911692249353e-02
2.146273183249737537e-02
2.421195126667955930e-02
2.001616690403787771e-02
2.207253491646687243e-02
2.303744535259456480e-02
2.263050899466840724e-02
1.990393852065321795e-02
2.062093640595544924e-02
2.440620548947145668e-02
2.838984663393842589e-02
2.613180515759312358e-02
3.080794600983718934e-02
4.270030011776772966e-02
5.774217268470142189e-02
7.207207207207207145e-02
3.282523098514678050e-02
2.348424974596364373e-02
2.709760435983802132e-02
4.489905374861127146e-02
7.500481788398535854e-02
3.554816019362402185e-02
3.202373255239036876e-02
3.107758135345118841e-02
2.919875847798597546e-02
2.840547123852351502e-02
2.499615443777880239e-02
1.984923671351187385e-02
2.094830498930059723e-02
2.022880521251610095e-02
2.030891335641753920e-02
1.940486649604645022e-02
2.001124227093872832e-02
1.901997479280449072e-02
1.954960712808752332e-02
1.937100332822257881e-02
1.786325111170233154e-02
1.908411285172245328e-02
2.008750237778200373e-02
1.698578199052132656e-02
1.776506454891038297e-02
1.995977687549804411e-02
2.023175933265390983e-02
2.209986709701917615e-02
1.673126367090064723e-02
1.901184407221434211e-02
1.798110845567315458e-02
2.202559526069950216e-02
1.831433376938889843e-02
1.784048072257679238e-02
1.645812197046556125e-02
1.908850473379585314e-02
1.877113652771972632e-02
1.967916076419464616e-02
1.872760201919001360e-02
1.896250242859918306e-02
2.074831229261222751e-02
1.984691718912265715e-02
1.940790720594367039e-02
1.896637087252922918e-02
1.676458481457920174e-02
1.746086688973500986e-02
1.811745898831499876e-02
1.935212452671434755e-02
1.866334202274358769e-02
1.853610361985794097e-02
1.885129698455879563e-02
1.851224743199006775e-02
1.851922417406546423e-02
1.943238987672337575e-02
2.149057397422660803e-02
1.923732343696746977e-02
1.893635704195777494e-02
1.858947608027618562e-02
3.530633437175493411e-02
4.646380012948927996e-02
4.047500859139332996e-02
2.327977712475670646e-02
2.137776256228840835e-02
1.716132387355595937e-02
1.711141263380069194e-02
1.756854394037342740e-02
1.857911166271766432e-02
1.754452588007443178e-02
1.686214261625510608e-02
1.732720294866436223e-02
1.687225825803306822e-02
1.878402208080963073e-02
1.814110592432350427e-02
1.784193966315010191e-02
1.745792051858126651e-02
1.726684084971032498e-02
1.766609556443936649e-02
1.758010593140753655e-02
1.771586478404058029e-02
1.788908765652951621e-02
1.584460102837554826e-02
