1.157626700401306152e+01
1.146837997436523438e+01
1.151927042007446289e+01
1.154916930198669434e+01
1.150483632087707520e+01
1.147960400581359863e+01
1.155088448524475098e+01
1.152537178993225098e+01
1.166272306442260742e+01
1.146712565422058105e+01
1.147213673591613770e+01
1.149860930442810059e+01
1.147911238670349121e+01
1.146231865882873535e+01
1.146663641929626465e+01
1.158879947662353516e+01
1.148836827278137207e+01
1.148500466346740723e+01
1.150203418731689453e+01
1.151510548591613770e+01
1.145959806442260742e+01
1.145989322662353516e+01
1.156764626502990723e+01
1.149404573440551758e+01
1.147095990180969238e+01
1.150319838523864746e+01
1.150968122482299805e+01
1.140000748634338379e+01
1.152641868591308594e+01
1.150277900695800781e+01
1.150424242019653320e+01
1.151084995269775391e+01
1.143563175201416016e+01
1.146709775924682617e+01
1.150518560409545898e+01
1.147703075408935547e+01
1.155092597007751465e+01
1.155830621719360352e+01
1.148647141456604004e+01
1.146558117866516113e+01
1.152820396423339844e+01
1.156087040901184082e+01
1.147250390052795410e+01
1.142903041839599609e+01
1.145671772956848145e+01
1.145686674118041992e+01
1.144609642028808594e+01
1.140566110610961914e+01
1.145504903793334961e+01
1.143713259696960449e+01
1.143510222434997559e+01
1.149889111518859863e+01
1.139935445785522461e+01
1.148142170906066895e+01
1.143983674049377441e+01
1.143059849739074707e+01
1.149041318893432617e+01
1.151604008674621582e+01
1.141888523101806641e+01
1.154253292083740234e+01
1.152390170097351074e+01
1.143870997428894043e+01
1.139812469482421875e+01
1.142049694061279297e+01
1.151462769508361816e+01
1.148105502128601074e+01
1.151844644546508789e+01
1.146169829368591309e+01
1.153471136093139648e+01
1.145903253555297852e+01
1.150748300552368164e+01
1.157402729988098145e+01
1.150534224510192871e+01
1.153232669830322266e+01
1.151977634429931641e+01
1.156004500389099121e+01
1.151159906387329102e+01
1.150732612609863281e+01
1.148182463645935059e+01
1.154175162315368652e+01
1.151819467544555664e+01
1.148242497444152832e+01
1.146861839294433594e+01
1.158650946617126465e+01
1.148728442192077637e+01
1.146761226654052734e+01
1.154072690010070801e+01
1.159047842025756836e+01
1.145910286903381348e+01
1.150361585617065430e+01
1.151887774467468262e+01
1.158009743690490723e+01
1.151255607604980469e+01
1.160960531234741211e+01
1.149768805503845215e+01
1.146743869781494141e+01
1.145732474327087402e+01
1.146064209938049316e+01
1.157664251327514648e+01
1.146095132827758789e+01
1.154195070266723633e+01
1.149772310256958008e+01
1.153580355644226074e+01
1.153546261787414551e+01
1.145818734169006348e+01
1.146458768844604492e+01
1.156194782257080078e+01
1.156049466133117676e+01
1.148241305351257324e+01
1.150616407394409180e+01
1.152431535720825195e+01
1.150397014617919922e+01
1.148974323272705078e+01
1.158707928657531738e+01
1.149172639846801758e+01
1.153730154037475586e+01
1.145510578155517578e+01
1.154318714141845703e+01
1.145335245132446289e+01
1.154637789726257324e+01
1.158255743980407715e+01
1.152113294601440430e+01
1.146818399429321289e+01
1.145684409141540527e+01
1.157104229927062988e+01
1.141740632057189941e+01
1.150765514373779297e+01
1.157570147514343262e+01
1.160646533966064453e+01
1.149210190773010254e+01
1.150109815597534180e+01
1.148205661773681641e+01
1.155152583122253418e+01
1.153382349014282227e+01
1.147927260398864746e+01
1.149809932708740234e+01
1.154519987106323242e+01
1.149572253227233887e+01
1.146270608901977539e+01
1.152035999298095703e+01
1.164235138893127441e+01
1.146382880210876465e+01
1.148882937431335449e+01
1.151946210861206055e+01
1.149368047714233398e+01
1.151554274559020996e+01
1.146541237831115723e+01
1.159082078933715820e+01
1.150840044021606445e+01
1.147447156906127930e+01
1.151242113113403320e+01
1.151776862144470215e+01
1.155597281455993652e+01
1.157104229927062988e+01
1.152118468284606934e+01
1.155833363533020020e+01
1.146898651123046875e+01
1.146965217590332031e+01
1.148039746284484863e+01
1.152930164337158203e+01
1.151690173149108887e+01
1.147359871864318848e+01
1.151554512977600098e+01
1.151715874671936035e+01
1.149709892272949219e+01
1.154302239418029785e+01
1.152681374549865723e+01
1.151007747650146484e+01
1.155079483985900879e+01
1.151620936393737793e+01
1.155747485160827637e+01
1.153293895721435547e+01
1.146172642707824707e+01
1.158496308326721191e+01
1.155450510978698730e+01
1.155470013618469238e+01
1.153335404396057129e+01
1.156939792633056641e+01
1.153683853149414062e+01
1.156676077842712402e+01
1.152856373786926270e+01
1.153920125961303711e+01
1.147075128555297852e+01
1.148101162910461426e+01
1.149607706069946289e+01
1.155469393730163574e+01
1.146748256683349609e+01
1.155135822296142578e+01
1.154921483993530273e+01
1.160952925682067871e+01
1.146330285072326660e+01
1.148824167251586914e+01
1.155396056175231934e+01
1.159703683853149414e+01
1.146450471878051758e+01
1.159796023368835449e+01
1.153497862815856934e+01
1.152514767646789551e+01
1.156061649322509766e+01
1.147845077514648438e+01
1.154243993759155273e+01
1.148439860343933105e+01
1.150143980979919434e+01
1.150467348098754883e+01
1.158418178558349609e+01
1.152506232261657715e+01
1.155288910865783691e+01
1.151073861122131348e+01
1.156604599952697754e+01
1.148970174789428711e+01
1.151305413246154785e+01
1.148037481307983398e+01
1.156864881515502930e+01
1.147258162498474121e+01
1.149411058425903320e+01
1.158357787132263184e+01
1.152360749244689941e+01
1.168235254287719727e+01
1.153996133804321289e+01
1.159274649620056152e+01
1.146631693840026855e+01
1.149221420288085938e+01
1.145091295242309570e+01
1.157024931907653809e+01
1.146863079071044922e+01
1.151788663864135742e+01
1.148087263107299805e+01
1.154774951934814453e+01
1.153908538818359375e+01
1.152195978164672852e+01
1.161800575256347656e+01
1.151436305046081543e+01
1.154642963409423828e+01
1.148900222778320312e+01
1.156128239631652832e+01
1.152821421623229980e+01
1.167101192474365234e+01
1.156423616409301758e+01
1.158758497238159180e+01
1.146951556205749512e+01
1.146671605110168457e+01
