1.151980686187744141e+01
1.150040984153747559e+01
1.148503684997558594e+01
1.150774860382080078e+01
1.153117895126342773e+01
1.147980976104736328e+01
1.147025561332702637e+01
1.149441766738891602e+01
1.152287960052490234e+01
1.150160002708435059e+01
1.153456640243530273e+01
1.148459553718566895e+01
1.149554419517517090e+01
1.147072672843933105e+01
1.154167628288269043e+01
1.150640130043029785e+01
1.145177388191223145e+01
1.150530076026916504e+01
1.152399277687072754e+01
1.146875262260437012e+01
1.148387074470520020e+01
1.150983405113220215e+01
1.156632280349731445e+01
1.147542381286621094e+01
1.150377106666564941e+01
1.145603394508361816e+01
1.151894736289978027e+01
1.147388339042663574e+01
1.152427840232849121e+01
1.165570998191833496e+01
1.159778642654418945e+01
1.146056056022644043e+01
1.145690917968750000e+01
1.148441743850708008e+01
1.151303267478942871e+01
1.152140140533447266e+01
1.145173788070678711e+01
1.150452923774719238e+01
1.149553799629211426e+01
1.146448397636413574e+01
1.153419208526611328e+01
1.152890157699584961e+01
1.145654964447021484e+01
1.149893593788146973e+01
1.146194744110107422e+01
1.151185488700866699e+01
1.143893027305603027e+01
1.147603344917297363e+01
1.140079498291015625e+01
1.153278446197509766e+01
1.158518695831298828e+01
1.141464304924011230e+01
1.142720913887023926e+01
1.143716740608215332e+01
1.143886756896972656e+01
1.137168765068054199e+01
1.148199772834777832e+01
1.143339133262634277e+01
1.141657972335815430e+01
1.147652888298034668e+01
1.143841719627380371e+01
1.137947034835815430e+01
1.144850063323974609e+01
1.143659520149230957e+01
1.144581818580627441e+01
1.144133710861206055e+01
1.141628885269165039e+01
1.165514969825744629e+01
1.153165268898010254e+01
1.149397325515747070e+01
1.147601985931396484e+01
1.152114176750183105e+01
1.145875763893127441e+01
1.147029066085815430e+01
1.155004310607910156e+01
1.150201797485351562e+01
1.148119258880615234e+01
1.150966024398803711e+01
1.150980806350708008e+01
1.150857305526733398e+01
1.146450138092041016e+01
1.151243209838867188e+01
1.145908904075622559e+01
1.156184768676757812e+01
1.148355484008789062e+01
1.145615363121032715e+01
1.149810910224914551e+01
1.153727293014526367e+01
1.145684838294982910e+01
1.151628112792968750e+01
1.152234864234924316e+01
1.145903944969177246e+01
1.151642155647277832e+01
1.143296480178833008e+01
1.153534030914306641e+01
1.150944972038269043e+01
1.149056315422058105e+01
1.152529478073120117e+01
1.152904582023620605e+01
1.151883578300476074e+01
1.151343202590942383e+01
1.150336217880249023e+01
1.153346729278564453e+01
1.145611333847045898e+01
1.147611999511718750e+01
1.145419502258300781e+01
1.154111242294311523e+01
1.148857498168945312e+01
1.148658680915832520e+01
1.159489536285400391e+01
1.150320315361022949e+01
1.149871230125427246e+01
1.148565220832824707e+01
1.151165843009948730e+01
1.155476236343383789e+01
1.160047698020935059e+01
1.146311354637145996e+01
1.154134202003479004e+01
1.150583839416503906e+01
1.150033116340637207e+01
1.145005822181701660e+01
1.155632948875427246e+01
1.149938821792602539e+01
1.153547763824462891e+01
1.154433631896972656e+01
1.145884680747985840e+01
1.143932032585144043e+01
1.144038891792297363e+01
1.155128264427185059e+01
1.150718116760253906e+01
1.152491354942321777e+01
1.151693463325500488e+01
1.159071922302246094e+01
1.151633024215698242e+01
1.151834130287170410e+01
1.159096741676330566e+01
1.156936740875244141e+01
1.145120072364807129e+01
1.144434022903442383e+01
1.152552628517150879e+01
1.156839442253112793e+01
1.140264892578125000e+01
1.156088852882385254e+01
1.150081396102905273e+01
1.147106599807739258e+01
1.148004961013793945e+01
1.148267388343811035e+01
1.151033329963684082e+01
1.143923091888427734e+01
1.153303384780883789e+01
1.149429655075073242e+01
1.154250168800354004e+01
1.146607136726379395e+01
1.149612140655517578e+01
1.145856595039367676e+01
1.159188318252563477e+01
1.138142395019531250e+01
1.144478607177734375e+01
1.149613976478576660e+01
1.157034540176391602e+01
1.142913961410522461e+01
1.153422665596008301e+01
1.156784915924072266e+01
1.152114868164062500e+01
1.144185543060302734e+01
1.144682836532592773e+01
1.150367593765258789e+01
1.147039151191711426e+01
1.145073986053466797e+01
1.151982903480529785e+01
1.170194935798645020e+01
1.145888280868530273e+01
1.154238104820251465e+01
1.147086906433105469e+01
1.156809425354003906e+01
1.145126843452453613e+01
1.148315072059631348e+01
1.153824782371520996e+01
1.151207208633422852e+01
1.148532819747924805e+01
1.146899390220642090e+01
1.153697228431701660e+01
1.149134182929992676e+01
1.147434806823730469e+01
1.148443293571472168e+01
1.157801985740661621e+01
1.154679203033447266e+01
1.149234533309936523e+01
1.146153807640075684e+01
1.153300952911376953e+01
1.146775960922241211e+01
1.151691722869873047e+01
1.144812965393066406e+01
1.158125567436218262e+01
1.151153111457824707e+01
1.145537877082824707e+01
1.160465955734252930e+01
1.162731599807739258e+01
1.151918387413024902e+01
1.145612716674804688e+01
1.157303810119628906e+01
1.151842355728149414e+01
1.145540356636047363e+01
1.153070020675659180e+01
1.155056643486022949e+01
1.152769565582275391e+01
1.159396648406982422e+01
1.149192595481872559e+01
1.157536673545837402e+01
1.151275706291198730e+01
1.153122067451477051e+01
1.151963567733764648e+01
1.153260564804077148e+01
1.153718972206115723e+01
1.140836358070373535e+01
1.158560967445373535e+01
1.164719152450561523e+01
1.149215483665466309e+01
1.152053856849670410e+01
1.162585163116455078e+01
1.147937989234924316e+01
1.146355295181274414e+01
1.150695133209228516e+01
1.158170533180236816e+01
1.153281784057617188e+01
1.151073360443115234e+01
1.147115921974182129e+01
1.155773878097534180e+01
1.151759004592895508e+01
1.154637885093688965e+01
1.153459882736206055e+01
1.149380421638488770e+01
1.152596235275268555e+01
1.156015324592590332e+01
1.148403191566467285e+01
1.166621184349060059e+01
1.145992922782897949e+01
1.147664570808410645e+01
1.147563505172729492e+01
1.153746891021728516e+01
1.147556805610656738e+01
