2.961100000000000000e+04
2.971500000000000000e+04
2.968300000000000000e+04
2.923700000000000000e+04
2.910300000000000000e+04
2.910300000000000000e+04
2.906500000000000000e+04
2.897100000000000000e+04
2.838500000000000000e+04
2.930300000000000000e+04
2.895500000000000000e+04
2.901900000000000000e+04
2.885100000000000000e+04
2.870600000000000000e+04
2.928700000000000000e+04
2.888300000000000000e+04
2.911900000000000000e+04
2.937300000000000000e+04
2.954500000000000000e+04
2.909300000000000000e+04
2.890500000000000000e+04
2.858100000000000000e+04
2.927400000000000000e+04
2.903500000000000000e+04
2.980100000000000000e+04
2.954000000000000000e+04
2.951500000000000000e+04
2.948100000000000000e+04
2.893200000000000000e+04
2.826900000000000000e+04
2.892500000000000000e+04
2.902900000000000000e+04
2.895900000000000000e+04
2.914500000000000000e+04
2.910300000000000000e+04
2.926700000000000000e+04
2.881700000000000000e+04
2.914500000000000000e+04
2.796300000000000000e+04
2.898900000000000000e+04
2.848500000000000000e+04
2.811700000000000000e+04
2.846100000000000000e+04
2.844900000000000000e+04
2.851100000000000000e+04
2.893500000000000000e+04
2.833100000000000000e+04
2.864700000000000000e+04
2.897100000000000000e+04
2.897900000000000000e+04
2.900700000000000000e+04
2.895900000000000000e+04
2.870100000000000000e+04
2.940700000000000000e+04
2.891900000000000000e+04
2.887500000000000000e+04
2.862300000000000000e+04
2.877300000000000000e+04
2.901900000000000000e+04
2.877300000000000000e+04
2.872900000000000000e+04
2.902300000000000000e+04
2.920200000000000000e+04
2.898100000000000000e+04
2.949700000000000000e+04
2.871500000000000000e+04
2.888500000000000000e+04
2.852100000000000000e+04
2.870500000000000000e+04
2.856700000000000000e+04
2.904500000000000000e+04
2.858900000000000000e+04
2.903900000000000000e+04
2.811700000000000000e+04
2.822900000000000000e+04
2.808700000000000000e+04
2.787100000000000000e+04
2.779900000000000000e+04
2.900900000000000000e+04
2.939900000000000000e+04
2.942100000000000000e+04
2.910300000000000000e+04
2.800900000000000000e+04
2.863500000000000000e+04
2.847100000000000000e+04
2.796100000000000000e+04
2.856700000000000000e+04
2.879400000000000000e+04
2.857100000000000000e+04
2.829700000000000000e+04
2.801900000000000000e+04
2.845700000000000000e+04
2.821300000000000000e+04
2.847300000000000000e+04
2.835700000000000000e+04
2.908200000000000000e+04
2.817900000000000000e+04
2.863500000000000000e+04
2.823700000000000000e+04
2.885300000000000000e+04
2.785400000000000000e+04
2.848500000000000000e+04
2.851300000000000000e+04
2.874300000000000000e+04
2.888100000000000000e+04
2.886100000000000000e+04
2.830100000000000000e+04
2.816600000000000000e+04
2.858100000000000000e+04
2.875900000000000000e+04
2.844300000000000000e+04
2.853700000000000000e+04
2.835700000000000000e+04
2.838900000000000000e+04
2.813700000000000000e+04
2.821700000000000000e+04
2.803600000000000000e+04
2.822900000000000000e+04
2.798700000000000000e+04
2.798100000000000000e+04
2.771300000000000000e+04
2.790300000000000000e+04
2.870900000000000000e+04
2.828100000000000000e+04
2.868500000000000000e+04
2.858700000000000000e+04
2.801800000000000000e+04
2.859300000000000000e+04
2.790300000000000000e+04
2.785500000000000000e+04
2.751100000000000000e+04
2.833500000000000000e+04
2.816300000000000000e+04
2.795300000000000000e+04
2.800900000000000000e+04
2.785100000000000000e+04
2.802500000000000000e+04
2.779500000000000000e+04
2.834500000000000000e+04
2.845900000000000000e+04
2.832600000000000000e+04
2.792300000000000000e+04
2.805500000000000000e+04
2.801500000000000000e+04
2.780700000000000000e+04
2.813700000000000000e+04
2.766500000000000000e+04
2.855500000000000000e+04
2.787700000000000000e+04
2.756500000000000000e+04
2.757500000000000000e+04
2.772100000000000000e+04
2.777300000000000000e+04
2.762900000000000000e+04
2.792100000000000000e+04
2.775300000000000000e+04
2.744500000000000000e+04
2.823700000000000000e+04
2.733500000000000000e+04
2.857800000000000000e+04
2.830300000000000000e+04
2.781700000000000000e+04
2.792800000000000000e+04
2.772300000000000000e+04
2.786700000000000000e+04
2.786900000000000000e+04
2.795900000000000000e+04
2.783400000000000000e+04
2.794100000000000000e+04
2.795500000000000000e+04
2.785300000000000000e+04
2.757300000000000000e+04
2.727500000000000000e+04
2.797700000000000000e+04
2.799300000000000000e+04
2.737300000000000000e+04
2.741900000000000000e+04
2.747600000000000000e+04
2.755500000000000000e+04
2.762100000000000000e+04
2.772900000000000000e+04
2.731900000000000000e+04
2.678100000000000000e+04
2.752600000000000000e+04
2.737300000000000000e+04
2.733800000000000000e+04
2.727200000000000000e+04
2.744100000000000000e+04
2.743500000000000000e+04
2.736300000000000000e+04
2.744500000000000000e+04
2.756500000000000000e+04
2.706900000000000000e+04
2.735100000000000000e+04
2.700100000000000000e+04
2.695500000000000000e+04
2.736100000000000000e+04
2.736300000000000000e+04
2.713500000000000000e+04
2.723900000000000000e+04
2.758900000000000000e+04
2.695500000000000000e+04
2.702900000000000000e+04
2.722900000000000000e+04
2.652900000000000000e+04
2.718900000000000000e+04
2.683900000000000000e+04
2.711100000000000000e+04
2.727800000000000000e+04
2.688500000000000000e+04
2.714300000000000000e+04
2.697100000000000000e+04
2.739500000000000000e+04
2.702700000000000000e+04
2.704900000000000000e+04
2.730100000000000000e+04
2.651400000000000000e+04
2.677900000000000000e+04
2.705400000000000000e+04
2.703500000000000000e+04
2.641500000000000000e+04
2.701700000000000000e+04
2.721700000000000000e+04
2.699900000000000000e+04
2.744700000000000000e+04
2.704700000000000000e+04
2.772300000000000000e+04
2.682200000000000000e+04
2.759900000000000000e+04
2.744500000000000000e+04
2.719100000000000000e+04
2.771100000000000000e+04
2.684400000000000000e+04
2.719500000000000000e+04
2.706700000000000000e+04
2.701700000000000000e+04
2.718600000000000000e+04
2.678300000000000000e+04
2.719900000000000000e+04
2.696300000000000000e+04
2.669500000000000000e+04
