1.414932866760488378e-02
1.190609070952859325e-02
1.297635916175702946e-02
1.372468578674523529e-02
1.381438753765890266e-02
1.380086255390962011e-02
1.286952572012566715e-02
1.333879801780990353e-02
1.471621371787761208e-02
1.254609740333802181e-02
1.264992865131705883e-02
1.342940133539552612e-02
1.224008818945527752e-02
1.522936458063800687e-02
1.335372449550524011e-02
1.324305113912685634e-02
1.364195460136419583e-02
1.527355623100304025e-02
1.362874697449264517e-02
1.219376184988289584e-02
1.455636841117989057e-02
1.316915293329861195e-02
1.548930410917703608e-02
1.263544817551786117e-02
1.321963208460564566e-02
1.450413068670330062e-02
1.581412778714633843e-02
1.438358756955221592e-02
1.240028732373067190e-02
1.295962578122004591e-02
1.383167680737689385e-02
1.706626392297526731e-02
1.734081967839272778e-02
1.293119557498972200e-02
1.557855126999059189e-02
1.601310840501992197e-02
1.468549807065522815e-02
1.442803160425970392e-02
1.580670655978322348e-02
1.502956322716002269e-02
1.486255924170616118e-02
1.580294543161330986e-02
1.512130900883957088e-02
1.397122682475550326e-02
1.410583065617960867e-02
1.558324236835171434e-02
1.381848221996920950e-02
1.505807574439105637e-02
1.540751767770748119e-02
1.694207027540360969e-02
1.810949043379428067e-02
1.803599524156721326e-02
1.717936945209672453e-02
1.711622220524184473e-02
1.708814891101194042e-02
1.654855107417164614e-02
1.581027667984189616e-02
1.709530443950747422e-02
1.724072743771030980e-02
1.795386538388697370e-02
1.816766156241889432e-02
2.296800089196119818e-02
2.778505897771952823e-02
2.367362574219498278e-02
2.572099649609179556e-02
2.214772684470224864e-02
2.677580996825153908e-02
2.642314457876417458e-02
2.483449900886412071e-02
2.064863651666479574e-02
1.968313140726933932e-02
1.913804059357828921e-02
1.720749119228629637e-02
1.810611558883074360e-02
1.901268760058385382e-02
1.888859506629896740e-02
1.801938794905911384e-02
1.654703437854174522e-02
1.872051330439705730e-02
1.773569308232818623e-02
1.938610662358642919e-02
2.114584526126951289e-02
2.202456586192291441e-02
2.000153562653562631e-02
2.067378428339683785e-02
2.205354782674370448e-02
2.332100011212019305e-02
2.344366382387196024e-02
2.461538461538461536e-02
2.466933012683759224e-02
2.690995515007475053e-02
2.389504329086165890e-02
3.016613776367369631e-02
3.027471500654083450e-02
3.441527270041726955e-02
3.134513473897846542e-02
3.775151949865981904e-02
3.660660205935796496e-02
3.980593650914925063e-02
4.341061148280690729e-02
4.875640782228973097e-02
5.444202649562860513e-02
4.859482526623351561e-02
4.649913677345098723e-02
4.478672099891584796e-02
4.393135241932359658e-02
3.559484912550451435e-02
3.398368482387879863e-02
3.539554137708404713e-02
3.470358156300330094e-02
3.370489325524277102e-02
3.157935374280971402e-02
2.587232735787493854e-02
2.992828067454933114e-02
2.584515980154609288e-02
2.133128716669863839e-02
2.067102532983596322e-02
1.842358835999229061e-02
1.937343840092254493e-02
1.956630589685321581e-02
1.984354130891051449e-02
1.688498523510259877e-02
1.585426273867144437e-02
1.615915240672281816e-02
1.824444528558991779e-02
1.594358424038019167e-02
1.711729235557284470e-02
1.692663858210937886e-02
1.673640167364016593e-02
2.112703107594207305e-02
2.501404231417337504e-02
2.262699400384659068e-02
2.166390853016398471e-02
1.959816172281514737e-02
2.000526454330086787e-02
2.042739230392341676e-02
1.855133667659590591e-02
1.847219549740234876e-02
1.702734125942317184e-02
1.912578592673468483e-02
1.608799760550733149e-02
1.674237020909193421e-02
1.613210059734429200e-02
1.679453414252452328e-02
1.495976729250878337e-02
1.813284776753537261e-02
1.692792348274945943e-02
1.525340947514746207e-02
1.629566098787571526e-02
1.589996912627354014e-02
1.921649806663281584e-02
1.739130434782608717e-02
1.846552973942237885e-02
1.521697572165933883e-02
1.745742328432323479e-02
1.718414372192931042e-02
1.451445685980877823e-02
1.540316620638686879e-02
1.631836200592695282e-02
1.643238191659203429e-02
1.679838124689802745e-02
1.661813240147544044e-02
1.436196766637225924e-02
1.569093838717102590e-02
1.472821135742484119e-02
1.317462151854848114e-02
1.479002062818666509e-02
1.517544197511843697e-02
1.495915001342487845e-02
1.515567945345321771e-02
1.413846214604478485e-02
2.077022933794894083e-02
1.995802478913396433e-02
1.643404757224297200e-02
1.546529877885388302e-02
1.738090492326091127e-02
1.705275452598793012e-02
1.621683353001636754e-02
1.577311577311577354e-02
1.667118985771333384e-02
1.420932580488352102e-02
1.684324911708774686e-02
1.550985763339634942e-02
1.464749643449099990e-02
1.666342223087404970e-02
1.705323268275511436e-02
1.715809406036248458e-02
1.703172654176733983e-02
1.445726944152967222e-02
1.661065399621431543e-02
1.606024513005724699e-02
1.421930544161881249e-02
1.796837565884044224e-02
1.723806225710877715e-02
1.499169274757544169e-02
1.811297185462778722e-02
1.730464676117269771e-02
1.701998328394498800e-02
1.763845028113687069e-02
1.850418086094766240e-02
1.937287032428500200e-02
1.785511632305655447e-02
2.026793597174772477e-02
2.042158189905240659e-02
2.558148387833568058e-02
2.460565390103744768e-02
2.725342597954063042e-02
2.954324586977648270e-02
2.933668609745875705e-02
3.646413081027136821e-02
4.587908867091328169e-02
4.798720341242335152e-02
5.935911079579046790e-02
5.354721221279398757e-02
3.677932405566600171e-02
2.710693031291994473e-02
1.965999768705909562e-02
2.124001986476678136e-02
1.955508394285064566e-02
2.141674049535842103e-02
2.055811474473674336e-02
2.050226744407606522e-02
1.926679154401926553e-02
1.924035107891610211e-02
2.043030869971936350e-02
2.299113090479996957e-02
1.865108540030182421e-02
1.983120765999318857e-02
1.988710702403648570e-02
2.099229249777295747e-02
1.743848091455144425e-02
1.900435358697709701e-02
1.788908765652951621e-02
1.726995875255387183e-02
1.712420810136302401e-02
2.005785920925747326e-02
1.971277865475686356e-02
1.772537383360012556e-02
1.922104198280222623e-02
1.638647342995169093e-02
1.603284021377120172e-02
