3.418000000000000000e+03
3.456000000000000000e+03
3.369000000000000000e+03
3.402000000000000000e+03
3.357000000000000000e+03
3.486000000000000000e+03
3.346000000000000000e+03
3.512000000000000000e+03
3.388000000000000000e+03
3.282000000000000000e+03
3.336000000000000000e+03
3.402000000000000000e+03
3.282000000000000000e+03
3.554000000000000000e+03
3.356000000000000000e+03
3.444000000000000000e+03
3.358000000000000000e+03
3.413000000000000000e+03
3.342000000000000000e+03
3.358000000000000000e+03
3.472000000000000000e+03
3.348000000000000000e+03
3.362000000000000000e+03
3.304000000000000000e+03
3.254000000000000000e+03
3.336000000000000000e+03
3.188000000000000000e+03
3.174000000000000000e+03
3.378000000000000000e+03
3.220000000000000000e+03
3.340000000000000000e+03
3.208000000000000000e+03
3.134000000000000000e+03
3.430000000000000000e+03
3.370000000000000000e+03
3.266000000000000000e+03
3.352000000000000000e+03
3.550000000000000000e+03
3.288000000000000000e+03
3.422000000000000000e+03
3.302000000000000000e+03
3.364000000000000000e+03
3.338000000000000000e+03
3.218000000000000000e+03
3.228000000000000000e+03
3.218000000000000000e+03
3.394000000000000000e+03
3.240000000000000000e+03
3.315000000000000000e+03
3.276000000000000000e+03
3.102000000000000000e+03
3.150000000000000000e+03
3.054000000000000000e+03
3.247000000000000000e+03
3.196000000000000000e+03
3.212000000000000000e+03
3.428000000000000000e+03
3.166000000000000000e+03
3.178000000000000000e+03
3.002000000000000000e+03
3.258000000000000000e+03
2.942000000000000000e+03
2.952000000000000000e+03
3.074000000000000000e+03
2.952000000000000000e+03
3.104000000000000000e+03
3.044000000000000000e+03
3.012000000000000000e+03
3.226000000000000000e+03
3.032000000000000000e+03
3.310000000000000000e+03
3.124000000000000000e+03
3.112000000000000000e+03
3.238000000000000000e+03
3.226000000000000000e+03
3.214000000000000000e+03
3.232000000000000000e+03
3.266000000000000000e+03
3.082000000000000000e+03
3.130000000000000000e+03
3.210000000000000000e+03
3.100000000000000000e+03
3.016000000000000000e+03
3.002000000000000000e+03
3.276000000000000000e+03
3.090000000000000000e+03
3.214000000000000000e+03
3.204000000000000000e+03
3.024000000000000000e+03
2.912000000000000000e+03
2.948000000000000000e+03
2.908000000000000000e+03
2.918000000000000000e+03
2.854000000000000000e+03
2.828000000000000000e+03
2.940000000000000000e+03
2.750000000000000000e+03
2.690000000000000000e+03
2.554000000000000000e+03
2.641000000000000000e+03
2.506000000000000000e+03
2.358000000000000000e+03
2.420000000000000000e+03
2.472000000000000000e+03
2.422000000000000000e+03
2.606000000000000000e+03
2.588000000000000000e+03
2.652000000000000000e+03
2.588000000000000000e+03
2.626000000000000000e+03
2.594000000000000000e+03
2.866000000000000000e+03
2.846000000000000000e+03
2.816000000000000000e+03
2.998000000000000000e+03
2.974000000000000000e+03
2.948000000000000000e+03
3.150000000000000000e+03
3.138000000000000000e+03
3.154000000000000000e+03
3.034000000000000000e+03
3.187000000000000000e+03
3.022000000000000000e+03
3.214000000000000000e+03
3.094000000000000000e+03
3.187000000000000000e+03
3.176000000000000000e+03
3.082000000000000000e+03
3.050000000000000000e+03
3.110000000000000000e+03
3.004000000000000000e+03
2.992000000000000000e+03
2.859000000000000000e+03
3.058000000000000000e+03
3.034000000000000000e+03
3.012000000000000000e+03
3.122000000000000000e+03
3.154000000000000000e+03
3.202000000000000000e+03
3.176000000000000000e+03
3.255000000000000000e+03
3.064000000000000000e+03
3.058000000000000000e+03
3.168000000000000000e+03
3.150000000000000000e+03
3.248000000000000000e+03
2.998000000000000000e+03
3.134000000000000000e+03
3.004000000000000000e+03
3.067000000000000000e+03
3.006000000000000000e+03
3.024000000000000000e+03
3.054000000000000000e+03
3.080000000000000000e+03
3.054000000000000000e+03
3.032000000000000000e+03
3.012000000000000000e+03
2.920000000000000000e+03
3.088000000000000000e+03
3.064000000000000000e+03
3.068000000000000000e+03
3.206000000000000000e+03
3.222000000000000000e+03
3.108000000000000000e+03
2.991000000000000000e+03
3.094000000000000000e+03
3.126000000000000000e+03
3.144000000000000000e+03
3.074000000000000000e+03
3.014000000000000000e+03
2.902000000000000000e+03
3.078000000000000000e+03
3.008000000000000000e+03
3.128000000000000000e+03
3.118000000000000000e+03
3.102000000000000000e+03
3.114000000000000000e+03
3.026000000000000000e+03
3.117000000000000000e+03
3.034000000000000000e+03
3.154000000000000000e+03
3.096000000000000000e+03
3.144000000000000000e+03
3.254000000000000000e+03
3.210000000000000000e+03
2.914000000000000000e+03
3.186000000000000000e+03
3.162000000000000000e+03
3.044000000000000000e+03
3.200000000000000000e+03
3.078000000000000000e+03
3.128000000000000000e+03
3.071000000000000000e+03
3.184000000000000000e+03
3.078000000000000000e+03
3.184000000000000000e+03
3.104000000000000000e+03
3.095000000000000000e+03
3.011000000000000000e+03
3.059000000000000000e+03
3.034000000000000000e+03
2.964000000000000000e+03
3.040000000000000000e+03
2.828000000000000000e+03
2.896000000000000000e+03
2.980000000000000000e+03
2.864000000000000000e+03
2.876000000000000000e+03
2.762000000000000000e+03
2.778000000000000000e+03
2.482000000000000000e+03
2.422000000000000000e+03
1.940000000000000000e+03
2.148000000000000000e+03
2.781000000000000000e+03
2.740000000000000000e+03
2.932000000000000000e+03
3.032000000000000000e+03
3.032000000000000000e+03
3.062000000000000000e+03
3.052000000000000000e+03
3.138000000000000000e+03
3.002000000000000000e+03
2.938000000000000000e+03
3.206000000000000000e+03
3.024000000000000000e+03
3.048000000000000000e+03
2.970000000000000000e+03
3.088000000000000000e+03
3.066000000000000000e+03
3.116000000000000000e+03
3.026000000000000000e+03
3.154000000000000000e+03
2.938000000000000000e+03
2.976000000000000000e+03
3.036000000000000000e+03
3.038000000000000000e+03
3.084000000000000000e+03
3.150000000000000000e+03
3.192000000000000000e+03
3.055000000000000000e+03
