1.708835119507973177e-02
1.566966649020645752e-02
1.660024132509415468e-02
1.595686545957958336e-02
1.458948827369879915e-02
1.722274266772357010e-02
1.843687374749498897e-02
1.648210146793716371e-02
1.662408693461912140e-02
1.819182101595451934e-02
1.451690552901529520e-02
1.820774377536470492e-02
1.745059940609304527e-02
1.735608909459068414e-02
1.720904578047435102e-02
1.907386590274504079e-02
1.743305632502308369e-02
1.902787546736756444e-02
1.797166564005942338e-02
1.956817596645455543e-02
1.660509856991331662e-02
1.940552478186886864e-02
2.109720042340402363e-02
1.865194016750173697e-02
1.919062442776048316e-02
2.093787227897909650e-02
2.370853724850462141e-02
2.101409481969613788e-02
2.137460843928505605e-02
2.431997605417742306e-02
2.305010093595154935e-02
2.376324764384465937e-02
2.537076075298642583e-02
2.569436840760611768e-02
2.472986521109502012e-02
2.631095432330136236e-02
2.980193972724907991e-02
2.833364157573515715e-02
2.913731420351860571e-02
2.864670303165238116e-02
3.171208377890040453e-02
3.394573101137660781e-02
3.241371689564993136e-02
3.320449107307196779e-02
3.308118281515798342e-02
3.851403696462168263e-02
3.733256309347583041e-02
4.157621693219029635e-02
4.571683853914597362e-02
4.498662856724182368e-02
4.816420288244229603e-02
5.214509298471736026e-02
4.824416252987681619e-02
5.503508578566442683e-02
5.217583551346770265e-02
5.482734831705457501e-02
5.387424521820877166e-02
6.011390777144956510e-02
6.467353701613197392e-02
7.138470430981540271e-02
7.506449151618646565e-02
8.940115999852230044e-02
8.974877698900209089e-02
8.511412865411918660e-02
1.015496208374546683e-01
9.813542688910696643e-02
9.877188398223150922e-02
8.151145094836866056e-02
4.901121001080033929e-02
3.183568677792041057e-02
2.908153874470826433e-02
2.211113948991133560e-02
2.308179144484568540e-02
2.020499963129562815e-02
2.050631967488162136e-02
1.958554923895103675e-02
1.829569178212184580e-02
1.977305920683069401e-02
1.852459614192466034e-02
1.645452868474451061e-02
1.627915465196919445e-02
1.911877815624656723e-02
2.009323840844205039e-02
1.792601844028945957e-02
1.665987930842989864e-02
1.788145259207476329e-02
1.611080736285766188e-02
1.828656383571826763e-02
1.597101556434618597e-02
1.621839797453491355e-02
1.837904068615085068e-02
1.768607221812822441e-02
1.639644255755224461e-02
1.651491134294245586e-02
1.696477964226442842e-02
1.721502402096375048e-02
2.364827762931507801e-02
3.560263341792636871e-02
3.465509065042133435e-02
2.191923319835048511e-02
1.632204940530649490e-02
1.735868485896068653e-02
1.847131404928146689e-02
1.787356110477731491e-02
1.699446947221917165e-02
1.592415657519534802e-02
1.693467523303747099e-02
1.537401646180064536e-02
1.526551084941663895e-02
1.598267299002949920e-02
1.626677511183407740e-02
1.545076889439545194e-02
1.639769987015396099e-02
1.654041790170893145e-02
1.615661729922492074e-02
1.584602583119279484e-02
1.802729848055627249e-02
1.872756208593952254e-02
2.014399224083261719e-02
2.044630097834451016e-02
1.999489181595942577e-02
2.184655396618985848e-02
1.916369910789676723e-02
2.153609493462256899e-02
2.114595065944846128e-02
2.058619556885790333e-02
2.044974623050420381e-02
2.075715604801477501e-02
2.149519090644127009e-02
2.167355602725952457e-02
2.015752734331255347e-02
2.166807447941532933e-02
2.067839651732269329e-02
2.191434832670950336e-02
1.743571037753054859e-02
2.065853749487265439e-02
2.129305581138331294e-02
1.974580954135199753e-02
2.192311994332798997e-02
2.031865042174320693e-02
2.164296420867911977e-02
1.889787029860111323e-02
1.959279160726687743e-02
2.128681769466720872e-02
2.175280233805630681e-02
2.142830477470414677e-02
1.887848375181882740e-02
2.089474273348009351e-02
1.959838164878809422e-02
1.899653592580176700e-02
2.221308103661044989e-02
1.970070089032013513e-02
1.938170161022882351e-02
2.001250781738586615e-02
2.338525906832530227e-02
2.145220521397665780e-02
2.359039855752977088e-02
2.457383218950631026e-02
2.650394938793845800e-02
2.679327223878399597e-02
3.051083648098573339e-02
3.491531732737762628e-02
4.023739315441753062e-02
4.531376742128161855e-02
4.141586219950785241e-02
3.663435668742859308e-02
3.500243072435586106e-02
4.066337698957444430e-02
5.643078995621748917e-02
6.217539139857265751e-02
6.858872605116468624e-02
8.087489195385019758e-02
5.744418265454953598e-02
4.510228816983141709e-02
3.837665980923882225e-02
3.349908400942161468e-02
2.700797625672416921e-02
2.269316642875443893e-02
1.698451627072733103e-02
1.766086664927903407e-02
1.786045132841738645e-02
1.898380792853154517e-02
1.905883218661466594e-02
1.518511557977823660e-02
1.692847902420994283e-02
1.690203491604581193e-02
1.512160601884613917e-02
1.451172532445674582e-02
1.597455636271639598e-02
1.745956057660565455e-02
2.011969012740022836e-02
2.240363143829849496e-02
2.538692795902460636e-02
2.955303780295530369e-02
2.681695951670534650e-02
3.015368889862373586e-02
3.562919247828158498e-02
4.530357875881628471e-02
4.646779513574250675e-02
2.963233949149442215e-02
2.751581049595029291e-02
3.565978038339847472e-02
5.183903390891351354e-02
3.593824489346877232e-02
2.113317544179267593e-02
2.262863078235708564e-02
2.443629901144063130e-02
2.166158876421193577e-02
1.897268081038349860e-02
1.918125163264544630e-02
1.505047870953321078e-02
1.548680685529744278e-02
1.662152636070196240e-02
1.495408515117418666e-02
1.559913174644052790e-02
1.561624388239249775e-02
1.615461217865968302e-02
1.604298026340334957e-02
1.813209455662533401e-02
1.699586587046394287e-02
1.536413766875831949e-02
1.585031120732980151e-02
1.700899806370781073e-02
1.627229976860491284e-02
1.762384582966169955e-02
1.548680964129815936e-02
1.712210968851519272e-02
1.478839222680489000e-02
1.580758612865408586e-02
1.735571639698359203e-02
1.547534087067573179e-02
1.414489354685037961e-02
1.712784988391123989e-02
1.954859168065659417e-02
2.633856341949806362e-02
2.172281833871088710e-02
1.897008850218454695e-02
1.854690947163743775e-02
1.668963975710613737e-02
1.638062618666468254e-02
1.587361012317023076e-02
