3.326000000000000000e+03
3.370000000000000000e+03
3.488000000000000000e+03
3.334000000000000000e+03
3.420000000000000000e+03
3.516000000000000000e+03
3.522000000000000000e+03
3.288000000000000000e+03
3.422000000000000000e+03
3.464000000000000000e+03
3.432000000000000000e+03
3.288000000000000000e+03
3.412000000000000000e+03
3.364000000000000000e+03
3.394000000000000000e+03
3.246000000000000000e+03
3.327000000000000000e+03
3.336000000000000000e+03
3.476000000000000000e+03
3.206000000000000000e+03
3.310000000000000000e+03
3.306000000000000000e+03
3.508000000000000000e+03
3.265000000000000000e+03
3.408000000000000000e+03
3.305000000000000000e+03
3.254000000000000000e+03
3.322000000000000000e+03
3.290000000000000000e+03
3.430000000000000000e+03
3.280000000000000000e+03
3.244000000000000000e+03
3.196000000000000000e+03
3.248000000000000000e+03
3.310000000000000000e+03
3.256000000000000000e+03
3.354000000000000000e+03
3.190000000000000000e+03
3.312000000000000000e+03
3.218000000000000000e+03
3.174000000000000000e+03
3.090000000000000000e+03
3.204000000000000000e+03
3.080000000000000000e+03
3.252000000000000000e+03
3.286000000000000000e+03
3.298000000000000000e+03
3.114000000000000000e+03
3.226000000000000000e+03
3.192000000000000000e+03
3.102000000000000000e+03
3.184000000000000000e+03
3.013000000000000000e+03
3.082000000000000000e+03
3.088000000000000000e+03
3.078000000000000000e+03
3.166000000000000000e+03
3.108000000000000000e+03
2.998000000000000000e+03
3.084000000000000000e+03
2.786000000000000000e+03
2.680000000000000000e+03
2.312000000000000000e+03
1.988000000000000000e+03
2.770000000000000000e+03
2.812000000000000000e+03
2.790000000000000000e+03
2.910000000000000000e+03
3.002000000000000000e+03
3.056000000000000000e+03
3.096000000000000000e+03
3.018000000000000000e+03
2.890000000000000000e+03
2.906000000000000000e+03
2.870000000000000000e+03
2.764000000000000000e+03
2.642000000000000000e+03
2.826000000000000000e+03
2.576000000000000000e+03
2.368000000000000000e+03
2.420000000000000000e+03
2.230000000000000000e+03
2.034000000000000000e+03
1.928000000000000000e+03
1.802000000000000000e+03
1.556000000000000000e+03
1.436000000000000000e+03
1.934000000000000000e+03
1.862000000000000000e+03
2.132000000000000000e+03
2.886000000000000000e+03
3.000000000000000000e+03
3.026000000000000000e+03
3.076000000000000000e+03
3.067000000000000000e+03
3.052000000000000000e+03
3.158000000000000000e+03
3.078000000000000000e+03
3.198000000000000000e+03
3.140000000000000000e+03
3.104000000000000000e+03
3.198000000000000000e+03
3.212000000000000000e+03
3.276000000000000000e+03
3.324000000000000000e+03
3.236000000000000000e+03
3.264000000000000000e+03
3.246000000000000000e+03
3.182000000000000000e+03
3.312000000000000000e+03
3.160000000000000000e+03
3.330000000000000000e+03
2.938000000000000000e+03
2.554000000000000000e+03
2.376000000000000000e+03
2.918000000000000000e+03
3.072000000000000000e+03
3.002000000000000000e+03
3.166000000000000000e+03
3.311000000000000000e+03
3.196000000000000000e+03
3.294000000000000000e+03
3.224000000000000000e+03
3.190000000000000000e+03
3.414000000000000000e+03
3.190000000000000000e+03
3.132000000000000000e+03
3.170000000000000000e+03
3.312000000000000000e+03
3.172000000000000000e+03
3.180000000000000000e+03
3.328000000000000000e+03
3.232000000000000000e+03
3.222000000000000000e+03
3.082000000000000000e+03
3.148000000000000000e+03
3.262000000000000000e+03
3.206000000000000000e+03
3.168000000000000000e+03
3.108000000000000000e+03
3.082000000000000000e+03
3.202000000000000000e+03
3.184000000000000000e+03
3.096000000000000000e+03
3.204000000000000000e+03
3.168000000000000000e+03
3.287000000000000000e+03
3.154000000000000000e+03
3.350000000000000000e+03
3.198000000000000000e+03
3.160000000000000000e+03
3.258000000000000000e+03
3.094000000000000000e+03
3.018000000000000000e+03
3.092000000000000000e+03
3.046000000000000000e+03
3.170000000000000000e+03
3.154000000000000000e+03
3.141000000000000000e+03
3.184000000000000000e+03
3.280000000000000000e+03
3.204000000000000000e+03
3.116000000000000000e+03
3.238000000000000000e+03
2.958000000000000000e+03
2.850000000000000000e+03
2.927000000000000000e+03
2.978000000000000000e+03
3.168000000000000000e+03
3.063000000000000000e+03
3.310000000000000000e+03
3.172000000000000000e+03
3.244000000000000000e+03
3.184000000000000000e+03
3.014000000000000000e+03
3.224000000000000000e+03
3.216000000000000000e+03
3.162000000000000000e+03
3.217000000000000000e+03
3.256000000000000000e+03
3.164000000000000000e+03
3.172000000000000000e+03
3.102000000000000000e+03
3.074000000000000000e+03
3.108000000000000000e+03
3.074000000000000000e+03
2.936000000000000000e+03
2.688000000000000000e+03
2.568000000000000000e+03
2.154000000000000000e+03
1.346000000000000000e+03
1.008000000000000000e+03
2.060000000000000000e+03
2.788000000000000000e+03
3.060000000000000000e+03
3.040000000000000000e+03
3.110000000000000000e+03
3.128000000000000000e+03
3.056000000000000000e+03
3.090000000000000000e+03
3.068000000000000000e+03
3.028000000000000000e+03
2.992000000000000000e+03
3.088000000000000000e+03
3.104000000000000000e+03
2.956000000000000000e+03
3.022000000000000000e+03
3.160000000000000000e+03
2.974000000000000000e+03
2.996000000000000000e+03
3.098000000000000000e+03
3.022000000000000000e+03
3.156000000000000000e+03
3.064000000000000000e+03
3.056000000000000000e+03
3.050000000000000000e+03
2.888000000000000000e+03
2.318000000000000000e+03
2.976000000000000000e+03
2.930000000000000000e+03
3.042000000000000000e+03
3.056000000000000000e+03
3.194000000000000000e+03
3.198000000000000000e+03
3.182000000000000000e+03
3.100000000000000000e+03
3.118000000000000000e+03
3.166000000000000000e+03
3.112000000000000000e+03
3.088000000000000000e+03
3.214000000000000000e+03
3.212000000000000000e+03
3.170000000000000000e+03
3.134000000000000000e+03
3.250000000000000000e+03
3.090000000000000000e+03
3.172000000000000000e+03
3.222000000000000000e+03
2.990000000000000000e+03
3.314000000000000000e+03
3.028000000000000000e+03
