1.445691459007038271e-01
1.411140583554376660e-01
1.375298804780876460e-01
1.445879164673999628e-01
1.421407302930575156e-01
1.374980130344937157e-01
1.338521400778210080e-01
1.340620479022665290e-01
1.344682180228018165e-01
1.296353049341097130e-01
1.302075083161729763e-01
1.289609432571849623e-01
1.317829457364341206e-01
1.238348868175765671e-01
1.205890930300379110e-01
1.167237442922374469e-01
1.164403778040141724e-01
1.166345155067517458e-01
1.089897775105231476e-01
1.150483202945237066e-01
1.168641454309365391e-01
1.189861155957378097e-01
1.208454065109936942e-01
1.168521462639109665e-01
1.110584518167456597e-01
1.115182411980245314e-01
1.102374839537869078e-01
1.049819267641049769e-01
9.967038141579029342e-02
1.026917690991131227e-01
1.020596372579157668e-01
9.773284313725490169e-02
9.714967915236531748e-02
9.853687667960585317e-02
1.008137432188065119e-01
1.018165165623568930e-01
1.034733323644819042e-01
1.033694160695227959e-01
1.053486997635933869e-01
1.077129643443234391e-01
1.149509445013911224e-01
1.114587989867381890e-01
1.117343844754396659e-01
1.189613526570048319e-01
1.207669707747023313e-01
1.369611739529195960e-01
1.325536062378167568e-01
1.400819547731066983e-01
1.434426229508196649e-01
1.464357507344982157e-01
1.353933422898940253e-01
1.380395683453237432e-01
1.392791692119731140e-01
1.404958677685950452e-01
1.387873248019500239e-01
1.378792430159206939e-01
