1.564986737400530514e-01
1.395828558331423386e-01
1.542245989304812936e-01
1.567194478278522152e-01
1.445358401880141030e-01
1.553059643687064173e-01
1.483739837398374006e-01
1.437439379243452831e-01
1.404083204930662576e-01
1.488623216351716294e-01
1.454615981380915357e-01
1.420817987982166963e-01
1.421975992613111750e-01
1.400409150083689880e-01
1.315739510157585002e-01
1.419466975666280328e-01
1.464799394398183241e-01
1.325532323038557392e-01
1.328183873398643688e-01
1.495291178166442414e-01
1.417439703153988984e-01
1.270400593471810169e-01
1.343645173313454955e-01
1.307677204005497640e-01
1.300413141845366827e-01
1.193446285607894231e-01
1.204750047883547254e-01
1.132284921369102748e-01
1.038425492033739489e-01
1.163615988046320521e-01
1.066085968566559405e-01
1.045048331205544467e-01
1.113796950539233943e-01
1.076753175041413602e-01
1.021009952082565370e-01
1.121579996376155103e-01
1.215723873441994229e-01
1.276761385753211464e-01
1.393490547651529965e-01
1.437752478883584373e-01
1.309740970448741437e-01
1.429101707498144080e-01
1.386325108306649123e-01
1.361335083442715144e-01
1.277524677296886790e-01
1.370405278039585339e-01
1.309928274820686966e-01
1.309809717347127367e-01
1.299719887955182174e-01
1.273584905660377353e-01
1.341944743451740085e-01
