1.030100000000000016e+01
1.029800000000000004e+01
1.029599999999999937e+01
1.028899999999999970e+01
1.029199999999999982e+01
1.029199999999999982e+01
1.028800000000000026e+01
1.028700000000000081e+01
1.028100000000000058e+01
1.027999999999999936e+01
1.028100000000000058e+01
1.028100000000000058e+01
1.028100000000000058e+01
1.028400000000000070e+01
1.027899999999999991e+01
1.028299999999999947e+01
1.027999999999999936e+01
1.027399999999999913e+01
1.026999999999999957e+01
1.026399999999999935e+01
1.026800000000000068e+01
1.026900000000000013e+01
1.026399999999999935e+01
1.026800000000000068e+01
1.027100000000000080e+01
1.026600000000000001e+01
1.026800000000000068e+01
1.026800000000000068e+01
1.026200000000000045e+01
1.026600000000000001e+01
1.026900000000000013e+01
1.026399999999999935e+01
1.026399999999999935e+01
1.025999999999999979e+01
1.025799999999999912e+01
1.025999999999999979e+01
1.026600000000000001e+01
1.026500000000000057e+01
1.026600000000000001e+01
1.025799999999999912e+01
1.026099999999999923e+01
1.026600000000000001e+01
1.026500000000000057e+01
1.026600000000000001e+01
1.027100000000000080e+01
1.026999999999999957e+01
