7.770000000000000000e+02
7.870000000000000000e+02
8.280000000000000000e+02
8.230000000000000000e+02
9.120000000000000000e+02
8.800000000000000000e+02
8.870000000000000000e+02
9.020000000000000000e+02
8.840000000000000000e+02
8.630000000000000000e+02
8.870000000000000000e+02
8.620000000000000000e+02
9.230000000000000000e+02
8.250000000000000000e+02
8.430000000000000000e+02
8.440000000000000000e+02
9.020000000000000000e+02
7.900000000000000000e+02
8.380000000000000000e+02
7.580000000000000000e+02
7.530000000000000000e+02
7.500000000000000000e+02
8.000000000000000000e+02
7.650000000000000000e+02
7.330000000000000000e+02
7.530000000000000000e+02
7.240000000000000000e+02
7.070000000000000000e+02
6.710000000000000000e+02
6.970000000000000000e+02
7.040000000000000000e+02
7.140000000000000000e+02
7.030000000000000000e+02
7.220000000000000000e+02
7.390000000000000000e+02
7.230000000000000000e+02
7.560000000000000000e+02
7.890000000000000000e+02
8.320000000000000000e+02
8.430000000000000000e+02
8.690000000000000000e+02
8.130000000000000000e+02
8.740000000000000000e+02
9.280000000000000000e+02
8.760000000000000000e+02
9.110000000000000000e+02
8.980000000000000000e+02
8.510000000000000000e+02
8.340000000000000000e+02
8.410000000000000000e+02
8.700000000000000000e+02
