1.598000000000000000e+03
1.275000000000000000e+03
1.295000000000000000e+03
1.255000000000000000e+03
1.287000000000000000e+03
1.246000000000000000e+03
1.321000000000000000e+03
1.317000000000000000e+03
1.272000000000000000e+03
1.358000000000000000e+03
1.300000000000000000e+03
1.318000000000000000e+03
1.349000000000000000e+03
1.296000000000000000e+03
1.260000000000000000e+03
1.282000000000000000e+03
1.307000000000000000e+03
1.372000000000000000e+03
1.281000000000000000e+03
1.310000000000000000e+03
1.324000000000000000e+03
1.391000000000000000e+03
1.316000000000000000e+03
1.441000000000000000e+03
1.320000000000000000e+03
1.319000000000000000e+03
1.390000000000000000e+03
1.300000000000000000e+03
1.325000000000000000e+03
1.319000000000000000e+03
1.327000000000000000e+03
1.337000000000000000e+03
1.343000000000000000e+03
1.313000000000000000e+03
1.414000000000000000e+03
1.331000000000000000e+03
1.334000000000000000e+03
1.298000000000000000e+03
1.242000000000000000e+03
1.327000000000000000e+03
1.335000000000000000e+03
1.412000000000000000e+03
1.394000000000000000e+03
1.379000000000000000e+03
1.407000000000000000e+03
1.368000000000000000e+03
1.370000000000000000e+03
1.347000000000000000e+03
1.328000000000000000e+03
1.449000000000000000e+03
1.294000000000000000e+03
1.405000000000000000e+03
1.353000000000000000e+03
1.257000000000000000e+03
1.416000000000000000e+03
1.352000000000000000e+03
1.372000000000000000e+03
1.341000000000000000e+03
1.385000000000000000e+03
1.399000000000000000e+03
1.383000000000000000e+03
1.432000000000000000e+03
1.360000000000000000e+03
1.304000000000000000e+03
1.390000000000000000e+03
1.305000000000000000e+03
1.363000000000000000e+03
1.338000000000000000e+03
1.416000000000000000e+03
1.352000000000000000e+03
1.438000000000000000e+03
1.338000000000000000e+03
1.427000000000000000e+03
1.334000000000000000e+03
1.388000000000000000e+03
1.369000000000000000e+03
1.306000000000000000e+03
1.418000000000000000e+03
1.404000000000000000e+03
1.399000000000000000e+03
1.388000000000000000e+03
1.346000000000000000e+03
1.340000000000000000e+03
1.461000000000000000e+03
1.342000000000000000e+03
1.382000000000000000e+03
1.408000000000000000e+03
1.324000000000000000e+03
1.441000000000000000e+03
1.412000000000000000e+03
1.395000000000000000e+03
1.393000000000000000e+03
1.364000000000000000e+03
1.405000000000000000e+03
1.295000000000000000e+03
1.432000000000000000e+03
1.375000000000000000e+03
1.315000000000000000e+03
1.269000000000000000e+03
1.293000000000000000e+03
1.398000000000000000e+03
1.314000000000000000e+03
1.374000000000000000e+03
1.341000000000000000e+03
1.342000000000000000e+03
1.301000000000000000e+03
1.345000000000000000e+03
1.351000000000000000e+03
1.348000000000000000e+03
1.338000000000000000e+03
1.400000000000000000e+03
1.412000000000000000e+03
1.321000000000000000e+03
1.336000000000000000e+03
1.300000000000000000e+03
1.333000000000000000e+03
1.299000000000000000e+03
1.338000000000000000e+03
1.298000000000000000e+03
1.359000000000000000e+03
1.345000000000000000e+03
1.413000000000000000e+03
1.400000000000000000e+03
1.429000000000000000e+03
1.392000000000000000e+03
1.349000000000000000e+03
1.310000000000000000e+03
1.387000000000000000e+03
1.350000000000000000e+03
1.334000000000000000e+03
1.338000000000000000e+03
1.374000000000000000e+03
1.426000000000000000e+03
1.391000000000000000e+03
1.355000000000000000e+03
1.397000000000000000e+03
1.317000000000000000e+03
1.282000000000000000e+03
1.370000000000000000e+03
1.384000000000000000e+03
1.347000000000000000e+03
1.353000000000000000e+03
1.404000000000000000e+03
1.379000000000000000e+03
1.377000000000000000e+03
1.376000000000000000e+03
1.443000000000000000e+03
1.427000000000000000e+03
1.361000000000000000e+03
1.401000000000000000e+03
1.406000000000000000e+03
1.343000000000000000e+03
1.413000000000000000e+03
1.346000000000000000e+03
1.391000000000000000e+03
1.338000000000000000e+03
1.396000000000000000e+03
1.460000000000000000e+03
1.513000000000000000e+03
1.389000000000000000e+03
1.356000000000000000e+03
1.297000000000000000e+03
1.351000000000000000e+03
1.372000000000000000e+03
1.370000000000000000e+03
1.387000000000000000e+03
1.419000000000000000e+03
1.318000000000000000e+03
1.367000000000000000e+03
1.346000000000000000e+03
1.326000000000000000e+03
1.300000000000000000e+03
1.345000000000000000e+03
1.362000000000000000e+03
1.441000000000000000e+03
1.321000000000000000e+03
1.354000000000000000e+03
1.312000000000000000e+03
1.254000000000000000e+03
1.245000000000000000e+03
1.290000000000000000e+03
1.306000000000000000e+03
1.300000000000000000e+03
1.417000000000000000e+03
1.393000000000000000e+03
1.424000000000000000e+03
1.351000000000000000e+03
1.287000000000000000e+03
1.390000000000000000e+03
1.383000000000000000e+03
1.310000000000000000e+03
1.376000000000000000e+03
1.384000000000000000e+03
1.368000000000000000e+03
1.384000000000000000e+03
1.408000000000000000e+03
1.360000000000000000e+03
1.406000000000000000e+03
1.386000000000000000e+03
1.354000000000000000e+03
