4.780876494023904126e-03
5.253940455341506166e-03
5.300353356890459729e-03
8.547008547008547868e-03
5.089058524173028369e-03
5.613472333600641462e-03
7.275666936135812175e-03
3.996802557953637106e-03
6.573541495480689917e-03
2.375296912114014357e-03
5.686433793663688008e-03
3.347280334728033272e-03
4.051863857374392135e-03
7.352941176470588133e-03
5.645161290322580315e-03
5.780346820809248269e-03
8.424599831508002706e-03
6.498781478472786047e-03
3.927729772191673047e-03
6.441223832528180336e-03
4.702194357366771410e-03
1.012658227848101285e-02
4.156275976724854715e-03
4.194630872483221494e-03
9.876543209876543009e-03
7.364975450081833082e-03
9.404388714733542820e-03
1.356743814844373584e-02
1.222307104660045815e-02
1.622060016220600032e-02
1.963864886095836523e-02
1.829753381066030402e-02
1.422924901185770689e-02
2.380952380952380820e-02
2.375296912114014183e-02
3.241106719367588956e-02
2.566225165562913829e-02
1.993620414673046362e-02
2.400662251655629256e-02
1.757066462948815924e-02
1.132930513595166097e-02
1.602023608768971333e-02
1.343283582089552231e-02
1.510067114093959807e-02
1.156515034695451000e-02
1.570247933884297634e-02
1.057770545158665497e-02
1.257861635220125854e-02
7.930214115781125672e-03
1.292775665399239528e-02
7.680491551459293388e-03
1.442307692307692388e-02
6.436041834271922363e-03
1.120689655172413778e-02
7.086614173228346358e-03
9.523809523809524669e-03
9.630818619582664011e-03
1.629991850040749674e-02
1.713395638629283332e-02
1.430976430976431055e-02
2.491694352159468454e-02
1.860841423948220164e-02
2.019386106623586447e-02
2.700617283950617134e-02
2.677888293802601488e-02
2.927215189873417708e-02
3.147128245476003144e-02
2.645914396887159500e-02
2.650602409638554147e-02
4.189723320158102865e-02
4.150943396226414867e-02
6.371814092953523301e-02
1.018062397372742206e-01
6.907630522088353819e-02
5.822981366459627217e-02
5.242566510172144006e-02
4.295942720763722827e-02
2.730923694779116562e-02
3.196347031963470142e-02
3.073089700996677748e-02
3.534136546184738631e-02
2.738589211618257246e-02
1.676829268292683028e-02
9.708737864077669061e-03
1.339637509850275833e-02
1.477449455676516261e-02
1.323407775020678245e-02
1.100628930817609992e-02
7.898894154818324881e-03
7.993605115907274211e-03
9.377664109121910258e-03
1.300813008130081300e-02
9.716599190283401258e-03
6.584362139917695339e-03
7.092198581560283516e-03
8.899676375404530840e-03
4.746835443037974826e-03
5.520504731861199110e-03
1.224177505738332020e-02
1.152073732718894052e-02
