2.338110208511352539e+00
2.238339185714721680e+00
2.399375438690185547e+00
2.313356876373291016e+00
2.275248289108276367e+00
2.265538454055786133e+00
2.282742023468017578e+00
2.239861965179443359e+00
2.338847637176513672e+00
2.244693756103515625e+00
2.214256763458251953e+00
2.330082654953002930e+00
2.305777311325073242e+00
2.308372735977172852e+00
2.274170875549316406e+00
2.403616905212402344e+00
2.292446851730346680e+00
2.346988677978515625e+00
2.251222610473632812e+00
2.322488069534301758e+00
2.245520353317260742e+00
2.333879709243774414e+00
2.246150255203247070e+00
2.277932643890380859e+00
2.273031234741210938e+00
2.294750690460205078e+00
2.305004835128784180e+00
2.278365850448608398e+00
2.250347852706909180e+00
2.205982208251953125e+00
2.360972404479980469e+00
2.315448999404907227e+00
2.269485712051391602e+00
2.297894954681396484e+00
2.323566675186157227e+00
2.275604486465454102e+00
2.268219470977783203e+00
2.278819799423217773e+00
2.314228296279907227e+00
2.270054101943969727e+00
2.255572557449340820e+00
2.256845712661743164e+00
2.320411920547485352e+00
2.276384115219116211e+00
2.280398607254028320e+00
2.355115175247192383e+00
2.278789043426513672e+00
2.240730762481689453e+00
2.310334444046020508e+00
2.298576593399047852e+00
2.279533624649047852e+00
2.240868330001831055e+00
2.273279428482055664e+00
2.235302209854125977e+00
2.331207036972045898e+00
2.280541658401489258e+00
2.298644304275512695e+00
2.238485097885131836e+00
2.276908874511718750e+00
2.291354417800903320e+00
2.232954740524291992e+00
2.259370565414428711e+00
2.261433601379394531e+00
2.243973731994628906e+00
2.253219842910766602e+00
2.338819980621337891e+00
2.253314971923828125e+00
2.305461406707763672e+00
2.252047300338745117e+00
2.282626152038574219e+00
2.244279146194458008e+00
2.282054662704467773e+00
2.300812482833862305e+00
2.340158939361572266e+00
2.290445089340209961e+00
2.297035455703735352e+00
2.242737054824829102e+00
2.252897500991821289e+00
2.278433084487915039e+00
2.275478124618530273e+00
2.251035690307617188e+00
2.292315483093261719e+00
2.323414564132690430e+00
2.301385879516601562e+00
2.333260774612426758e+00
4.410384893417358398e+00
2.328537464141845703e+00
2.301936388015747070e+00
2.322548866271972656e+00
2.283737659454345703e+00
2.268397092819213867e+00
2.319573640823364258e+00
2.308178663253784180e+00
2.277404546737670898e+00
2.314288854598999023e+00
2.310034275054931641e+00
2.340445518493652344e+00
2.186089038848876953e+00
2.276712656021118164e+00
2.223270893096923828e+00
