1.801301002502441406e+00
1.755161523818969727e+00
1.785994529724121094e+00
1.781014442443847656e+00
1.808011054992675781e+00
1.816416025161743164e+00
1.848462581634521484e+00
1.761382818222045898e+00
1.901684045791625977e+00
1.876070976257324219e+00
1.832881689071655273e+00
1.926127910614013672e+00
1.816608905792236328e+00
1.763024568557739258e+00
1.743638038635253906e+00
1.807832479476928711e+00
1.940729141235351562e+00
1.735068321228027344e+00
1.763447999954223633e+00
1.873546123504638672e+00
1.946250438690185547e+00
1.884359598159790039e+00
1.776597499847412109e+00
1.840676546096801758e+00
1.811836481094360352e+00
1.779599905014038086e+00
1.954709768295288086e+00
1.737789154052734375e+00
1.760133504867553711e+00
1.756554126739501953e+00
1.751634836196899414e+00
1.795312881469726562e+00
1.811459064483642578e+00
1.757380008697509766e+00
1.789288520812988281e+00
1.805553674697875977e+00
1.751514911651611328e+00
1.755250692367553711e+00
1.811319828033447266e+00
1.795293807983398438e+00
1.751735687255859375e+00
1.828566551208496094e+00
1.817935466766357422e+00
1.821194887161254883e+00
1.757538557052612305e+00
1.767823457717895508e+00
1.860741376876831055e+00
1.800093650817871094e+00
1.755711078643798828e+00
2.004690170288085938e+00
1.782458543777465820e+00
1.858689308166503906e+00
1.743870019912719727e+00
1.753984451293945312e+00
2.033895254135131836e+00
1.776149749755859375e+00
1.761119842529296875e+00
1.776793241500854492e+00
1.838809967041015625e+00
1.815305948257446289e+00
1.839715957641601562e+00
1.857590913772583008e+00
1.817093610763549805e+00
1.751501321792602539e+00
1.863286495208740234e+00
1.780187368392944336e+00
1.930498123168945312e+00
1.756052017211914062e+00
1.764017820358276367e+00
1.868852376937866211e+00
1.848993301391601562e+00
1.822984695434570312e+00
1.848592519760131836e+00
1.778822898864746094e+00
1.798331260681152344e+00
1.751025438308715820e+00
1.747530460357666016e+00
1.792503118515014648e+00
1.824023008346557617e+00
1.860318183898925781e+00
1.790309190750122070e+00
1.837934017181396484e+00
1.775808811187744141e+00
1.981434583663940430e+00
1.899269104003906250e+00
1.838500499725341797e+00
1.820507287979125977e+00
1.722070217132568359e+00
1.944602012634277344e+00
1.830417633056640625e+00
1.780690908432006836e+00
1.740709304809570312e+00
1.792577266693115234e+00
1.939116239547729492e+00
1.756566524505615234e+00
1.746324062347412109e+00
1.746262788772583008e+00
1.747240304946899414e+00
1.753233909606933594e+00
1.787241458892822266e+00
1.847279071807861328e+00
1.825472593307495117e+00
1.870063304901123047e+00
1.798854112625122070e+00
1.784816980361938477e+00
1.771760463714599609e+00
1.756155490875244141e+00
1.863111019134521484e+00
1.828476905822753906e+00
1.751502037048339844e+00
1.861519575119018555e+00
1.880621194839477539e+00
1.828638553619384766e+00
1.761399745941162109e+00
1.757623434066772461e+00
1.796152830123901367e+00
1.858338832855224609e+00
1.818020582199096680e+00
1.762435436248779297e+00
1.874363183975219727e+00
1.817772150039672852e+00
1.884382963180541992e+00
1.740660667419433594e+00
1.787357568740844727e+00
1.807347774505615234e+00
1.770772933959960938e+00
1.877099752426147461e+00
1.822175502777099609e+00
1.776865243911743164e+00
1.751155376434326172e+00
1.783795118331909180e+00
1.822237253189086914e+00
1.832699537277221680e+00
1.767359972000122070e+00
1.789277076721191406e+00
1.918410778045654297e+00
1.763918876647949219e+00
1.811612844467163086e+00
1.802226305007934570e+00
1.828107833862304688e+00
1.960499763488769531e+00
1.764943361282348633e+00
1.790889739990234375e+00
1.855566740036010742e+00
1.835325956344604492e+00
1.877187728881835938e+00
1.789162635803222656e+00
1.825132131576538086e+00
1.756915569305419922e+00
1.781572341918945312e+00
1.948598384857177734e+00
1.784914493560791016e+00
1.813170671463012695e+00
1.812414884567260742e+00
1.693628072738647461e+00
1.816432476043701172e+00
1.769074440002441406e+00
1.905163288116455078e+00
1.820286035537719727e+00
1.772638559341430664e+00
1.756552219390869141e+00
1.806936264038085938e+00
1.751967906951904297e+00
1.839575052261352539e+00
1.879334688186645508e+00
1.877120018005371094e+00
1.825035095214843750e+00
1.756640911102294922e+00
1.853594541549682617e+00
1.893678188323974609e+00
1.819137334823608398e+00
1.755004167556762695e+00
1.786339282989501953e+00
1.819178581237792969e+00
1.972258329391479492e+00
1.760756731033325195e+00
1.794066429138183594e+00
1.804441928863525391e+00
1.769453763961791992e+00
1.781385421752929688e+00
1.727429628372192383e+00
1.757915019989013672e+00
1.772488117218017578e+00
1.792567491531372070e+00
1.850025892257690430e+00
1.804440736770629883e+00
1.760729551315307617e+00
1.773648023605346680e+00
1.871053218841552734e+00
1.830720663070678711e+00
1.765659570693969727e+00
1.745027303695678711e+00
1.781800508499145508e+00
1.819158792495727539e+00
1.750143289566040039e+00
1.901614189147949219e+00
1.789313316345214844e+00
1.863028764724731445e+00
1.779733419418334961e+00
1.800825119018554688e+00
