2.020202020202020200e-03
8.424599831508002923e-04
2.659574468085106318e-03
2.708559046587215562e-03
8.206330597889801431e-03
0.000000000000000000e+00
2.089136490250696494e-03
1.619433198380566732e-03
2.059025394646534120e-03
8.176614881439084499e-04
3.612716763005780277e-03
7.736943907156673163e-03
1.433691756272401432e-03
1.058901389808074127e-02
9.776536312849162108e-03
1.336898395721925056e-03
7.936507936507936501e-04
3.067484662576687188e-03
1.074113856068743258e-03
8.519701810436635520e-03
7.920792079207920888e-03
4.027617951668584911e-03
5.316321105794790400e-04
2.207505518763796908e-03
2.797985450475657439e-03
6.117908787541713293e-03
1.138716356107660407e-02
3.250270855904658761e-03
3.930376193149915515e-03
1.414427157001414475e-03
1.314924391847468836e-03
6.725297465080186041e-03
9.572072072072071447e-03
0.000000000000000000e+00
0.000000000000000000e+00
0.000000000000000000e+00
0.000000000000000000e+00
0.000000000000000000e+00
0.000000000000000000e+00
0.000000000000000000e+00
0.000000000000000000e+00
0.000000000000000000e+00
0.000000000000000000e+00
0.000000000000000000e+00
0.000000000000000000e+00
0.000000000000000000e+00
0.000000000000000000e+00
0.000000000000000000e+00
0.000000000000000000e+00
0.000000000000000000e+00
0.000000000000000000e+00
0.000000000000000000e+00
0.000000000000000000e+00
0.000000000000000000e+00
0.000000000000000000e+00
0.000000000000000000e+00
0.000000000000000000e+00
0.000000000000000000e+00
0.000000000000000000e+00
0.000000000000000000e+00
