7.600000000000000000e+02
7.980000000000000000e+02
8.630000000000000000e+02
9.070000000000000000e+02
9.070000000000000000e+02
8.650000000000000000e+02
8.600000000000000000e+02
8.340000000000000000e+02
8.610000000000000000e+02
8.460000000000000000e+02
8.220000000000000000e+02
8.750000000000000000e+02
8.670000000000000000e+02
8.370000000000000000e+02
8.270000000000000000e+02
8.180000000000000000e+02
7.890000000000000000e+02
7.860000000000000000e+02
7.250000000000000000e+02
7.500000000000000000e+02
7.200000000000000000e+02
7.370000000000000000e+02
7.090000000000000000e+02
7.350000000000000000e+02
7.030000000000000000e+02
7.000000000000000000e+02
6.870000000000000000e+02
6.680000000000000000e+02
6.350000000000000000e+02
6.600000000000000000e+02
6.640000000000000000e+02
6.380000000000000000e+02
6.510000000000000000e+02
6.600000000000000000e+02
6.690000000000000000e+02
6.670000000000000000e+02
7.120000000000000000e+02
6.780000000000000000e+02
7.130000000000000000e+02
7.220000000000000000e+02
7.850000000000000000e+02
7.480000000000000000e+02
7.370000000000000000e+02
7.880000000000000000e+02
7.810000000000000000e+02
8.960000000000000000e+02
8.840000000000000000e+02
9.230000000000000000e+02
9.100000000000000000e+02
9.470000000000000000e+02
9.070000000000000000e+02
9.210000000000000000e+02
9.120000000000000000e+02
9.350000000000000000e+02
9.110000000000000000e+02
9.180000000000000000e+02
