1.379508825786646131e-01
1.408123098944354945e-01
1.398347107438016601e-01
1.409179056237879757e-01
1.340528703269200650e-01
1.273962264150943491e-01
1.439572528681439534e-01
1.428998505231689198e-01
1.382759635186819602e-01
1.387957428196530119e-01
1.319424037613870226e-01
1.386988793479842774e-01
1.328113235958439942e-01
1.259591718546402284e-01
1.278075641211418589e-01
1.310672406115481747e-01
1.275137792343214727e-01
1.287067225586089048e-01
1.253283881934786070e-01
1.139025893958076491e-01
1.215145754119138083e-01
1.160067786165459858e-01
1.172016959418534232e-01
1.204439778011099499e-01
1.240786240786240779e-01
1.088222122704881334e-01
1.122801743574327327e-01
1.163164039696439056e-01
1.171604752594375132e-01
1.092411720510894080e-01
1.069246435845213894e-01
1.072633895818048411e-01
1.065468549422336347e-01
9.775967413441954967e-02
9.997110661658480113e-02
9.717914635947422219e-02
1.070835221265669795e-01
9.820133449376269863e-02
9.092235843549328900e-02
1.008415768492543912e-01
9.957433870477348792e-02
1.068004793289394905e-01
1.003105590062111779e-01
1.054511570119583824e-01
1.100061199510403848e-01
1.088703324405230766e-01
1.154443753884400181e-01
1.186803115930960689e-01
1.145374449339207068e-01
1.269307233521945188e-01
1.384638922888616897e-01
