1.482161060142711539e-01
1.402249806051202585e-01
1.361832611832611839e-01
1.419860627177700341e-01
1.410410582374162503e-01
1.405250757320767319e-01
1.362288505145647921e-01
1.440796367446734172e-01
1.371592056546617200e-01
1.326123128119800210e-01
1.293279022403258649e-01
1.247026843357118553e-01
1.382925611582626058e-01
1.258457374830852515e-01
1.237485639258165127e-01
1.143391097519537852e-01
1.277269528501055462e-01
1.238800827015851119e-01
1.250217353503738360e-01
1.165117941386704797e-01
1.176369273165690649e-01
1.278234086242299727e-01
1.087879777850375707e-01
1.164809960681520290e-01
1.111111111111111049e-01
1.073022959183673464e-01
1.118356700358656697e-01
1.108037748128864325e-01
9.844818955448023101e-02
1.028691392582225389e-01
1.041229909154437472e-01
9.838297872340424910e-02
9.666110183639399500e-02
9.853658536585366279e-02
9.824902723735408350e-02
1.035249285487456344e-01
1.015424164524421635e-01
9.975267930750206236e-02
1.103392568659127687e-01
1.052206238887990891e-01
1.086485585735710718e-01
