5.257000000000000000e+03
5.655000000000000000e+03
6.275000000000000000e+03
6.273000000000000000e+03
6.381000000000000000e+03
6.291000000000000000e+03
6.425000000000000000e+03
6.221000000000000000e+03
6.403000000000000000e+03
6.526000000000000000e+03
6.313000000000000000e+03
6.785000000000000000e+03
6.579000000000000000e+03
6.759000000000000000e+03
6.858000000000000000e+03
7.008000000000000000e+03
6.776000000000000000e+03
6.739000000000000000e+03
6.652000000000000000e+03
6.519000000000000000e+03
6.161000000000000000e+03
6.194000000000000000e+03
5.867000000000000000e+03
6.290000000000000000e+03
6.330000000000000000e+03
6.277000000000000000e+03
6.232000000000000000e+03
6.363000000000000000e+03
6.371000000000000000e+03
6.427000000000000000e+03
6.506000000000000000e+03
6.528000000000000000e+03
6.701000000000000000e+03
6.698000000000000000e+03
6.636000000000000000e+03
6.551000000000000000e+03
6.881000000000000000e+03
6.559000000000000000e+03
6.768000000000000000e+03
6.703000000000000000e+03
6.829000000000000000e+03
6.711000000000000000e+03
6.596000000000000000e+03
6.624000000000000000e+03
6.467000000000000000e+03
6.542000000000000000e+03
6.669000000000000000e+03
6.589000000000000000e+03
6.344000000000000000e+03
6.467000000000000000e+03
6.699000000000000000e+03
6.672000000000000000e+03
6.548000000000000000e+03
6.655000000000000000e+03
6.564000000000000000e+03
6.658000000000000000e+03
