2.301495972382048335e-03
2.715546503733876332e-03
1.383125864453665357e-03
2.152080344332854989e-03
1.347708894878706272e-03
6.729475100942126573e-04
2.534854245880861692e-03
3.223726627981946934e-03
3.117206982543641036e-03
2.507836990595611448e-03
3.263707571801566405e-03
1.249219237976264760e-03
5.867014341590612823e-03
4.201680672268907381e-03
3.811944091486658363e-03
1.823708206686929997e-03
3.004807692307692474e-03
1.848428835489833617e-03
3.117206982543641036e-03
3.026634382566585884e-03
1.924310455420141092e-03
1.799640071985602946e-03
3.690036900369003583e-03
1.226241569589209008e-03
3.006614552014431896e-03
4.433185560481317684e-03
2.498438475952529519e-03
2.977963073257891644e-03
3.015681544028950452e-03
5.901639344262295077e-03
3.026634382566585884e-03
3.019323671497584505e-03
7.299270072992700489e-03
7.046764894298526358e-03
7.402837754472547591e-03
1.033434650455927056e-02
1.683291770573566021e-02
1.051980198019802047e-02
1.551831160769708180e-02
8.104738154613466347e-03
9.433962264150943036e-03
5.855562784645412799e-03
6.049606775559588680e-03
6.250000000000000347e-03
1.046153846153846136e-02
1.274271844660194129e-02
8.643617021276596077e-03
5.707038681039949476e-03
8.526187576126675188e-03
1.082381238725195483e-02
1.113861386138613810e-02
1.514195583596214534e-02
9.866511897852581897e-03
1.677419354838709589e-02
1.579279848389134391e-02
2.565668906536347146e-02
2.408894379246448447e-02
2.402957486136783616e-02
1.196473551637279586e-02
1.623571858087793224e-02
1.452937460518003744e-02
1.914486279514996878e-02
2.242744063324538309e-02
2.756410256410256332e-02
1.912045889101338450e-02
5.454545454545454974e-03
8.145363408521302806e-03
3.144654088050314635e-03
5.913272010512483912e-03
4.345127250155182870e-03
3.090234857849196489e-03
2.408187838651414808e-03
3.482298316889146858e-03
1.221747098350641457e-03
1.815980629539951660e-03
3.069367710251688121e-03
1.835985312117503114e-03
1.221747098350641457e-03
3.565062388591800149e-03
3.824091778202676727e-03
2.942907592701589012e-03
2.554278416347382022e-03
1.222493887530562342e-03
1.899936668777707331e-03
1.800720288115246082e-03
3.856749311294766034e-03
2.905287623474723992e-03
2.881844380403458025e-03
5.941770647653000972e-04
6.086427267194156714e-03
6.261740763932373104e-03
1.021634615384615398e-02
1.495215311004784685e-02
2.181818181818181990e-02
1.724137931034482735e-02
4.270896888346553157e-03
1.077844311377245540e-02
9.345794392523363789e-03
9.328358208955223052e-03
1.310043668122270674e-02
