2.810000000000000000e+02
2.390000000000000000e+02
2.020000000000000000e+02
2.150000000000000000e+02
2.350000000000000000e+02
2.350000000000000000e+02
2.690000000000000000e+02
2.440000000000000000e+02
2.490000000000000000e+02
2.410000000000000000e+02
2.380000000000000000e+02
2.350000000000000000e+02
2.450000000000000000e+02
2.530000000000000000e+02
2.380000000000000000e+02
2.550000000000000000e+02
2.610000000000000000e+02
2.380000000000000000e+02
2.530000000000000000e+02
2.830000000000000000e+02
2.520000000000000000e+02
2.640000000000000000e+02
2.680000000000000000e+02
2.420000000000000000e+02
2.510000000000000000e+02
2.480000000000000000e+02
2.510000000000000000e+02
2.160000000000000000e+02
2.500000000000000000e+02
2.460000000000000000e+02
2.260000000000000000e+02
2.210000000000000000e+02
2.150000000000000000e+02
1.770000000000000000e+02
1.860000000000000000e+02
2.070000000000000000e+02
2.210000000000000000e+02
2.580000000000000000e+02
2.410000000000000000e+02
2.730000000000000000e+02
2.240000000000000000e+02
2.690000000000000000e+02
2.410000000000000000e+02
2.240000000000000000e+02
2.360000000000000000e+02
2.150000000000000000e+02
1.870000000000000000e+02
2.050000000000000000e+02
2.310000000000000000e+02
2.420000000000000000e+02
2.040000000000000000e+02
2.220000000000000000e+02
1.880000000000000000e+02
1.870000000000000000e+02
1.400000000000000000e+02
1.350000000000000000e+02
1.830000000000000000e+02
2.010000000000000000e+02
1.810000000000000000e+02
1.870000000000000000e+02
2.030000000000000000e+02
1.970000000000000000e+02
1.570000000000000000e+02
1.420000000000000000e+02
1.260000000000000000e+02
2.370000000000000000e+02
2.380000000000000000e+02
2.070000000000000000e+02
2.250000000000000000e+02
2.490000000000000000e+02
2.370000000000000000e+02
2.420000000000000000e+02
2.310000000000000000e+02
2.310000000000000000e+02
2.350000000000000000e+02
2.720000000000000000e+02
2.420000000000000000e+02
2.620000000000000000e+02
2.750000000000000000e+02
2.570000000000000000e+02
2.470000000000000000e+02
2.820000000000000000e+02
2.360000000000000000e+02
2.760000000000000000e+02
2.660000000000000000e+02
2.710000000000000000e+02
2.310000000000000000e+02
2.370000000000000000e+02
2.410000000000000000e+02
2.280000000000000000e+02
1.840000000000000000e+02
1.750000000000000000e+02
1.510000000000000000e+02
2.060000000000000000e+02
2.170000000000000000e+02
1.950000000000000000e+02
2.070000000000000000e+02
1.790000000000000000e+02
1.800000000000000000e+02
1.800000000000000000e+02
