2.565086603164672852e+00
2.560824632644653320e+00
2.429962635040283203e+00
2.507302999496459961e+00
2.454998254776000977e+00
2.544085502624511719e+00
2.556321382522583008e+00
2.484008789062500000e+00
2.418130159378051758e+00
2.491634845733642578e+00
2.630836486816406250e+00
2.598348140716552734e+00
2.608543634414672852e+00
2.580812931060791016e+00
2.552128553390502930e+00
2.526573896408081055e+00
2.626643419265747070e+00
2.603256225585937500e+00
2.621591091156005859e+00
2.653296232223510742e+00
2.612476825714111328e+00
2.658931493759155273e+00
2.578004360198974609e+00
2.624137878417968750e+00
2.617689609527587891e+00
2.654402494430541992e+00
2.673593044281005859e+00
2.640449762344360352e+00
2.645043849945068359e+00
2.586396694183349609e+00
2.564964532852172852e+00
2.581628322601318359e+00
2.533014535903930664e+00
0.000000000000000000e+00
0.000000000000000000e+00
0.000000000000000000e+00
0.000000000000000000e+00
0.000000000000000000e+00
0.000000000000000000e+00
0.000000000000000000e+00
0.000000000000000000e+00
0.000000000000000000e+00
0.000000000000000000e+00
0.000000000000000000e+00
0.000000000000000000e+00
0.000000000000000000e+00
0.000000000000000000e+00
0.000000000000000000e+00
0.000000000000000000e+00
0.000000000000000000e+00
0.000000000000000000e+00
0.000000000000000000e+00
0.000000000000000000e+00
0.000000000000000000e+00
0.000000000000000000e+00
0.000000000000000000e+00
0.000000000000000000e+00
0.000000000000000000e+00
0.000000000000000000e+00
0.000000000000000000e+00
