5.100000000000000000e+02
4.760000000000000000e+02
5.090000000000000000e+02
5.330000000000000000e+02
5.270000000000000000e+02
5.510000000000000000e+02
5.390000000000000000e+02
5.340000000000000000e+02
5.330000000000000000e+02
5.400000000000000000e+02
5.650000000000000000e+02
5.400000000000000000e+02
5.510000000000000000e+02
5.470000000000000000e+02
5.620000000000000000e+02
5.540000000000000000e+02
5.330000000000000000e+02
5.520000000000000000e+02
5.320000000000000000e+02
5.750000000000000000e+02
5.440000000000000000e+02
5.080000000000000000e+02
4.400000000000000000e+02
3.820000000000000000e+02
3.420000000000000000e+02
3.270000000000000000e+02
4.630000000000000000e+02
5.390000000000000000e+02
5.710000000000000000e+02
6.010000000000000000e+02
5.620000000000000000e+02
6.210000000000000000e+02
6.050000000000000000e+02
5.760000000000000000e+02
5.550000000000000000e+02
5.650000000000000000e+02
5.910000000000000000e+02
5.710000000000000000e+02
5.740000000000000000e+02
6.260000000000000000e+02
