5.210000000000000000e+03
4.824000000000000000e+03
4.927000000000000000e+03
5.058000000000000000e+03
5.128000000000000000e+03
5.015000000000000000e+03
5.143000000000000000e+03
5.175000000000000000e+03
5.410000000000000000e+03
5.375000000000000000e+03
5.398000000000000000e+03
5.334000000000000000e+03
5.358000000000000000e+03
5.138000000000000000e+03
5.213000000000000000e+03
5.223000000000000000e+03
5.601000000000000000e+03
5.222000000000000000e+03
5.461000000000000000e+03
5.409000000000000000e+03
5.575000000000000000e+03
5.569000000000000000e+03
5.697000000000000000e+03
5.335000000000000000e+03
5.373000000000000000e+03
5.191000000000000000e+03
5.009000000000000000e+03
5.143000000000000000e+03
4.955000000000000000e+03
5.071000000000000000e+03
5.300000000000000000e+03
5.381000000000000000e+03
5.220000000000000000e+03
5.263000000000000000e+03
5.246000000000000000e+03
5.299000000000000000e+03
5.071000000000000000e+03
5.485000000000000000e+03
5.417000000000000000e+03
5.517000000000000000e+03
5.338000000000000000e+03
5.593000000000000000e+03
5.427000000000000000e+03
5.402000000000000000e+03
5.225000000000000000e+03
5.314000000000000000e+03
