1.312000000000000000e+03
1.115000000000000000e+03
1.096000000000000000e+03
1.168000000000000000e+03
1.149000000000000000e+03
1.084000000000000000e+03
1.187000000000000000e+03
1.210000000000000000e+03
1.219000000000000000e+03
1.179000000000000000e+03
1.189000000000000000e+03
1.240000000000000000e+03
1.208000000000000000e+03
1.190000000000000000e+03
1.216000000000000000e+03
1.202000000000000000e+03
1.201000000000000000e+03
1.219000000000000000e+03
1.270000000000000000e+03
1.260000000000000000e+03
1.201000000000000000e+03
1.233000000000000000e+03
1.221000000000000000e+03
1.255000000000000000e+03
1.224000000000000000e+03
1.204000000000000000e+03
1.299000000000000000e+03
1.289000000000000000e+03
1.253000000000000000e+03
1.204000000000000000e+03
1.203000000000000000e+03
1.200000000000000000e+03
1.175000000000000000e+03
1.235000000000000000e+03
1.257000000000000000e+03
1.256000000000000000e+03
1.175000000000000000e+03
1.229000000000000000e+03
1.259000000000000000e+03
1.219000000000000000e+03
1.238000000000000000e+03
1.239000000000000000e+03
1.236000000000000000e+03
1.277000000000000000e+03
1.201000000000000000e+03
1.278000000000000000e+03
1.254000000000000000e+03
1.270000000000000000e+03
1.229000000000000000e+03
1.246000000000000000e+03
1.198000000000000000e+03
1.233000000000000000e+03
1.203000000000000000e+03
1.237000000000000000e+03
1.252000000000000000e+03
1.248000000000000000e+03
1.187000000000000000e+03
1.318000000000000000e+03
1.238000000000000000e+03
1.241000000000000000e+03
1.265000000000000000e+03
1.207000000000000000e+03
1.171000000000000000e+03
1.278000000000000000e+03
1.200000000000000000e+03
1.183000000000000000e+03
1.247000000000000000e+03
1.304000000000000000e+03
1.203000000000000000e+03
1.224000000000000000e+03
1.198000000000000000e+03
1.214000000000000000e+03
1.143000000000000000e+03
1.190000000000000000e+03
1.234000000000000000e+03
1.258000000000000000e+03
1.244000000000000000e+03
1.272000000000000000e+03
1.286000000000000000e+03
1.215000000000000000e+03
1.234000000000000000e+03
1.157000000000000000e+03
1.219000000000000000e+03
1.191000000000000000e+03
1.206000000000000000e+03
1.215000000000000000e+03
1.160000000000000000e+03
1.168000000000000000e+03
1.213000000000000000e+03
1.232000000000000000e+03
1.242000000000000000e+03
1.216000000000000000e+03
1.290000000000000000e+03
1.214000000000000000e+03
1.257000000000000000e+03
1.241000000000000000e+03
1.272000000000000000e+03
1.191000000000000000e+03
1.280000000000000000e+03
1.199000000000000000e+03
