2.630000000000000000e+02
2.070000000000000000e+02
2.610000000000000000e+02
2.360000000000000000e+02
2.480000000000000000e+02
2.530000000000000000e+02
2.550000000000000000e+02
2.320000000000000000e+02
2.470000000000000000e+02
2.410000000000000000e+02
2.490000000000000000e+02
2.700000000000000000e+02
2.520000000000000000e+02
2.660000000000000000e+02
2.610000000000000000e+02
2.660000000000000000e+02
2.440000000000000000e+02
2.670000000000000000e+02
3.020000000000000000e+02
2.410000000000000000e+02
2.580000000000000000e+02
2.650000000000000000e+02
2.630000000000000000e+02
2.840000000000000000e+02
2.600000000000000000e+02
2.730000000000000000e+02
2.540000000000000000e+02
2.460000000000000000e+02
2.250000000000000000e+02
2.500000000000000000e+02
2.290000000000000000e+02
2.250000000000000000e+02
2.810000000000000000e+02
2.180000000000000000e+02
2.370000000000000000e+02
2.410000000000000000e+02
1.510000000000000000e+02
2.230000000000000000e+02
2.740000000000000000e+02
2.710000000000000000e+02
2.240000000000000000e+02
2.720000000000000000e+02
2.500000000000000000e+02
2.640000000000000000e+02
2.640000000000000000e+02
2.640000000000000000e+02
2.370000000000000000e+02
2.590000000000000000e+02
2.730000000000000000e+02
2.390000000000000000e+02
2.320000000000000000e+02
2.920000000000000000e+02
2.640000000000000000e+02
2.800000000000000000e+02
2.620000000000000000e+02
2.730000000000000000e+02
2.800000000000000000e+02
2.540000000000000000e+02
2.600000000000000000e+02
2.480000000000000000e+02
2.430000000000000000e+02
2.330000000000000000e+02
2.420000000000000000e+02
2.570000000000000000e+02
2.500000000000000000e+02
2.300000000000000000e+02
2.290000000000000000e+02
2.500000000000000000e+02
2.170000000000000000e+02
2.200000000000000000e+02
2.360000000000000000e+02
1.900000000000000000e+02
1.460000000000000000e+02
2.900000000000000000e+01
1.070000000000000000e+02
1.380000000000000000e+02
1.710000000000000000e+02
2.160000000000000000e+02
2.170000000000000000e+02
2.090000000000000000e+02
2.180000000000000000e+02
2.260000000000000000e+02
2.220000000000000000e+02
2.310000000000000000e+02
2.310000000000000000e+02
2.630000000000000000e+02
2.410000000000000000e+02
2.430000000000000000e+02
2.380000000000000000e+02
2.570000000000000000e+02
2.500000000000000000e+02
2.290000000000000000e+02
2.970000000000000000e+02
2.330000000000000000e+02
2.430000000000000000e+02
2.640000000000000000e+02
2.530000000000000000e+02
2.810000000000000000e+02
2.460000000000000000e+02
2.410000000000000000e+02
