1.738000000000000000e+03
1.473000000000000000e+03
1.446000000000000000e+03
1.394000000000000000e+03
1.484000000000000000e+03
1.486000000000000000e+03
1.578000000000000000e+03
1.551000000000000000e+03
1.604000000000000000e+03
1.595000000000000000e+03
1.532000000000000000e+03
1.601000000000000000e+03
1.534000000000000000e+03
1.666000000000000000e+03
1.574000000000000000e+03
1.645000000000000000e+03
1.664000000000000000e+03
1.623000000000000000e+03
1.604000000000000000e+03
1.652000000000000000e+03
1.559000000000000000e+03
1.667000000000000000e+03
1.626000000000000000e+03
1.631000000000000000e+03
1.663000000000000000e+03
1.579000000000000000e+03
1.601000000000000000e+03
1.679000000000000000e+03
1.658000000000000000e+03
1.525000000000000000e+03
1.652000000000000000e+03
1.656000000000000000e+03
1.644000000000000000e+03
1.561000000000000000e+03
1.621000000000000000e+03
1.645000000000000000e+03
1.604000000000000000e+03
1.616000000000000000e+03
1.611000000000000000e+03
1.604000000000000000e+03
1.590000000000000000e+03
1.537000000000000000e+03
1.653000000000000000e+03
1.600000000000000000e+03
1.625000000000000000e+03
1.648000000000000000e+03
1.504000000000000000e+03
1.577000000000000000e+03
1.642000000000000000e+03
1.663000000000000000e+03
1.616000000000000000e+03
1.585000000000000000e+03
1.723000000000000000e+03
1.550000000000000000e+03
1.583000000000000000e+03
1.637000000000000000e+03
1.619000000000000000e+03
1.623000000000000000e+03
1.588000000000000000e+03
1.663000000000000000e+03
1.583000000000000000e+03
1.567000000000000000e+03
1.516000000000000000e+03
1.560000000000000000e+03
1.569000000000000000e+03
1.650000000000000000e+03
1.596000000000000000e+03
1.590000000000000000e+03
1.522000000000000000e+03
1.611000000000000000e+03
1.618000000000000000e+03
1.661000000000000000e+03
1.723000000000000000e+03
1.637000000000000000e+03
1.652000000000000000e+03
1.629000000000000000e+03
1.634000000000000000e+03
1.637000000000000000e+03
1.683000000000000000e+03
1.569000000000000000e+03
1.699000000000000000e+03
1.566000000000000000e+03
1.636000000000000000e+03
1.579000000000000000e+03
1.666000000000000000e+03
1.815000000000000000e+03
1.721000000000000000e+03
1.735000000000000000e+03
1.683000000000000000e+03
1.643000000000000000e+03
1.597000000000000000e+03
1.664000000000000000e+03
1.672000000000000000e+03
1.650000000000000000e+03
1.682000000000000000e+03
1.639000000000000000e+03
1.670000000000000000e+03
1.605000000000000000e+03
1.608000000000000000e+03
1.603000000000000000e+03
