1.196000000000000085e+01
1.197100000000000009e+01
1.197100000000000009e+01
1.196499999999999986e+01
1.196299999999999919e+01
1.196100000000000030e+01
1.195700000000000074e+01
1.196899999999999942e+01
1.196299999999999919e+01
1.196499999999999986e+01
1.196599999999999930e+01
1.196299999999999919e+01
1.196100000000000030e+01
1.196499999999999986e+01
1.196000000000000085e+01
1.196000000000000085e+01
1.196000000000000085e+01
1.195700000000000074e+01
1.195700000000000074e+01
1.195700000000000074e+01
1.194800000000000040e+01
1.194899999999999984e+01
1.194800000000000040e+01
1.194999999999999929e+01
1.195199999999999996e+01
1.194999999999999929e+01
1.195299999999999940e+01
1.194999999999999929e+01
1.194500000000000028e+01
1.194500000000000028e+01
1.194899999999999984e+01
1.194800000000000040e+01
1.194299999999999962e+01
1.194400000000000084e+01
1.194400000000000084e+01
1.194599999999999973e+01
1.194999999999999929e+01
1.194299999999999962e+01
1.194400000000000084e+01
1.194599999999999973e+01
1.194899999999999984e+01
1.194599999999999973e+01
1.194100000000000072e+01
1.194800000000000040e+01
1.194500000000000028e+01
1.194599999999999973e+01
1.194400000000000084e+01
1.194299999999999962e+01
1.194400000000000084e+01
1.194100000000000072e+01
1.194500000000000028e+01
1.194800000000000040e+01
1.194500000000000028e+01
1.193900000000000006e+01
1.194100000000000072e+01
1.194100000000000072e+01
1.194299999999999962e+01
1.194400000000000084e+01
1.194400000000000084e+01
1.193900000000000006e+01
1.194400000000000084e+01
1.194400000000000084e+01
1.193599999999999994e+01
1.193999999999999950e+01
1.193999999999999950e+01
1.194299999999999962e+01
1.194400000000000084e+01
1.194299999999999962e+01
1.193999999999999950e+01
1.194400000000000084e+01
1.194100000000000072e+01
1.193900000000000006e+01
1.194299999999999962e+01
1.194400000000000084e+01
1.193900000000000006e+01
1.193599999999999994e+01
1.194400000000000084e+01
1.193500000000000050e+01
1.193999999999999950e+01
1.193900000000000006e+01
1.193900000000000006e+01
1.194400000000000084e+01
1.193699999999999939e+01
1.193599999999999994e+01
1.193599999999999994e+01
1.192200000000000060e+01
1.191900000000000048e+01
1.192600000000000016e+01
1.192300000000000004e+01
1.192200000000000060e+01
1.192200000000000060e+01
1.192200000000000060e+01
1.192699999999999960e+01
1.192200000000000060e+01
1.192200000000000060e+01
1.192300000000000004e+01
1.192200000000000060e+01
1.192300000000000004e+01
1.192399999999999949e+01
1.192300000000000004e+01
