2.900000000000000000e+01
2.400000000000000000e+01
2.200000000000000000e+01
2.300000000000000000e+01
1.700000000000000000e+01
2.700000000000000000e+01
2.700000000000000000e+01
2.400000000000000000e+01
2.700000000000000000e+01
2.100000000000000000e+01
2.800000000000000000e+01
3.000000000000000000e+01
4.000000000000000000e+01
3.000000000000000000e+01
3.000000000000000000e+01
4.000000000000000000e+01
3.700000000000000000e+01
4.000000000000000000e+01
6.400000000000000000e+01
5.400000000000000000e+01
9.400000000000000000e+01
7.600000000000000000e+01
7.300000000000000000e+01
9.200000000000000000e+01
1.060000000000000000e+02
1.160000000000000000e+02
1.080000000000000000e+02
1.100000000000000000e+02
1.270000000000000000e+02
1.300000000000000000e+02
9.700000000000000000e+01
7.700000000000000000e+01
7.300000000000000000e+01
6.200000000000000000e+01
5.800000000000000000e+01
3.600000000000000000e+01
3.200000000000000000e+01
3.500000000000000000e+01
3.200000000000000000e+01
3.100000000000000000e+01
3.400000000000000000e+01
3.800000000000000000e+01
2.700000000000000000e+01
2.800000000000000000e+01
3.100000000000000000e+01
2.900000000000000000e+01
2.400000000000000000e+01
2.100000000000000000e+01
2.000000000000000000e+01
2.500000000000000000e+01
1.300000000000000000e+01
