1.485000000000000000e+03
1.187000000000000000e+03
1.128000000000000000e+03
1.846000000000000000e+03
1.706000000000000000e+03
1.378000000000000000e+03
1.436000000000000000e+03
1.235000000000000000e+03
1.457000000000000000e+03
1.223000000000000000e+03
1.384000000000000000e+03
1.551000000000000000e+03
1.395000000000000000e+03
1.511000000000000000e+03
1.432000000000000000e+03
1.496000000000000000e+03
1.260000000000000000e+03
1.956000000000000000e+03
1.862000000000000000e+03
1.878000000000000000e+03
2.020000000000000000e+03
1.738000000000000000e+03
1.881000000000000000e+03
1.812000000000000000e+03
1.787000000000000000e+03
1.798000000000000000e+03
1.932000000000000000e+03
1.846000000000000000e+03
1.781000000000000000e+03
1.414000000000000000e+03
1.521000000000000000e+03
1.933000000000000000e+03
1.776000000000000000e+03
0.000000000000000000e+00
0.000000000000000000e+00
0.000000000000000000e+00
0.000000000000000000e+00
0.000000000000000000e+00
0.000000000000000000e+00
0.000000000000000000e+00
0.000000000000000000e+00
0.000000000000000000e+00
0.000000000000000000e+00
0.000000000000000000e+00
0.000000000000000000e+00
0.000000000000000000e+00
0.000000000000000000e+00
0.000000000000000000e+00
0.000000000000000000e+00
0.000000000000000000e+00
0.000000000000000000e+00
0.000000000000000000e+00
0.000000000000000000e+00
0.000000000000000000e+00
0.000000000000000000e+00
0.000000000000000000e+00
0.000000000000000000e+00
0.000000000000000000e+00
0.000000000000000000e+00
0.000000000000000000e+00
