1.344344152102938394e-01
1.316450802242412621e-01
1.354376949899064042e-01
1.345182413470533134e-01
1.339253996447602180e-01
1.350488021295474794e-01
1.310333388621661987e-01
1.335771508185301382e-01
1.387985623823378423e-01
1.345787925964365972e-01
1.333220682663061873e-01
1.284217641094964613e-01
1.291204099060631882e-01
1.265334735366281105e-01
1.282504864673624512e-01
1.201991465149359894e-01
1.230357142857142899e-01
1.121591493740353301e-01
1.120246659815005152e-01
8.402203856749311528e-02
8.598066298342540992e-02
8.884332820775669992e-02
9.057655460721128482e-02
7.777202966028626263e-02
7.548814504881450060e-02
6.496478873239436291e-02
6.713716974303293727e-02
6.838987614431879525e-02
7.556390977443609713e-02
7.315302232710110819e-02
8.483882394615657740e-02
9.618208516886930792e-02
1.105947955390334525e-01
1.150118851709636125e-01
1.244913059563448055e-01
1.231687466087900140e-01
1.260791366906474920e-01
1.328891356653710831e-01
1.210374639769452448e-01
1.296587926509186472e-01
1.375632682574114141e-01
1.324383164005805413e-01
1.282798833819241979e-01
1.460369163952225935e-01
1.303501945525291916e-01
1.277437927311982635e-01
1.411209867585706546e-01
1.251596424010217035e-01
1.371776504297994304e-01
1.390506440797600052e-01
1.287409243846290019e-01
