2.370000000000000000e+02
2.010000000000000000e+02
2.010000000000000000e+02
2.160000000000000000e+02
2.260000000000000000e+02
2.250000000000000000e+02
2.220000000000000000e+02
2.480000000000000000e+02
2.700000000000000000e+02
2.380000000000000000e+02
1.790000000000000000e+02
2.360000000000000000e+02
2.290000000000000000e+02
2.150000000000000000e+02
2.320000000000000000e+02
2.280000000000000000e+02
2.190000000000000000e+02
2.030000000000000000e+02
2.030000000000000000e+02
2.470000000000000000e+02
2.300000000000000000e+02
2.010000000000000000e+02
1.690000000000000000e+02
2.720000000000000000e+02
2.140000000000000000e+02
2.330000000000000000e+02
2.320000000000000000e+02
2.230000000000000000e+02
2.750000000000000000e+02
2.140000000000000000e+02
2.060000000000000000e+02
2.150000000000000000e+02
2.200000000000000000e+02
2.020000000000000000e+02
2.190000000000000000e+02
2.230000000000000000e+02
2.300000000000000000e+02
2.150000000000000000e+02
2.510000000000000000e+02
2.240000000000000000e+02
2.300000000000000000e+02
2.340000000000000000e+02
2.530000000000000000e+02
2.470000000000000000e+02
2.000000000000000000e+02
2.200000000000000000e+02
2.300000000000000000e+02
2.290000000000000000e+02
2.460000000000000000e+02
2.450000000000000000e+02
2.310000000000000000e+02
2.130000000000000000e+02
2.110000000000000000e+02
2.380000000000000000e+02
2.320000000000000000e+02
2.440000000000000000e+02
2.510000000000000000e+02
2.570000000000000000e+02
2.300000000000000000e+02
2.600000000000000000e+02
2.600000000000000000e+02
2.290000000000000000e+02
1.990000000000000000e+02
1.920000000000000000e+02
1.620000000000000000e+02
1.760000000000000000e+02
2.040000000000000000e+02
1.880000000000000000e+02
2.180000000000000000e+02
2.030000000000000000e+02
2.110000000000000000e+02
2.010000000000000000e+02
2.140000000000000000e+02
1.810000000000000000e+02
1.610000000000000000e+02
1.010000000000000000e+02
7.200000000000000000e+01
1.190000000000000000e+02
1.570000000000000000e+02
6.400000000000000000e+01
6.600000000000000000e+01
1.300000000000000000e+02
1.840000000000000000e+02
1.940000000000000000e+02
2.040000000000000000e+02
2.250000000000000000e+02
1.860000000000000000e+02
1.950000000000000000e+02
1.420000000000000000e+02
1.470000000000000000e+02
6.800000000000000000e+01
3.700000000000000000e+01
2.800000000000000000e+01
5.300000000000000000e+01
5.700000000000000000e+01
7.000000000000000000e+01
9.600000000000000000e+01
1.280000000000000000e+02
1.360000000000000000e+02
1.500000000000000000e+02
