8.650519031141868775e-04
2.964426877470355531e-03
1.934235976789168291e-03
9.025270758122744003e-04
2.702702702702702853e-03
2.808988764044943742e-03
9.285051067780872823e-04
8.764241893076249110e-04
9.066183136899365336e-04
2.780352177942539433e-03
8.748906386701662532e-04
3.542958370239149800e-03
2.561912894961571388e-03
1.683501683501683428e-03
1.676445934618608566e-03
2.516778523489932723e-03
2.617801047120419007e-03
1.628664495114006587e-03
3.333333333333333547e-03
1.626016260162601625e-03
1.712328767123287576e-03
3.392705682782018624e-03
0.000000000000000000e+00
1.715265866209262410e-03
8.496176720475786051e-04
3.159557661927330126e-03
3.955696202531645833e-03
1.673640167364016636e-03
5.862646566164153757e-03
5.892255892255892323e-03
3.593890386343216725e-03
3.244120032441200410e-03
1.689189189189189283e-03
4.118616144975288142e-03
1.612903225806451612e-03
8.892481810832660385e-03
1.332223147377185717e-02
4.159733777038269326e-03
3.344481605351170509e-03
4.152823920265781045e-03
6.628003314001656640e-03
6.584362139917695339e-03
6.120887528691660098e-03
2.597402597402597400e-03
1.583531274742676093e-03
4.065040650406504495e-03
2.461033634126333098e-03
1.583531274742676093e-03
5.546751188589540624e-03
7.855459544383346961e-04
4.139072847682119527e-03
4.061738424045491062e-03
1.672240802675585255e-03
1.616814874696847126e-03
3.894080996884735201e-03
2.394253790901835609e-03
2.272727272727272617e-03
2.435064935064935009e-03
4.683840749414519902e-03
4.068348250610252445e-03
2.962962962962962816e-03
3.286770747740344958e-03
7.194244604316547137e-03
8.899676375404530840e-03
5.833333333333333599e-03
8.750994431185361508e-03
7.014809041309431024e-03
6.472491909385113575e-03
8.507347254447022653e-03
1.095197978096040456e-02
1.099764336213668488e-02
1.640625000000000069e-02
3.010577705451586775e-02
5.361494719740048792e-02
3.541315345699831696e-02
2.609427609427609346e-02
1.721311475409836173e-02
1.348136399682791503e-02
1.006711409395973089e-02
1.629991850040749674e-02
1.919999999999999832e-02
2.310231023102310086e-02
1.332288401253918508e-02
1.088646967340591021e-02
9.561752988047808252e-03
8.416220351951032852e-03
3.157063930544593520e-03
4.091653027823240890e-03
1.526717557251908381e-03
3.659652333028362483e-03
3.858024691358024477e-03
3.254678600488201696e-03
3.238866396761133463e-03
7.923930269413629462e-04
3.039513677811550140e-03
2.439024390243902437e-03
2.516778523489932723e-03
2.313030069390902086e-03
3.238866396761133463e-03
4.314063848144952633e-03
