3.431185665268776056e-03
2.610966057441253298e-03
3.403096818104475209e-03
4.127966976264189555e-03
4.253230819564861494e-03
3.942828979793001724e-03
2.327127659574467974e-03
4.834944981660553934e-03
3.932492216942487517e-03
3.320604349991698387e-03
3.797886393659181091e-03
6.237688772160209817e-03
3.105590062111801032e-03
3.335980937251787140e-03
4.024468770122344163e-03
5.535983895319577554e-03
3.759398496240601295e-03
4.847645429362880572e-03
5.581562837594526705e-03
5.789473684210526619e-03
5.723204994797086685e-03
7.045884172538236824e-03
9.059233449477352776e-03
1.517586145331190940e-02
1.017675415104445612e-02
1.180698151950718665e-02
1.142245225771907832e-02
9.420289855072464316e-03
8.607061303354996556e-03
1.029309141660851405e-02
9.882433123189640276e-03
7.202680067001675408e-03
6.256173855778729420e-03
8.185766789174741750e-03
5.100414408670704211e-03
4.942339373970345597e-03
6.216972334473111830e-03
4.984216647283602232e-03
2.710891404879604664e-03
4.662781015820150268e-03
4.002668445630420610e-03
3.678402522333158384e-03
3.631333218052913876e-03
3.161777621640611113e-03
3.780718336483932050e-03
3.220884895745041322e-03
