1.576044129235618704e-03
1.904761904761904760e-03
3.864734299516908115e-03
3.524229074889867995e-03
3.457216940363007883e-03
3.457216940363007883e-03
8.771929824561403672e-04
3.398470688190314420e-03
2.423263327948303649e-03
2.491694352159468280e-03
2.331002331002331000e-03
7.905138339920948515e-04
2.548853016142735815e-03
8.368200836820083180e-04
3.327787021630615721e-03
7.867820613690007861e-04
4.226542688081150016e-03
2.255639097744361037e-03
1.557632398753894037e-03
2.433090024330900308e-03
8.382229673093042829e-04
2.557544757033248291e-03
1.527883880825057269e-03
4.128819157720891621e-03
0.000000000000000000e+00
7.987220447284344715e-04
4.846526655896607298e-03
0.000000000000000000e+00
4.012841091492776527e-03
7.281553398058252663e-03
4.811547714514835539e-03
4.893964110929852757e-03
4.788507581803671219e-03
3.262642740619902271e-03
3.825554705432287778e-03
9.143807148794680026e-03
1.331245105716523033e-02
2.365930599369085209e-03
8.384146341463415142e-03
6.130268199233716679e-03
1.523229246001523264e-03
3.117692907248636059e-03
3.215434083601286137e-03
7.861635220125786586e-04
8.347245409015025290e-04
6.289308176100629269e-03
3.952569169960474041e-03
1.607717041800643069e-03
3.147128245476003144e-03
3.105590062111801032e-03
3.984063745019920250e-03
1.629991850040749717e-03
3.249390739236393023e-03
3.207698476343223692e-03
1.629991850040749717e-03
4.743083003952569543e-03
1.539645881447267032e-03
5.163511187607573542e-03
4.934210526315789200e-03
2.281368821292775739e-03
3.215434083601286137e-03
2.248875562218890373e-03
0.000000000000000000e+00
7.710100231303007243e-03
1.555209953343701396e-03
3.072196620583717355e-03
6.324110671936758812e-03
4.460966542750929506e-03
5.658852061438964832e-03
1.076923076923076879e-02
5.573248407643311732e-03
1.547231270358306182e-02
4.183757178014765876e-02
3.898170246618933715e-02
2.412645590682196278e-02
1.988400994200497165e-02
1.526717557251908337e-02
5.524861878453038444e-03
1.188455008488964286e-02
1.366353543979504682e-02
1.411764705882352991e-02
9.508716323296355355e-03
1.086956521739130405e-02
1.134521880064829832e-02
5.343511450381679441e-03
5.695687550854353076e-03
8.333333333333333868e-04
1.574803149606299191e-03
2.323780015491866587e-03
1.581027667984189703e-03
2.409638554216867682e-03
2.369668246445497811e-03
6.001500375093773640e-03
5.132591958939264516e-03
4.901960784313725422e-03
0.000000000000000000e+00
2.396166134185303415e-03
1.554001554001554000e-03
4.830917874396135035e-03
1.669449081803005058e-03
