1.651000000000000000e+03
1.455000000000000000e+03
1.492000000000000000e+03
1.468000000000000000e+03
1.461000000000000000e+03
1.619000000000000000e+03
1.649000000000000000e+03
1.546000000000000000e+03
1.594000000000000000e+03
1.577000000000000000e+03
1.546000000000000000e+03
1.587000000000000000e+03
1.571000000000000000e+03
1.667000000000000000e+03
1.600000000000000000e+03
1.619000000000000000e+03
1.594000000000000000e+03
1.596000000000000000e+03
1.705000000000000000e+03
1.676000000000000000e+03
1.544000000000000000e+03
1.609000000000000000e+03
1.632000000000000000e+03
1.695000000000000000e+03
1.614000000000000000e+03
1.689000000000000000e+03
1.709000000000000000e+03
1.642000000000000000e+03
1.637000000000000000e+03
1.608000000000000000e+03
1.692000000000000000e+03
1.705000000000000000e+03
1.616000000000000000e+03
1.534000000000000000e+03
1.644000000000000000e+03
1.664000000000000000e+03
1.619000000000000000e+03
1.487000000000000000e+03
1.702000000000000000e+03
1.694000000000000000e+03
1.681000000000000000e+03
1.722000000000000000e+03
1.679000000000000000e+03
1.618000000000000000e+03
1.678000000000000000e+03
1.570000000000000000e+03
1.676000000000000000e+03
1.625000000000000000e+03
1.660000000000000000e+03
1.616000000000000000e+03
1.633000000000000000e+03
1.647000000000000000e+03
1.630000000000000000e+03
1.551000000000000000e+03
1.590000000000000000e+03
1.585000000000000000e+03
1.601000000000000000e+03
1.615000000000000000e+03
1.639000000000000000e+03
1.560000000000000000e+03
1.556000000000000000e+03
1.636000000000000000e+03
1.716000000000000000e+03
1.625000000000000000e+03
1.689000000000000000e+03
1.648000000000000000e+03
1.640000000000000000e+03
1.676000000000000000e+03
1.681000000000000000e+03
1.753000000000000000e+03
1.607000000000000000e+03
1.669000000000000000e+03
1.668000000000000000e+03
1.669000000000000000e+03
1.655000000000000000e+03
1.626000000000000000e+03
1.625000000000000000e+03
1.614000000000000000e+03
1.668000000000000000e+03
1.664000000000000000e+03
1.678000000000000000e+03
1.672000000000000000e+03
1.694000000000000000e+03
1.659000000000000000e+03
1.622000000000000000e+03
1.609000000000000000e+03
1.576000000000000000e+03
1.588000000000000000e+03
1.610000000000000000e+03
1.600000000000000000e+03
1.634000000000000000e+03
1.622000000000000000e+03
1.628000000000000000e+03
1.537000000000000000e+03
1.552000000000000000e+03
1.547000000000000000e+03
1.522000000000000000e+03
1.556000000000000000e+03
1.569000000000000000e+03
1.539000000000000000e+03
