1.559074299634591876e-01
1.543574593796159522e-01
1.364590622813156018e-01
1.708238851095993938e-01
1.350762527233115573e-01
1.451505016722408059e-01
1.411432604093154630e-01
1.512163050624589222e-01
1.296905859117840620e-01
1.392649903288201152e-01
1.517460317460317398e-01
1.541822721598002377e-01
1.316455696202531722e-01
1.325524044389642386e-01
1.386953768207726534e-01
1.393939393939394034e-01
1.583034647550776719e-01
1.461159062885326876e-01
1.422492401215805502e-01
1.431995206710605095e-01
1.341756919374247903e-01
1.502958579881656931e-01
1.464737793851717818e-01
1.357439241256668538e-01
1.353919239904988192e-01
1.453143534994068842e-01
1.405436668594563232e-01
1.428571428571428492e-01
1.438979963570127529e-01
1.504796163069544446e-01
1.201334816462736321e-01
1.436233611442193081e-01
1.334951456310679574e-01
1.221183800623052984e-01
1.125748502994012024e-01
1.238832638475282910e-01
1.320868516284680327e-01
1.334509112286890176e-01
1.577946768060836391e-01
1.425149700598802305e-01
1.362284354550862553e-01
1.396882494004796083e-01
1.432024169184289986e-01
1.324503311258278249e-01
1.283822682786413261e-01
1.129125651418644988e-01
1.186059584035975278e-01
1.234640140433001798e-01
1.291691934505761197e-01
1.149825783972125426e-01
1.258045640725570513e-01
1.345679012345679104e-01
1.048243001786777900e-01
1.144538914323087048e-01
8.365758754863812652e-02
8.692893401015228116e-02
6.989924433249369851e-02
1.037170263788968760e-01
1.374775851763299361e-01
1.161026837806301004e-01
1.199284009546539437e-01
1.412462908011869467e-01
1.446094254357650211e-01
1.261792452830188815e-01
8.616504854368932376e-02
4.209260372820204654e-02
1.085365853658536578e-01
1.326209930861093622e-01
1.382316313823163112e-01
1.377393452748610359e-01
1.376201923076923184e-01
1.307066916823014513e-01
1.439999999999999891e-01
1.440233236151603480e-01
1.299235743680188238e-01
1.397146254458977443e-01
1.456185567010309378e-01
1.543450064850843129e-01
1.497005988023951961e-01
1.306471306471306548e-01
1.463414634146341375e-01
1.337243401759530825e-01
1.404761904761904767e-01
1.497877501516070298e-01
1.161731207289293799e-01
1.279139270771069981e-01
1.375358166189111775e-01
1.167155425219941339e-01
1.350364963503649651e-01
1.394557823129251584e-01
1.294697903822441543e-01
1.081081081081081141e-01
9.677419354838709409e-02
1.358024691358024616e-01
1.446886446886447020e-01
1.286407766990291246e-01
1.390433815350389235e-01
1.494937462775461634e-01
1.181923522595596798e-01
9.900990099009901457e-02
