2.061933534743202456e-01
2.578361981799797698e-01
1.978984238178634059e-01
2.005323868677905963e-01
1.676445934618608635e-01
2.037671232876712424e-01
1.963824289405684820e-01
2.207578253706754534e-01
2.188841201716738294e-01
1.983122362869198241e-01
1.988590057049714754e-01
2.014331210191082910e-01
2.047808764940239057e-01
2.191142191142191054e-01
2.248995983935742904e-01
1.941896024464831727e-01
2.176814011676397043e-01
2.322834645669291376e-01
2.168387609213661693e-01
2.031372549019607732e-01
1.900452488687782715e-01
2.182985553772070764e-01
2.152950955943474520e-01
2.140015910898965812e-01
2.161084529505582219e-01
2.022471910112359494e-01
1.950655358519660654e-01
1.933579335793357834e-01
1.782178217821782096e-01
1.901408450704225317e-01
2.009724473257698540e-01
1.970055161544523314e-01
2.017067494181536136e-01
1.948676824378508532e-01
2.072368421052631637e-01
1.589403973509933843e-01
1.558232931726907522e-01
2.031620553359683723e-01
2.092457420924574152e-01
1.868223519599666316e-01
1.608391608391608329e-01
1.844029244516653121e-01
1.639085894405043209e-01
1.897753679318357756e-01
2.320534223706176846e-01
1.827079934747145307e-01
1.858134155744024796e-01
1.853312302839116854e-01
1.732283464566929110e-01
2.079681274900398447e-01
2.126482213438735114e-01
2.084664536741213936e-01
1.963434022257551648e-01
1.990251827782290872e-01
2.065378900445765109e-01
2.127490039840637392e-01
2.239669421487603396e-01
2.000000000000000111e-01
1.993464052287581834e-01
1.817447495961227732e-01
1.838351822503961897e-01
1.822429906542056000e-01
1.877104377104377164e-01
1.840591618734593315e-01
1.908809891808346260e-01
1.934673366834170904e-01
1.838417147568013055e-01
1.696779261586802701e-01
1.577649958915365580e-01
1.511914543960558854e-01
1.585466556564822382e-01
1.232423490488006590e-01
2.564102564102564014e-02
1.057304277643260626e-01
1.288295365278868676e-01
1.365740740740740700e-01
1.473448017950635680e-01
1.790030211480362621e-01
1.617873651771956911e-01
1.605222734254992401e-01
1.632653061224489666e-01
1.920199501246882823e-01
2.033472803347280422e-01
2.188805346700083421e-01
2.010785824345146244e-01
2.099056603773584995e-01
2.105672105672105610e-01
1.949486977111286601e-01
1.995430312261995409e-01
1.988041853512705626e-01
1.926605504587156070e-01
2.300395256916996090e-01
1.935483870967741882e-01
2.156862745098039325e-01
2.020933977455716679e-01
2.007782101167315258e-01
1.867517956903431697e-01
1.930232558139534926e-01
2.087175188600167708e-01
1.983999999999999930e-01
