2.298460245132446289e+00
2.302030563354492188e+00
2.325839757919311523e+00
2.313013553619384766e+00
2.238983392715454102e+00
2.226689100265502930e+00
2.231078386306762695e+00
2.285336971282958984e+00
2.271770715713500977e+00
2.292670011520385742e+00
2.346130847930908203e+00
2.283855676651000977e+00
2.294780969619750977e+00
2.245779991149902344e+00
2.292933464050292969e+00
2.339965105056762695e+00
2.165632247924804688e+00
2.251797914505004883e+00
2.292532205581665039e+00
2.391580104827880859e+00
2.232483863830566406e+00
2.320879936218261719e+00
2.291981697082519531e+00
2.275881767272949219e+00
2.264150381088256836e+00
2.288524627685546875e+00
2.250095844268798828e+00
2.348492860794067383e+00
2.260719299316406250e+00
2.292404174804687500e+00
2.330017566680908203e+00
2.322424888610839844e+00
2.255515813827514648e+00
2.284144639968872070e+00
2.353007555007934570e+00
2.256689548492431641e+00
2.303495883941650391e+00
2.307709217071533203e+00
2.249676227569580078e+00
2.263420820236206055e+00
2.293019771575927734e+00
2.290060520172119141e+00
2.325926303863525391e+00
2.213363647460937500e+00
2.248024225234985352e+00
2.217812538146972656e+00
2.326736688613891602e+00
2.260375976562500000e+00
2.295208692550659180e+00
2.297275066375732422e+00
2.372717380523681641e+00
2.228367805480957031e+00
2.356419086456298828e+00
2.239890336990356445e+00
2.361347436904907227e+00
2.270461797714233398e+00
2.291498184204101562e+00
2.252292156219482422e+00
2.259028434753417969e+00
2.218783378601074219e+00
2.289622068405151367e+00
2.327184200286865234e+00
2.266520738601684570e+00
2.283214330673217773e+00
2.309740304946899414e+00
2.321231603622436523e+00
2.265326261520385742e+00
2.313553810119628906e+00
2.278087854385375977e+00
2.255793571472167969e+00
2.247422695159912109e+00
2.224741220474243164e+00
2.247476100921630859e+00
2.236274719238281250e+00
2.279242277145385742e+00
2.281353473663330078e+00
2.340799808502197266e+00
2.276309013366699219e+00
2.229322671890258789e+00
2.298985958099365234e+00
2.337676048278808594e+00
2.274174451828002930e+00
2.271495342254638672e+00
2.312974452972412109e+00
2.335014104843139648e+00
2.268650531768798828e+00
2.341581821441650391e+00
2.291009187698364258e+00
2.251259088516235352e+00
2.260943889617919922e+00
2.318662881851196289e+00
2.276688814163208008e+00
2.349323034286499023e+00
2.276178121566772461e+00
2.307283639907836914e+00
2.297737360000610352e+00
2.328166961669921875e+00
2.262201070785522461e+00
2.305952072143554688e+00
2.280390739440917969e+00
