4.000000000000000000e+01
3.400000000000000000e+01
2.400000000000000000e+01
3.800000000000000000e+01
2.400000000000000000e+01
3.400000000000000000e+01
3.400000000000000000e+01
4.300000000000000000e+01
2.800000000000000000e+01
4.200000000000000000e+01
6.100000000000000000e+01
3.500000000000000000e+01
3.700000000000000000e+01
3.600000000000000000e+01
4.300000000000000000e+01
5.800000000000000000e+01
5.600000000000000000e+01
6.800000000000000000e+01
4.900000000000000000e+01
4.400000000000000000e+01
5.000000000000000000e+01
5.700000000000000000e+01
5.900000000000000000e+01
3.700000000000000000e+01
4.200000000000000000e+01
2.900000000000000000e+01
3.800000000000000000e+01
3.600000000000000000e+01
5.200000000000000000e+01
4.000000000000000000e+01
4.900000000000000000e+01
4.600000000000000000e+01
6.300000000000000000e+01
6.900000000000000000e+01
6.700000000000000000e+01
5.400000000000000000e+01
4.900000000000000000e+01
5.000000000000000000e+01
2.900000000000000000e+01
4.800000000000000000e+01
4.500000000000000000e+01
3.500000000000000000e+01
3.200000000000000000e+01
5.600000000000000000e+01
6.200000000000000000e+01
5.300000000000000000e+01
7.300000000000000000e+01
4.900000000000000000e+01
5.600000000000000000e+01
5.400000000000000000e+01
5.200000000000000000e+01
5.200000000000000000e+01
3.700000000000000000e+01
5.400000000000000000e+01
3.700000000000000000e+01
6.500000000000000000e+01
4.300000000000000000e+01
5.800000000000000000e+01
3.800000000000000000e+01
5.000000000000000000e+01
4.100000000000000000e+01
5.000000000000000000e+01
6.300000000000000000e+01
7.200000000000000000e+01
8.200000000000000000e+01
8.400000000000000000e+01
7.800000000000000000e+01
6.400000000000000000e+01
6.800000000000000000e+01
6.200000000000000000e+01
6.300000000000000000e+01
6.600000000000000000e+01
6.300000000000000000e+01
8.100000000000000000e+01
8.700000000000000000e+01
1.130000000000000000e+02
1.300000000000000000e+02
1.240000000000000000e+02
1.040000000000000000e+02
1.420000000000000000e+02
1.280000000000000000e+02
9.900000000000000000e+01
7.400000000000000000e+01
6.000000000000000000e+01
5.600000000000000000e+01
6.000000000000000000e+01
4.500000000000000000e+01
6.000000000000000000e+01
7.700000000000000000e+01
1.100000000000000000e+02
1.570000000000000000e+02
1.710000000000000000e+02
1.640000000000000000e+02
1.670000000000000000e+02
1.590000000000000000e+02
1.740000000000000000e+02
1.560000000000000000e+02
1.080000000000000000e+02
1.020000000000000000e+02
9.600000000000000000e+01
