7.945362567901611328e+00
7.725450515747070312e+00
7.969113588333129883e+00
7.768002033233642578e+00
7.910014390945434570e+00
7.768931627273559570e+00
7.886491298675537109e+00
7.760780811309814453e+00
7.958091259002685547e+00
7.752773523330688477e+00
7.962631225585937500e+00
7.854518890380859375e+00
7.815459012985229492e+00
7.739028215408325195e+00
7.922144174575805664e+00
7.788263797760009766e+00
7.887918949127197266e+00
7.759737968444824219e+00
7.980172157287597656e+00
7.794332981109619141e+00
7.848949193954467773e+00
7.679018735885620117e+00
7.674058437347412109e+00
7.771877765655517578e+00
7.753301858901977539e+00
7.776166915893554688e+00
7.750957727432250977e+00
7.836130142211914062e+00
7.765679836273193359e+00
7.774253845214843750e+00
7.679332017898559570e+00
7.705826282501220703e+00
7.736820459365844727e+00
7.906671047210693359e+00
7.786116361618041992e+00
7.874503612518310547e+00
7.700363874435424805e+00
7.682768821716308594e+00
7.803583621978759766e+00
7.774554491043090820e+00
7.676825761795043945e+00
7.757208108901977539e+00
7.756665468215942383e+00
7.734809875488281250e+00
7.765217065811157227e+00
7.681165933609008789e+00
7.826791286468505859e+00
7.750149726867675781e+00
7.942798852920532227e+00
7.721405506134033203e+00
7.999849081039428711e+00
