5.355776587605202803e-03
3.257834315854793526e-03
1.583640836408364144e-02
5.130526633469141562e-03
6.797466398887687042e-03
1.680542707369719543e-02
2.383548839383081361e-02
4.547592912027598883e-03
3.729116945107398360e-03
5.701078582434514729e-03
1.662049861495844966e-02
5.351062104751094263e-03
6.277463904582548243e-03
2.582121261644059612e-02
5.007041151619464649e-03
4.050475151892818197e-03
6.479481641468682468e-03
5.319148936170212637e-03
2.530473692331430477e-02
2.347050539821624038e-02
5.566157760814249671e-03
3.741662599642101798e-03
6.909850554394986015e-03
7.456503728251863937e-03
1.616094986807387751e-02
1.247165532879818649e-02
1.898532227185705315e-02
2.321752017124979403e-02
9.836065573770492662e-03
6.315439587834469418e-03
4.662379421221865029e-03
2.650865429596133051e-03
7.720182763510319984e-03
6.397992786576760238e-02
9.032860925089550297e-03
1.652377240841777090e-02
4.819651741293532084e-03
5.302226935312831686e-03
4.133496631965707588e-03
4.251674194050771016e-02
2.465960665658093950e-02
3.999360102383618491e-03
1.550008157937673298e-02
6.213211249182472133e-03
7.717041800643086556e-03
4.922197523023181739e-03
1.454085664611980480e-02
5.253940455341506166e-03
9.284456539138787393e-03
1.130475741874705647e-02
1.881028938906752560e-02
4.362578768783324963e-03
4.110489970404472213e-03
8.417770849571317576e-03
1.179534313725490169e-02
9.561559618184760356e-02
1.139646869983948659e-02
7.167887862376553371e-03
5.464480874316939886e-03
9.441384736428009433e-03
5.436470953712332736e-03
1.069865456313827227e-02
1.744719926538108520e-02
3.370614371074000162e-03
3.426025503149485174e-02
7.968127490039840499e-03
7.963772642098687626e-03
4.866969500324464654e-03
8.231091784438577738e-03
6.593044338223174455e-03
1.141846252814409692e-02
9.546139675096298668e-03
3.184206336570609679e-03
1.160305343511450378e-02
1.034427024406012544e-02
2.448719987279376550e-02
1.159913393133312799e-02
1.213475969982436529e-02
1.217532467532467591e-02
2.999837846602886396e-02
3.680000000000000111e-03
3.366524419155998010e-02
8.789514263685427667e-03
4.390779363336992473e-03
6.074168797953963771e-03
1.463414634146341549e-02
6.835161341599109430e-03
4.846701765252400124e-02
8.089133089133089885e-03
1.386772325510515075e-02
5.196850393700787503e-03
1.488602884168088031e-02
1.309561375828337086e-02
2.531839803590609297e-02
4.809233728759217466e-03
5.741626794258373155e-03
9.567852017222133396e-03
4.591669399803214452e-03
1.211327549517105841e-02
9.247448979591836593e-03
4.304160688665709979e-03
2.463134013936153083e-02
1.568056902683478970e-02
9.013520280420631720e-03
6.012709793058497454e-02
7.316262055204522836e-03
3.479701739850869779e-03
1.641766540797898535e-02
2.665366487892085329e-02
7.852564102564102422e-03
5.288461538461538755e-03
4.260898066207800469e-03
3.545527800161160561e-03
6.345590628050764952e-03
2.740630675251774784e-02
7.687165775401069885e-03
1.869001515406634034e-02
7.426160337552742928e-03
4.442250740375123207e-03
1.215395003376097162e-02
1.727318463860472858e-02
4.487506374298826789e-02
6.753497346840327958e-03
7.029876977152899400e-03
7.928802588996763240e-03
3.701319600901191009e-03
6.569460022432302600e-03
8.327994875080076131e-03
2.604756511891279797e-02
1.487994589110585089e-02
5.391743892165122218e-03
9.097035040431267552e-03
7.737899242673691377e-03
6.487025948103792086e-03
1.005199306759098701e-02
8.582968697408280279e-03
4.878898762850671089e-03
1.865607186042494287e-02
9.558946838839510463e-03
6.062647356012125163e-03
6.389224658953548616e-03
5.908170155300472917e-03
3.867111970469326761e-03
6.973756652596806681e-03
2.558635394456289930e-02
2.670623145400593396e-02
5.876951331496785801e-03
4.072959093323888502e-02
8.489258489258489151e-03
2.278527160043747682e-02
5.196604884808591479e-03
7.549759780370624528e-03
1.174408413672217363e-02
5.300353356890459729e-03
5.117707267144319672e-03
9.505703422053231669e-03
5.036877136175571187e-03
5.516014234875445121e-03
5.242005940940066416e-03
7.316630355846041878e-02
3.955968352253182163e-03
5.734144222415291092e-03
5.878161738510865979e-03
4.678143712574849879e-03
1.494130202774813197e-02
9.090909090909090468e-03
3.297891511984141211e-02
9.683426443202979711e-03
4.034379933345027397e-03
1.146661734788237408e-02
7.351589781290203927e-03
1.519644180874722000e-02
5.305525064032198986e-03
1.104158998895840918e-02
8.045977011494252762e-03
6.637587710980466689e-03
8.253610954792722082e-03
1.663551401869159049e-02
5.463451394122079835e-03
6.418727581649990264e-03
5.816207832493214443e-03
8.669430833019223584e-03
9.657261882219277116e-03
5.087620124364047869e-03
1.120556414219474502e-02
1.115599153683400659e-02
7.250636880266510265e-03
1.851498377552968089e-02
8.919914679076983155e-03
6.588635076458372597e-02
7.632093933463796227e-03
3.655252020007695481e-03
4.510430370231159267e-03
4.479283314669652884e-03
4.032718280388054161e-02
2.208317997791681836e-02
3.454894433781189808e-03
1.095839524517087590e-02
5.352894528152260176e-03
1.115813774528664863e-02
