1.030899999999999928e+01
1.031199999999999939e+01
1.031099999999999994e+01
1.031300000000000061e+01
1.031600000000000072e+01
1.031300000000000061e+01
1.031700000000000017e+01
1.031799999999999962e+01
1.031600000000000072e+01
1.031799999999999962e+01
1.031799999999999962e+01
1.031700000000000017e+01
1.031600000000000072e+01
1.031700000000000017e+01
1.031700000000000017e+01
1.031499999999999950e+01
1.031600000000000072e+01
1.031300000000000061e+01
1.031700000000000017e+01
1.031499999999999950e+01
1.032000000000000028e+01
1.031300000000000061e+01
1.031799999999999962e+01
1.031700000000000017e+01
1.031799999999999962e+01
1.032000000000000028e+01
1.031600000000000072e+01
1.032199999999999918e+01
1.031199999999999939e+01
1.031499999999999950e+01
1.032199999999999918e+01
1.032199999999999918e+01
1.032499999999999929e+01
1.031799999999999962e+01
1.031700000000000017e+01
1.032000000000000028e+01
1.032399999999999984e+01
1.031600000000000072e+01
1.031499999999999950e+01
1.032199999999999918e+01
1.031700000000000017e+01
1.032000000000000028e+01
1.031700000000000017e+01
1.032099999999999973e+01
1.031799999999999962e+01
1.031499999999999950e+01
1.031799999999999962e+01
1.031600000000000072e+01
1.031799999999999962e+01
1.032000000000000028e+01
1.032099999999999973e+01
1.031700000000000017e+01
1.031700000000000017e+01
1.031700000000000017e+01
1.032199999999999918e+01
1.032900000000000063e+01
1.032199999999999918e+01
1.032000000000000028e+01
1.031700000000000017e+01
1.032199999999999918e+01
1.032399999999999984e+01
1.032199999999999918e+01
1.032099999999999973e+01
1.032000000000000028e+01
1.032499999999999929e+01
1.032199999999999918e+01
1.032399999999999984e+01
1.031700000000000017e+01
1.032199999999999918e+01
1.032199999999999918e+01
1.031499999999999950e+01
1.031799999999999962e+01
1.032499999999999929e+01
1.032399999999999984e+01
1.032499999999999929e+01
1.032600000000000051e+01
1.032199999999999918e+01
1.032199999999999918e+01
1.032199999999999918e+01
1.032199999999999918e+01
1.032399999999999984e+01
1.032000000000000028e+01
1.032000000000000028e+01
1.032399999999999984e+01
1.032499999999999929e+01
1.032199999999999918e+01
1.032399999999999984e+01
1.032199999999999918e+01
1.032199999999999918e+01
1.031600000000000072e+01
1.032799999999999940e+01
1.032099999999999973e+01
1.032199999999999918e+01
1.031799999999999962e+01
1.032199999999999918e+01
1.032099999999999973e+01
1.032199999999999918e+01
1.032199999999999918e+01
1.032099999999999973e+01
1.032099999999999973e+01
