1.255000000000000000e+03
1.142000000000000000e+03
1.132000000000000000e+03
1.053000000000000000e+03
1.179000000000000000e+03
1.247000000000000000e+03
1.237000000000000000e+03
1.251000000000000000e+03
1.217000000000000000e+03
1.263000000000000000e+03
1.231000000000000000e+03
1.195000000000000000e+03
1.234000000000000000e+03
1.224000000000000000e+03
1.240000000000000000e+03
1.211000000000000000e+03
1.187000000000000000e+03
1.231000000000000000e+03
1.273000000000000000e+03
1.242000000000000000e+03
1.276000000000000000e+03
1.185000000000000000e+03
1.203000000000000000e+03
1.192000000000000000e+03
1.215000000000000000e+03
1.222000000000000000e+03
1.276000000000000000e+03
1.253000000000000000e+03
1.309000000000000000e+03
1.233000000000000000e+03
1.273000000000000000e+03
1.257000000000000000e+03
1.265000000000000000e+03
1.218000000000000000e+03
1.263000000000000000e+03
1.265000000000000000e+03
1.208000000000000000e+03
1.254000000000000000e+03
1.208000000000000000e+03
1.309000000000000000e+03
1.324000000000000000e+03
1.186000000000000000e+03
1.340000000000000000e+03
1.192000000000000000e+03
1.297000000000000000e+03
1.210000000000000000e+03
1.229000000000000000e+03
1.272000000000000000e+03
1.261000000000000000e+03
1.315000000000000000e+03
1.302000000000000000e+03
1.248000000000000000e+03
1.243000000000000000e+03
1.160000000000000000e+03
1.270000000000000000e+03
1.260000000000000000e+03
1.246000000000000000e+03
1.227000000000000000e+03
1.284000000000000000e+03
1.188000000000000000e+03
1.204000000000000000e+03
1.236000000000000000e+03
1.238000000000000000e+03
1.296000000000000000e+03
1.307000000000000000e+03
1.264000000000000000e+03
1.271000000000000000e+03
1.285000000000000000e+03
1.245000000000000000e+03
1.265000000000000000e+03
1.325000000000000000e+03
1.334000000000000000e+03
1.218000000000000000e+03
1.245000000000000000e+03
1.288000000000000000e+03
1.278000000000000000e+03
1.257000000000000000e+03
1.245000000000000000e+03
1.314000000000000000e+03
1.204000000000000000e+03
1.245000000000000000e+03
1.205000000000000000e+03
1.312000000000000000e+03
1.236000000000000000e+03
1.269000000000000000e+03
1.286000000000000000e+03
1.209000000000000000e+03
1.272000000000000000e+03
1.266000000000000000e+03
1.251000000000000000e+03
1.173000000000000000e+03
1.230000000000000000e+03
1.235000000000000000e+03
1.215000000000000000e+03
1.269000000000000000e+03
1.236000000000000000e+03
1.264000000000000000e+03
1.268000000000000000e+03
1.307000000000000000e+03
1.302000000000000000e+03
