1.391788448155880341e-02
1.335952848722986308e-02
8.658008658008658001e-03
1.352794588821644786e-02
8.374040474528960526e-03
1.127320954907161735e-02
1.132578281145902796e-02
1.356894919532975786e-02
8.649984553599011569e-03
1.314965560425798360e-02
1.956382296343810168e-02
1.163563829787233987e-02
1.162425384857053087e-02
1.136363636363636395e-02
1.323484148968913539e-02
1.762917933130699055e-02
1.793147614473263041e-02
2.085889570552147340e-02
1.489814533292794195e-02
1.308744794765020862e-02
1.535155050660116753e-02
1.776254284823932522e-02
1.789505611161662166e-02
1.138111350353737325e-02
1.359223300970873773e-02
9.250398724082934190e-03
1.227786752827140539e-02
1.100244498777506151e-02
1.608910891089108952e-02
1.194386383995222484e-02
1.553090332805071375e-02
1.411042944785276081e-02
1.993670886075949236e-02
2.117213869285056865e-02
2.101631116687578335e-02
1.674937965260545752e-02
1.488456865127582053e-02
1.539408866995073920e-02
8.795875037913254008e-03
1.484230055658627111e-02
1.386321626617375256e-02
1.068050045773573375e-02
9.563658099222951958e-03
1.703163017031630172e-02
1.929660753190164807e-02
1.590636254501800670e-02
2.237890864500306429e-02
1.526479750778816230e-02
1.686746987951807247e-02
1.625526791089704909e-02
1.575757575757575843e-02
1.557819053325344531e-02
1.124278334852628347e-02
1.662049861495844966e-02
1.103818615751789994e-02
1.931075460487225240e-02
1.290903632542779976e-02
1.697395376060872180e-02
1.113389979490184666e-02
1.460280373831775690e-02
1.264651449722393670e-02
1.501501501501501488e-02
1.872770511296075954e-02
2.223594811612106259e-02
2.552131963896669617e-02
2.663284717818642858e-02
2.420856610800744754e-02
2.015748031496062895e-02
2.131661442006269752e-02
1.991008349389852133e-02
1.947449768160742015e-02
2.091917591125198178e-02
1.946847960444993836e-02
2.556818181818181976e-02
2.699348433136829206e-02
3.611377436880792297e-02
4.079071226859114913e-02
3.719256148770246073e-02
3.170731707317073211e-02
4.476670870113493017e-02
4.017576898932831431e-02
3.098591549295774683e-02
2.212918660287081438e-02
1.880288310874334012e-02
1.814646791963707081e-02
1.853568118628359448e-02
1.511588847833389253e-02
1.910219675262655320e-02
2.378745752239728312e-02
3.419334783960211593e-02
5.132396207911082281e-02
5.595549738219895292e-02
5.241291147331415823e-02
5.187946567256911806e-02
4.914992272024729797e-02
5.442602439787300878e-02
5.020920502092050125e-02
3.437301082113303902e-02
3.105022831050228277e-02
3.072000000000000078e-02
