1.687967205208584570e-03
1.375200550080220123e-03
1.925133689839572280e-03
3.045066991473812257e-03
2.350176263219741404e-03
2.904725019364833450e-03
1.626016260162601625e-03
2.133850630455868137e-03
3.081664098613251263e-03
1.349787890474354055e-03
2.133436772692009174e-03
2.326032176778445627e-03
3.139427516158818134e-03
2.789659661521294229e-03
1.518891209417125429e-03
2.317497103128621054e-03
2.649507948523845569e-03
4.603874928064454267e-03
3.767897513187641340e-03
2.882952142994426453e-03
2.597402597402597400e-03
3.523738872403560634e-03
7.827059262020126876e-03
6.675829569998036929e-03
4.524886877828054703e-03
6.144107242599143245e-03
6.512162420992146684e-03
9.250693802035152638e-03
4.311152764761011849e-03
5.603287261860291461e-03
6.059458435902291031e-03
6.748130585445924132e-03
4.276682781703235528e-03
3.865267807840971990e-03
5.528934758569848534e-03
3.986229389382134163e-03
2.684563758389261600e-03
4.281821720513818638e-03
3.897875657766517333e-03
2.203452074917370759e-03
2.006566946369938136e-03
3.155159613956941538e-03
2.448672066302504981e-03
2.437652353272079346e-03
2.847380410022779234e-03
3.958529688972667673e-03
4.152510381275953399e-03
2.771106595233696710e-03
4.481792717086834424e-03
2.358490566037735759e-03
3.049874416935773394e-03
