-2.588069555262902388e-01,1.245744986175258556e-01,1.953636826620181177e-01
1.455220792451237255e-01,3.522840514124607469e-02,1.599277914269964518e-01
-1.635007386288943876e-01,1.614282999617462980e-02,1.216200170068406083e-01
2.624718870479466060e-01,7.799730778666222331e-02,5.607165145754772206e-02
1.857855304396793250e-01,1.094904623776952468e-01,2.151274122989862980e-02
1.076593524238510513e-01,5.817907138884717555e-02,1.081583133019108078e-01
-4.753318989378407800e-02,9.196391680307498817e-02,-1.634734456762756971e-02
-2.322011872620539930e-01,1.367855176781047621e-01,-5.649812822008072610e-02
-8.884568838287312809e-02,7.379460517991895396e-02,1.556643986118169676e-02
5.069712857994623789e-02,7.954020468083985648e-03,-7.278816070334330479e-02
-1.262202113717703356e-01,5.839304129287829770e-02,-9.782629876957729675e-03
-2.154636456679281387e-01,3.775558801899289024e-02,2.240128524887607941e-02
-2.027636673796087141e-01,6.613413355261291149e-02,-1.556258769124962971e-03
-2.875995415236152208e-01,3.014076345222957767e-02,-5.457872278323509796e-02
-2.102627265540713553e-01,5.332145850167584883e-02,3.484892246048387765e-02
-2.961220010432924488e-01,4.915098587727400464e-02,6.163314974752659436e-02
-1.456486621853348151e-01,3.764916007655851049e-02,4.179614521871469202e-02
-1.643229718828843611e-01,5.204149023762728865e-02,7.509313307511644719e-03
9.837882839183426098e-02,1.480236535859759672e-01,-9.681620101955772106e-02
2.034206008205696192e-01,1.493619933333901750e-01,1.954665848401459793e-01
2.746115694760717374e-01,3.048182104854348096e-02,-9.257175833819748789e-02
-7.828378905524568943e-02,1.415735522242227429e-01,4.532857324559433354e-02
-1.512026046344087937e-01,5.411013460872559494e-02,2.028039397341777073e-02
-2.934174719575528556e-01,4.722399372101307620e-03,1.877301253487586863e-01
-8.029498335913518026e-02,8.036813448954376049e-02,-9.616817716603934252e-02
8.580622014905947559e-04,2.756501864253044307e-03,5.747250073834722639e-02
-9.000574495223417903e-02,6.412485981382895495e-02,1.862348758546573946e-01
0.000000000000000000e+00,0.000000000000000000e+00,0.000000000000000000e+00
0.000000000000000000e+00,0.000000000000000000e+00,0.000000000000000000e+00
0.000000000000000000e+00,0.000000000000000000e+00,0.000000000000000000e+00
0.000000000000000000e+00,0.000000000000000000e+00,0.000000000000000000e+00
0.000000000000000000e+00,0.000000000000000000e+00,0.000000000000000000e+00
0.000000000000000000e+00,0.000000000000000000e+00,0.000000000000000000e+00
0.000000000000000000e+00,0.000000000000000000e+00,0.000000000000000000e+00
0.000000000000000000e+00,0.000000000000000000e+00,0.000000000000000000e+00
0.000000000000000000e+00,0.000000000000000000e+00,0.000000000000000000e+00
0.000000000000000000e+00,0.000000000000000000e+00,0.000000000000000000e+00
0.000000000000000000e+00,0.000000000000000000e+00,0.000000000000000000e+00
0.000000000000000000e+00,0.000000000000000000e+00,0.000000000000000000e+00
0.000000000000000000e+00,0.000000000000000000e+00,0.000000000000000000e+00
0.000000000000000000e+00,0.000000000000000000e+00,0.000000000000000000e+00
0.000000000000000000e+00,0.000000000000000000e+00,0.000000000000000000e+00
0.000000000000000000e+00,0.000000000000000000e+00,0.000000000000000000e+00
0.000000000000000000e+00,0.000000000000000000e+00,0.000000000000000000e+00
0.000000000000000000e+00,0.000000000000000000e+00,0.000000000000000000e+00
0.000000000000000000e+00,0.000000000000000000e+00,0.000000000000000000e+00
0.000000000000000000e+00,0.000000000000000000e+00,0.000000000000000000e+00
0.000000000000000000e+00,0.000000000000000000e+00,0.000000000000000000e+00
0.000000000000000000e+00,0.000000000000000000e+00,0.000000000000000000e+00
0.000000000000000000e+00,0.000000000000000000e+00,0.000000000000000000e+00
0.000000000000000000e+00,0.000000000000000000e+00,0.000000000000000000e+00
0.000000000000000000e+00,0.000000000000000000e+00,0.000000000000000000e+00
0.000000000000000000e+00,0.000000000000000000e+00,0.000000000000000000e+00
0.000000000000000000e+00,0.000000000000000000e+00,0.000000000000000000e+00
0.000000000000000000e+00,0.000000000000000000e+00,0.000000000000000000e+00
0.000000000000000000e+00,0.000000000000000000e+00,0.000000000000000000e+00
0.000000000000000000e+00,0.000000000000000000e+00,0.000000000000000000e+00
0.000000000000000000e+00,0.000000000000000000e+00,0.000000000000000000e+00
0.000000000000000000e+00,0.000000000000000000e+00,0.000000000000000000e+00
0.000000000000000000e+00,0.000000000000000000e+00,0.000000000000000000e+00
