1.007300000000000000e+04
9.915000000000000000e+03
1.019800000000000000e+04
1.007700000000000000e+04
1.048900000000000000e+04
1.020900000000000000e+04
1.037100000000000000e+04
1.037600000000000000e+04
1.048000000000000000e+04
1.039300000000000000e+04
1.044400000000000000e+04
1.029500000000000000e+04
1.036100000000000000e+04
1.033200000000000000e+04
1.014200000000000000e+04
1.027800000000000000e+04
1.024300000000000000e+04
1.029100000000000000e+04
1.017300000000000000e+04
1.032200000000000000e+04
1.035000000000000000e+04
1.020700000000000000e+04
1.012700000000000000e+04
1.027900000000000000e+04
1.040600000000000000e+04
1.058600000000000000e+04
1.018100000000000000e+04
1.040100000000000000e+04
1.032400000000000000e+04
1.039200000000000000e+04
1.011800000000000000e+04
1.038400000000000000e+04
1.015600000000000000e+04
1.018900000000000000e+04
1.012300000000000000e+04
1.007300000000000000e+04
1.023500000000000000e+04
1.037200000000000000e+04
1.029000000000000000e+04
1.020000000000000000e+04
1.015300000000000000e+04
