1.215399999999999991e+01
1.215099999999999980e+01
1.215199999999999925e+01
1.215000000000000036e+01
1.214700000000000024e+01
1.215099999999999980e+01
1.215099999999999980e+01
1.214700000000000024e+01
1.214199999999999946e+01
1.213899999999999935e+01
1.214100000000000001e+01
1.214199999999999946e+01
1.214199999999999946e+01
1.213899999999999935e+01
1.214100000000000001e+01
1.214100000000000001e+01
1.213799999999999990e+01
1.213899999999999935e+01
1.214199999999999946e+01
1.214199999999999946e+01
1.213899999999999935e+01
1.214100000000000001e+01
1.213799999999999990e+01
1.213499999999999979e+01
1.214100000000000001e+01
1.213499999999999979e+01
1.214100000000000001e+01
1.213700000000000045e+01
1.214100000000000001e+01
1.213799999999999990e+01
1.214100000000000001e+01
1.214100000000000001e+01
1.213700000000000045e+01
1.213799999999999990e+01
1.213899999999999935e+01
1.213700000000000045e+01
1.214100000000000001e+01
1.213899999999999935e+01
1.213799999999999990e+01
1.213700000000000045e+01
1.213700000000000045e+01
1.213400000000000034e+01
1.213799999999999990e+01
1.213899999999999935e+01
1.213899999999999935e+01
1.213799999999999990e+01
1.213899999999999935e+01
1.214100000000000001e+01
1.214100000000000001e+01
1.213899999999999935e+01
1.213700000000000045e+01
1.213700000000000045e+01
1.213499999999999979e+01
1.213799999999999990e+01
1.213700000000000045e+01
1.213400000000000034e+01
1.213899999999999935e+01
1.213400000000000034e+01
1.213700000000000045e+01
1.213700000000000045e+01
1.213700000000000045e+01
1.213700000000000045e+01
1.213400000000000034e+01
1.213700000000000045e+01
1.213799999999999990e+01
1.213400000000000034e+01
1.213799999999999990e+01
1.213799999999999990e+01
1.213899999999999935e+01
1.213700000000000045e+01
1.213499999999999979e+01
1.213400000000000034e+01
1.213499999999999979e+01
1.213899999999999935e+01
1.213799999999999990e+01
1.213799999999999990e+01
1.213700000000000045e+01
1.213700000000000045e+01
1.213100000000000023e+01
1.213700000000000045e+01
1.213899999999999935e+01
1.213100000000000023e+01
1.213100000000000023e+01
1.213700000000000045e+01
1.213700000000000045e+01
1.213700000000000045e+01
1.213700000000000045e+01
1.213400000000000034e+01
1.213100000000000023e+01
1.213100000000000023e+01
1.213400000000000034e+01
1.213100000000000023e+01
1.213299999999999912e+01
1.213499999999999979e+01
1.213299999999999912e+01
1.213700000000000045e+01
1.213100000000000023e+01
1.213700000000000045e+01
1.213400000000000034e+01
1.213299999999999912e+01
1.213299999999999912e+01
1.213499999999999979e+01
1.213100000000000023e+01
1.213299999999999912e+01
1.213400000000000034e+01
1.213400000000000034e+01
1.213100000000000023e+01
1.213400000000000034e+01
1.213100000000000023e+01
1.213000000000000078e+01
1.213000000000000078e+01
1.213700000000000045e+01
1.213000000000000078e+01
1.213700000000000045e+01
1.213400000000000034e+01
1.213700000000000045e+01
1.213100000000000023e+01
1.213400000000000034e+01
1.213000000000000078e+01
1.213899999999999935e+01
1.214300000000000068e+01
1.214000000000000057e+01
1.213899999999999935e+01
1.214000000000000057e+01
1.214400000000000013e+01
1.213899999999999935e+01
1.213899999999999935e+01
1.214100000000000001e+01
1.214300000000000068e+01
1.213899999999999935e+01
1.213899999999999935e+01
1.214000000000000057e+01
1.214300000000000068e+01
1.214400000000000013e+01
1.214300000000000068e+01
1.213899999999999935e+01
1.213899999999999935e+01
1.214000000000000057e+01
1.214000000000000057e+01
1.213899999999999935e+01
1.214000000000000057e+01
1.213899999999999935e+01
1.214000000000000057e+01
1.214100000000000001e+01
1.214000000000000057e+01
1.213899999999999935e+01
1.214000000000000057e+01
1.214300000000000068e+01
1.213899999999999935e+01
1.214400000000000013e+01
1.214000000000000057e+01
1.214300000000000068e+01
1.213899999999999935e+01
1.213799999999999990e+01
1.213499999999999979e+01
1.214100000000000001e+01
1.213899999999999935e+01
1.214400000000000013e+01
1.214300000000000068e+01
1.214300000000000068e+01
1.214000000000000057e+01
1.214100000000000001e+01
1.213899999999999935e+01
1.213799999999999990e+01
1.214100000000000001e+01
1.214400000000000013e+01
1.214300000000000068e+01
1.214300000000000068e+01
1.214300000000000068e+01
1.214300000000000068e+01
1.214300000000000068e+01
1.214300000000000068e+01
1.214100000000000001e+01
1.214300000000000068e+01
1.214100000000000001e+01
1.214300000000000068e+01
1.214400000000000013e+01
1.214300000000000068e+01
1.214300000000000068e+01
1.214300000000000068e+01
1.214700000000000024e+01
1.214300000000000068e+01
1.214100000000000001e+01
1.214300000000000068e+01
1.214300000000000068e+01
1.214300000000000068e+01
1.214400000000000013e+01
1.214000000000000057e+01
1.214300000000000068e+01
1.214100000000000001e+01
1.214300000000000068e+01
1.214499999999999957e+01
1.214100000000000001e+01
1.214300000000000068e+01
1.214400000000000013e+01
1.214300000000000068e+01
1.214400000000000013e+01
1.214000000000000057e+01
1.214300000000000068e+01
1.213899999999999935e+01
1.214300000000000068e+01
1.213499999999999979e+01
1.213000000000000078e+01
1.213799999999999990e+01
1.213499999999999979e+01
1.213499999999999979e+01
1.213100000000000023e+01
1.213199999999999967e+01
1.213199999999999967e+01
1.213400000000000034e+01
