1.077500000000000000e+04
1.117000000000000000e+04
1.146000000000000000e+04
1.216000000000000000e+04
1.182900000000000000e+04
1.212100000000000000e+04
1.217000000000000000e+04
1.187200000000000000e+04
1.215100000000000000e+04
1.210400000000000000e+04
1.197300000000000000e+04
1.207900000000000000e+04
1.205700000000000000e+04
1.224100000000000000e+04
1.207300000000000000e+04
1.212500000000000000e+04
1.210600000000000000e+04
1.199700000000000000e+04
1.240300000000000000e+04
1.223800000000000000e+04
1.209100000000000000e+04
1.222900000000000000e+04
1.232300000000000000e+04
1.241100000000000000e+04
1.221600000000000000e+04
1.220900000000000000e+04
1.197400000000000000e+04
1.210700000000000000e+04
1.235200000000000000e+04
1.223500000000000000e+04
1.204200000000000000e+04
1.239700000000000000e+04
1.212300000000000000e+04
1.226700000000000000e+04
1.226200000000000000e+04
1.221500000000000000e+04
1.217000000000000000e+04
1.228100000000000000e+04
1.209500000000000000e+04
1.223600000000000000e+04
1.230200000000000000e+04
1.249700000000000000e+04
1.213800000000000000e+04
1.222700000000000000e+04
1.230200000000000000e+04
1.239200000000000000e+04
1.234200000000000000e+04
1.226000000000000000e+04
1.246600000000000000e+04
1.230000000000000000e+04
1.223400000000000000e+04
1.231300000000000000e+04
1.224500000000000000e+04
1.225400000000000000e+04
1.228500000000000000e+04
1.229400000000000000e+04
1.219900000000000000e+04
1.224700000000000000e+04
1.232600000000000000e+04
1.196700000000000000e+04
1.231400000000000000e+04
1.219800000000000000e+04
1.221800000000000000e+04
1.222100000000000000e+04
1.226000000000000000e+04
1.228500000000000000e+04
1.224400000000000000e+04
1.222800000000000000e+04
1.244200000000000000e+04
1.247000000000000000e+04
1.231500000000000000e+04
1.241100000000000000e+04
1.222500000000000000e+04
1.220500000000000000e+04
1.237000000000000000e+04
1.208400000000000000e+04
1.216000000000000000e+04
1.238200000000000000e+04
1.225700000000000000e+04
1.235700000000000000e+04
1.224900000000000000e+04
1.234200000000000000e+04
1.252500000000000000e+04
1.221000000000000000e+04
1.238600000000000000e+04
1.227700000000000000e+04
1.229200000000000000e+04
1.234700000000000000e+04
1.227000000000000000e+04
1.235600000000000000e+04
1.235900000000000000e+04
1.266400000000000000e+04
1.234600000000000000e+04
1.224700000000000000e+04
1.225400000000000000e+04
1.217100000000000000e+04
