1.043100000000000000e+04
1.074800000000000000e+04
1.121600000000000000e+04
1.132900000000000000e+04
1.162600000000000000e+04
1.132100000000000000e+04
1.173400000000000000e+04
1.185200000000000000e+04
1.157200000000000000e+04
1.144100000000000000e+04
1.177800000000000000e+04
1.159100000000000000e+04
1.179400000000000000e+04
1.170600000000000000e+04
1.143500000000000000e+04
1.149400000000000000e+04
1.154400000000000000e+04
1.156900000000000000e+04
1.173200000000000000e+04
1.187400000000000000e+04
1.170600000000000000e+04
1.161000000000000000e+04
1.156400000000000000e+04
1.169800000000000000e+04
1.163300000000000000e+04
1.168300000000000000e+04
