2.536667108535766602e+00
2.549021482467651367e+00
2.496370553970336914e+00
2.400636196136474609e+00
2.561527729034423828e+00
2.507690429687500000e+00
2.537441730499267578e+00
2.490564584732055664e+00
2.514481544494628906e+00
2.382268667221069336e+00
2.608357191085815430e+00
2.628935813903808594e+00
2.563175916671752930e+00
2.527898550033569336e+00
2.581418514251708984e+00
2.630560874938964844e+00
2.618427991867065430e+00
2.467286586761474609e+00
2.533833265304565430e+00
2.536590576171875000e+00
2.650806188583374023e+00
2.532149553298950195e+00
2.456350803375244141e+00
2.573737382888793945e+00
2.596233367919921875e+00
2.662522077560424805e+00
0.000000000000000000e+00
0.000000000000000000e+00
0.000000000000000000e+00
0.000000000000000000e+00
0.000000000000000000e+00
0.000000000000000000e+00
0.000000000000000000e+00
0.000000000000000000e+00
0.000000000000000000e+00
0.000000000000000000e+00
0.000000000000000000e+00
0.000000000000000000e+00
0.000000000000000000e+00
0.000000000000000000e+00
0.000000000000000000e+00
0.000000000000000000e+00
0.000000000000000000e+00
0.000000000000000000e+00
0.000000000000000000e+00
0.000000000000000000e+00
0.000000000000000000e+00
0.000000000000000000e+00
0.000000000000000000e+00
0.000000000000000000e+00
0.000000000000000000e+00
0.000000000000000000e+00
0.000000000000000000e+00
0.000000000000000000e+00
0.000000000000000000e+00
0.000000000000000000e+00
0.000000000000000000e+00
0.000000000000000000e+00
0.000000000000000000e+00
0.000000000000000000e+00
