1.556000000000000000e+03
1.444000000000000000e+03
1.545000000000000000e+03
1.482000000000000000e+03
1.456000000000000000e+03
1.521000000000000000e+03
1.522000000000000000e+03
1.462000000000000000e+03
1.572000000000000000e+03
1.597000000000000000e+03
1.643000000000000000e+03
1.657000000000000000e+03
1.638000000000000000e+03
1.555000000000000000e+03
1.642000000000000000e+03
1.735000000000000000e+03
1.704000000000000000e+03
1.650000000000000000e+03
1.566000000000000000e+03
1.586000000000000000e+03
1.563000000000000000e+03
1.590000000000000000e+03
1.526000000000000000e+03
1.620000000000000000e+03
1.615000000000000000e+03
1.567000000000000000e+03
1.605000000000000000e+03
1.601000000000000000e+03
1.705000000000000000e+03
1.607000000000000000e+03
1.574000000000000000e+03
1.620000000000000000e+03
1.662000000000000000e+03
1.681000000000000000e+03
1.657000000000000000e+03
1.663000000000000000e+03
1.717000000000000000e+03
1.618000000000000000e+03
1.651000000000000000e+03
1.682000000000000000e+03
1.619000000000000000e+03
1.684000000000000000e+03
1.750000000000000000e+03
1.857000000000000000e+03
1.776000000000000000e+03
1.755000000000000000e+03
1.792000000000000000e+03
1.684000000000000000e+03
1.748000000000000000e+03
1.633000000000000000e+03
1.668000000000000000e+03
1.721000000000000000e+03
1.700000000000000000e+03
1.777000000000000000e+03
1.763000000000000000e+03
1.713000000000000000e+03
1.634000000000000000e+03
1.606000000000000000e+03
1.714000000000000000e+03
1.694000000000000000e+03
1.670000000000000000e+03
1.683000000000000000e+03
1.682000000000000000e+03
1.793000000000000000e+03
1.729000000000000000e+03
1.663000000000000000e+03
1.600000000000000000e+03
1.539000000000000000e+03
1.776000000000000000e+03
1.676000000000000000e+03
1.694000000000000000e+03
1.636000000000000000e+03
1.627000000000000000e+03
1.621000000000000000e+03
1.611000000000000000e+03
1.613000000000000000e+03
1.630000000000000000e+03
1.641000000000000000e+03
1.695000000000000000e+03
1.588000000000000000e+03
1.599000000000000000e+03
1.616000000000000000e+03
1.609000000000000000e+03
1.650000000000000000e+03
1.570000000000000000e+03
1.599000000000000000e+03
1.571000000000000000e+03
1.574000000000000000e+03
1.586000000000000000e+03
1.622000000000000000e+03
1.620000000000000000e+03
1.695000000000000000e+03
1.619000000000000000e+03
1.527000000000000000e+03
1.559000000000000000e+03
1.617000000000000000e+03
1.570000000000000000e+03
1.585000000000000000e+03
1.545000000000000000e+03
1.563000000000000000e+03
