1.187000000000000000e+03
1.148000000000000000e+03
1.197000000000000000e+03
1.209000000000000000e+03
1.200000000000000000e+03
1.226000000000000000e+03
1.230000000000000000e+03
1.243000000000000000e+03
1.255000000000000000e+03
1.276000000000000000e+03
1.251000000000000000e+03
1.331000000000000000e+03
1.323000000000000000e+03
1.278000000000000000e+03
1.336000000000000000e+03
1.276000000000000000e+03
1.311000000000000000e+03
1.240000000000000000e+03
1.291000000000000000e+03
1.272000000000000000e+03
1.288000000000000000e+03
1.228000000000000000e+03
1.260000000000000000e+03
1.173000000000000000e+03
1.186000000000000000e+03
1.141000000000000000e+03
1.184000000000000000e+03
1.153000000000000000e+03
1.146000000000000000e+03
1.165000000000000000e+03
1.120000000000000000e+03
1.124000000000000000e+03
1.131000000000000000e+03
1.124000000000000000e+03
1.120000000000000000e+03
1.123000000000000000e+03
1.099000000000000000e+03
1.158000000000000000e+03
1.162000000000000000e+03
1.188000000000000000e+03
1.244000000000000000e+03
1.245000000000000000e+03
1.223000000000000000e+03
1.240000000000000000e+03
1.285000000000000000e+03
1.293000000000000000e+03
1.311000000000000000e+03
1.272000000000000000e+03
1.249000000000000000e+03
1.267000000000000000e+03
1.249000000000000000e+03
1.288000000000000000e+03
1.259000000000000000e+03
1.268000000000000000e+03
1.264000000000000000e+03
1.341000000000000000e+03
