1.520136131593874118e-01
0.000000000000000000e+00
9.542253521126760341e-02
1.818181818181818232e-01
1.228183581124757569e-02
3.636363636363636144e-04
1.603420630678781484e-03
1.763727121464226180e-02
1.826150474799123347e-01
9.651802076970067423e-02
1.655749636098980959e-01
1.919609316303531044e-01
1.629995509654243446e-01
1.984392419175027844e-01
3.660768761439902458e-03
1.849646445850390841e-01
2.134646962233169298e-02
1.828767123287671215e-01
1.137286758732737602e-01
0.000000000000000000e+00
1.785837651122625103e-01
1.384505021520803514e-01
8.455882352941176960e-02
7.291666666666667129e-02
9.772112784859018908e-02
1.365336658354114607e-01
1.358218318695106619e-01
1.776666666666666672e-01
1.057432432432432456e-01
6.086531410413102000e-02
1.732804232804232847e-01
1.278295605858854878e-02
1.723783413296778588e-01
1.834738617200674660e-01
0.000000000000000000e+00
9.298193663014510391e-02
9.508196721311475141e-02
0.000000000000000000e+00
0.000000000000000000e+00
0.000000000000000000e+00
0.000000000000000000e+00
0.000000000000000000e+00
0.000000000000000000e+00
0.000000000000000000e+00
0.000000000000000000e+00
0.000000000000000000e+00
0.000000000000000000e+00
0.000000000000000000e+00
0.000000000000000000e+00
0.000000000000000000e+00
0.000000000000000000e+00
0.000000000000000000e+00
0.000000000000000000e+00
0.000000000000000000e+00
0.000000000000000000e+00
0.000000000000000000e+00
0.000000000000000000e+00
0.000000000000000000e+00
0.000000000000000000e+00
0.000000000000000000e+00
