2.170000000000000000e+02
2.260000000000000000e+02
2.250000000000000000e+02
2.370000000000000000e+02
2.340000000000000000e+02
2.440000000000000000e+02
2.570000000000000000e+02
2.790000000000000000e+02
2.890000000000000000e+02
3.110000000000000000e+02
2.930000000000000000e+02
3.220000000000000000e+02
3.140000000000000000e+02
3.240000000000000000e+02
3.530000000000000000e+02
4.460000000000000000e+02
4.460000000000000000e+02
5.060000000000000000e+02
5.200000000000000000e+02
6.000000000000000000e+02
6.460000000000000000e+02
6.400000000000000000e+02
6.020000000000000000e+02
4.810000000000000000e+02
3.020000000000000000e+02
2.160000000000000000e+02
1.900000000000000000e+02
1.940000000000000000e+02
1.670000000000000000e+02
1.630000000000000000e+02
1.890000000000000000e+02
1.850000000000000000e+02
1.660000000000000000e+02
1.560000000000000000e+02
1.690000000000000000e+02
1.330000000000000000e+02
