9.822294022617124309e-02
9.419925605710263716e-02
1.008958465297258161e-01
9.719492585313560529e-02
9.353830119854091019e-02
9.712698550473049253e-02
9.609992352791231485e-02
9.326072157930564988e-02
9.053359184017532868e-02
9.257075471698113234e-02
9.100427536864147404e-02
8.035331446702684288e-02
7.334010840108401430e-02
5.957150322243511681e-02
3.160697414755647000e-02
1.514488313052613118e-02
3.567779291553133808e-02
7.382550335570470246e-02
8.997299122214719169e-02
8.831740123509008999e-02
9.463373083475298819e-02
9.708820044015574469e-02
9.363295880149813399e-02
1.032622439517828505e-01
9.936735554618304767e-02
9.519846883581592478e-02
9.710847400969413457e-02
9.774436090225563367e-02
9.999154762910995864e-02
1.049911024489450090e-01
1.013786840584496030e-01
1.039447403462050584e-01
1.020957831832337293e-01
9.818668003676778167e-02
1.057272493793339624e-01
1.043000164122763890e-01
