2.557476520538330078e+00
2.552940368652343750e+00
2.479858636856079102e+00
2.451055765151977539e+00
2.480278968811035156e+00
2.541865587234497070e+00
2.561704158782958984e+00
2.395826816558837891e+00
2.509077787399291992e+00
2.496881723403930664e+00
2.518041610717773438e+00
2.568258523941040039e+00
2.571044206619262695e+00
2.589416980743408203e+00
2.543765544891357422e+00
2.544577360153198242e+00
2.562083244323730469e+00
2.461708784103393555e+00
2.545421123504638672e+00
2.549003601074218750e+00
2.606417655944824219e+00
2.535981893539428711e+00
2.527426004409790039e+00
2.595679283142089844e+00
2.613277196884155273e+00
2.661924600601196289e+00
0.000000000000000000e+00
0.000000000000000000e+00
0.000000000000000000e+00
0.000000000000000000e+00
0.000000000000000000e+00
0.000000000000000000e+00
0.000000000000000000e+00
0.000000000000000000e+00
0.000000000000000000e+00
0.000000000000000000e+00
0.000000000000000000e+00
0.000000000000000000e+00
0.000000000000000000e+00
0.000000000000000000e+00
0.000000000000000000e+00
0.000000000000000000e+00
0.000000000000000000e+00
0.000000000000000000e+00
0.000000000000000000e+00
0.000000000000000000e+00
0.000000000000000000e+00
0.000000000000000000e+00
0.000000000000000000e+00
0.000000000000000000e+00
0.000000000000000000e+00
0.000000000000000000e+00
0.000000000000000000e+00
0.000000000000000000e+00
0.000000000000000000e+00
0.000000000000000000e+00
0.000000000000000000e+00
0.000000000000000000e+00
0.000000000000000000e+00
0.000000000000000000e+00
