1.119100000000000072e+01
1.119500000000000028e+01
1.118999999999999950e+01
1.119200000000000017e+01
1.118800000000000061e+01
1.119200000000000017e+01
1.118999999999999950e+01
1.118999999999999950e+01
1.119400000000000084e+01
1.118999999999999950e+01
1.118999999999999950e+01
1.118999999999999950e+01
1.118800000000000061e+01
1.119200000000000017e+01
1.119200000000000017e+01
1.119100000000000072e+01
1.118800000000000061e+01
1.119200000000000017e+01
1.118699999999999939e+01
1.119200000000000017e+01
1.118699999999999939e+01
1.119200000000000017e+01
1.118800000000000061e+01
1.119100000000000072e+01
1.118399999999999928e+01
1.118800000000000061e+01
1.119200000000000017e+01
1.118599999999999994e+01
1.119200000000000017e+01
1.118999999999999950e+01
1.118999999999999950e+01
1.118999999999999950e+01
1.119200000000000017e+01
1.118699999999999939e+01
1.118999999999999950e+01
1.118399999999999928e+01
1.118999999999999950e+01
1.118999999999999950e+01
1.118999999999999950e+01
1.118800000000000061e+01
1.118699999999999939e+01
1.118599999999999994e+01
1.118399999999999928e+01
1.118699999999999939e+01
1.118399999999999928e+01
1.118399999999999928e+01
1.118699999999999939e+01
1.118699999999999939e+01
1.118599999999999994e+01
1.118800000000000061e+01
1.118299999999999983e+01
1.118599999999999994e+01
1.118399999999999928e+01
1.118599999999999994e+01
1.119100000000000072e+01
1.118800000000000061e+01
1.118599999999999994e+01
1.118800000000000061e+01
1.118699999999999939e+01
1.118599999999999994e+01
1.118399999999999928e+01
1.118800000000000061e+01
1.118299999999999983e+01
1.118599999999999994e+01
1.118399999999999928e+01
1.118599999999999994e+01
1.118800000000000061e+01
1.118699999999999939e+01
1.118200000000000038e+01
1.118900000000000006e+01
1.119100000000000072e+01
1.118900000000000006e+01
1.119200000000000017e+01
1.119200000000000017e+01
1.119299999999999962e+01
1.119200000000000017e+01
1.119200000000000017e+01
1.118800000000000061e+01
1.119299999999999962e+01
1.118900000000000006e+01
1.118800000000000061e+01
1.118900000000000006e+01
1.119100000000000072e+01
1.119299999999999962e+01
1.118800000000000061e+01
1.118900000000000006e+01
1.118900000000000006e+01
1.118900000000000006e+01
1.119200000000000017e+01
1.118900000000000006e+01
1.118900000000000006e+01
1.119200000000000017e+01
1.119100000000000072e+01
1.119100000000000072e+01
1.118900000000000006e+01
1.119200000000000017e+01
1.118699999999999939e+01
1.118900000000000006e+01
1.119100000000000072e+01
1.119299999999999962e+01
