1.143500000000000050e+01
1.143399999999999928e+01
1.142900000000000027e+01
1.142699999999999960e+01
1.142500000000000071e+01
1.142900000000000027e+01
1.142699999999999960e+01
1.142200000000000060e+01
1.142099999999999937e+01
1.141999999999999993e+01
1.142200000000000060e+01
1.141799999999999926e+01
1.141999999999999993e+01
1.141399999999999970e+01
1.141999999999999993e+01
1.141600000000000037e+01
1.141200000000000081e+01
1.141200000000000081e+01
1.141399999999999970e+01
1.141600000000000037e+01
1.141000000000000014e+01
1.141200000000000081e+01
1.140799999999999947e+01
1.141000000000000014e+01
1.141300000000000026e+01
1.141000000000000014e+01
1.141300000000000026e+01
1.141000000000000014e+01
1.141600000000000037e+01
1.140900000000000070e+01
1.140900000000000070e+01
1.140700000000000003e+01
0.000000000000000000e+00
0.000000000000000000e+00
0.000000000000000000e+00
0.000000000000000000e+00
0.000000000000000000e+00
0.000000000000000000e+00
0.000000000000000000e+00
0.000000000000000000e+00
0.000000000000000000e+00
0.000000000000000000e+00
0.000000000000000000e+00
0.000000000000000000e+00
0.000000000000000000e+00
0.000000000000000000e+00
0.000000000000000000e+00
0.000000000000000000e+00
0.000000000000000000e+00
0.000000000000000000e+00
0.000000000000000000e+00
0.000000000000000000e+00
0.000000000000000000e+00
0.000000000000000000e+00
0.000000000000000000e+00
0.000000000000000000e+00
0.000000000000000000e+00
0.000000000000000000e+00
0.000000000000000000e+00
0.000000000000000000e+00
