9.930121368150054972e-02
8.670520231213872664e-02
1.016949152542372947e-01
1.006336190831159105e-01
1.009759759759759762e-01
9.675036927621860627e-02
9.119064005505850279e-02
1.026306039273805065e-01
9.804644305197199317e-02
1.006423982869378980e-01
7.654666200629151041e-02
4.965567234505255390e-02
6.948324022346369366e-02
8.876749743939911508e-02
9.466437177280551118e-02
8.541043536058491592e-02
1.080523055746730882e-01
9.690721649484536349e-02
8.730964467005075669e-02
8.600392413342053399e-02
9.662162162162162005e-02
9.709709709709710146e-02
9.179078628333910139e-02
9.127248500999333991e-02
9.096967677440853661e-02
9.259896729776247171e-02
8.477905073649753820e-02
8.893414799728445452e-02
7.886231415643180087e-02
7.471852610030706165e-02
7.282535401213756365e-02
7.159429897248922869e-02
6.771180787191460881e-02
6.473058082575226801e-02
4.449571522742254426e-02
5.170157068062827127e-02
6.235641614702986529e-02
8.131720430107526598e-02
8.931580721267273759e-02
1.016150740242261069e-01
9.531828898619063017e-02
9.217970049916805741e-02
9.566326530612244416e-02
1.025299600532623145e-01
8.473436449226630363e-02
9.184692179700498782e-02
8.288948069241011685e-02
9.156785243741764890e-02
8.692852543464263393e-02
9.082031250000000000e-02
8.967741935483870830e-02
9.439432989690721421e-02
8.681567865241335280e-02
9.039548022598870025e-02
9.148580968280467518e-02
7.875816993464052063e-02
9.757694826457105619e-02
1.118421052631578955e-01
1.013201320132013222e-01
9.602864583333332871e-02
9.482470784641068573e-02
9.311224489795918990e-02
9.163987138263665622e-02
8.791924454575056336e-02
9.484139698814482433e-02
9.431392577459993265e-02
9.408244680851063357e-02
9.543147208121827152e-02
9.142287234042553723e-02
9.085113165444692884e-02
8.363516628251564666e-02
7.996051332675221945e-02
7.354838709677419262e-02
6.256046436633344587e-02
8.681135225375626041e-02
1.020676074827699398e-01
8.955717118307997271e-02
7.984546039922729710e-02
9.490274983232729888e-02
9.413735343383584919e-02
9.036544850498338943e-02
9.477884935151313639e-02
8.882428940568475040e-02
9.039735099337747881e-02
9.378117725307615060e-02
8.999021845451581070e-02
