2.217358808059878839e-01
1.129437272108368417e-01
5.935016421991343161e-02
8.475951911580009712e-02
5.375117893090548826e-02
4.269556435679365547e-02
2.787135394327024118e-02
2.726653952491177313e-02
1.895081062695644358e-02
1.169615851884722724e-02
1.084677573900174122e-02
1.700197519742378816e-02
1.539388832129501283e-02
1.549092147401960433e-02
7.219036777797806920e-03
2.635631189494107296e-03
2.722213576266948459e-03
1.579849433321201327e-03
0.000000000000000000e+00
0.000000000000000000e+00
0.000000000000000000e+00
0.000000000000000000e+00
0.000000000000000000e+00
0.000000000000000000e+00
0.000000000000000000e+00
0.000000000000000000e+00
0.000000000000000000e+00
0.000000000000000000e+00
0.000000000000000000e+00
0.000000000000000000e+00
0.000000000000000000e+00
0.000000000000000000e+00
0.000000000000000000e+00
0.000000000000000000e+00
0.000000000000000000e+00
0.000000000000000000e+00
0.000000000000000000e+00
0.000000000000000000e+00
0.000000000000000000e+00
0.000000000000000000e+00
0.000000000000000000e+00
0.000000000000000000e+00
0.000000000000000000e+00
0.000000000000000000e+00
0.000000000000000000e+00
0.000000000000000000e+00
0.000000000000000000e+00
0.000000000000000000e+00
0.000000000000000000e+00
0.000000000000000000e+00
