1.927000000000000000e+03
1.762000000000000000e+03
1.859000000000000000e+03
1.830000000000000000e+03
1.956000000000000000e+03
1.976000000000000000e+03
1.904000000000000000e+03
1.915000000000000000e+03
2.110000000000000000e+03
2.165000000000000000e+03
2.120000000000000000e+03
2.115000000000000000e+03
2.191000000000000000e+03
2.169000000000000000e+03
2.264000000000000000e+03
2.141000000000000000e+03
2.141000000000000000e+03
2.176000000000000000e+03
2.136000000000000000e+03
2.185000000000000000e+03
2.204000000000000000e+03
2.309000000000000000e+03
2.207000000000000000e+03
2.137000000000000000e+03
2.193000000000000000e+03
2.117000000000000000e+03
2.168000000000000000e+03
2.195000000000000000e+03
2.264000000000000000e+03
2.180000000000000000e+03
2.246000000000000000e+03
2.268000000000000000e+03
2.234000000000000000e+03
2.160000000000000000e+03
2.140000000000000000e+03
2.217000000000000000e+03
2.305000000000000000e+03
2.195000000000000000e+03
2.169000000000000000e+03
2.202000000000000000e+03
2.247000000000000000e+03
2.234000000000000000e+03
2.181000000000000000e+03
2.208000000000000000e+03
2.287000000000000000e+03
2.242000000000000000e+03
2.227000000000000000e+03
2.264000000000000000e+03
2.187000000000000000e+03
2.236000000000000000e+03
2.130000000000000000e+03
2.173000000000000000e+03
2.141000000000000000e+03
2.186000000000000000e+03
2.298000000000000000e+03
2.192000000000000000e+03
2.215000000000000000e+03
2.297000000000000000e+03
2.188000000000000000e+03
2.171000000000000000e+03
2.190000000000000000e+03
2.273000000000000000e+03
2.261000000000000000e+03
2.320000000000000000e+03
2.195000000000000000e+03
2.232000000000000000e+03
2.242000000000000000e+03
2.225000000000000000e+03
2.318000000000000000e+03
2.279000000000000000e+03
2.166000000000000000e+03
2.229000000000000000e+03
2.204000000000000000e+03
2.201000000000000000e+03
2.184000000000000000e+03
2.246000000000000000e+03
2.183000000000000000e+03
2.159000000000000000e+03
2.156000000000000000e+03
2.208000000000000000e+03
2.207000000000000000e+03
2.219000000000000000e+03
2.163000000000000000e+03
2.162000000000000000e+03
2.183000000000000000e+03
2.101000000000000000e+03
2.200000000000000000e+03
2.172000000000000000e+03
2.217000000000000000e+03
2.195000000000000000e+03
2.230000000000000000e+03
2.217000000000000000e+03
2.333000000000000000e+03
2.196000000000000000e+03
2.144000000000000000e+03
2.199000000000000000e+03
2.238000000000000000e+03
2.203000000000000000e+03
2.140000000000000000e+03
2.144000000000000000e+03
