9.153206069505628872e-02
8.782327586206896408e-02
9.786989061600460948e-02
9.603573422668899850e-02
9.893198426082068508e-02
8.885209713024282141e-02
1.008316008316008372e-01
9.717868338557993091e-02
9.777547853078116802e-02
1.134937238493723827e-01
9.426627793974733105e-02
9.897610921501706627e-02
9.757356737222508403e-02
8.941877794336811069e-02
9.507883420926899198e-02
9.609756097560975818e-02
9.332023575638506707e-02
9.099662975445353685e-02
8.189855746859003860e-02
9.490509490509491108e-02
8.959537572254334947e-02
1.177370030581039728e-01
7.852882703777336326e-02
1.119881598421312296e-01
9.621993127147766833e-02
9.915716410510659606e-02
9.989858012170385604e-02
9.610764055742430922e-02
9.722222222222222376e-02
9.696092619392185363e-02
1.041055718475073361e-01
9.240445089501693465e-02
1.051379638439581404e-01
9.400876765708718330e-02
8.040442946557535553e-02
4.970472440944882081e-02
8.015640273704789653e-02
7.785299806576402581e-02
8.838987099856665530e-02
9.736711376055638689e-02
1.000000000000000056e-01
8.955938697318008290e-02
8.907641819034224639e-02
8.646245059288537593e-02
9.860557768924302358e-02
8.293612964728312720e-02
8.815028901734103806e-02
9.610764055742430922e-02
8.213041314086609590e-02
9.285004965243297270e-02
9.860557768924302358e-02
8.412618928392588680e-02
8.405797101449274944e-02
8.060453400503778121e-02
8.564356435643565024e-02
7.776126795443288886e-02
7.237464522232733843e-02
7.684580612757407891e-02
5.577299412915850962e-02
5.583003952569169648e-02
8.154506437768239968e-02
7.377819548872180389e-02
8.479393652297489981e-02
8.313539192399049815e-02
9.900047596382674508e-02
9.151256519677572476e-02
1.008771929824561348e-01
1.024551463644948063e-01
9.514563106796115888e-02
8.372978116079923816e-02
8.473760231102551999e-02
9.348996573666176757e-02
1.153277476589452955e-01
9.712054660810151563e-02
9.915809167446211492e-02
8.100289296046286891e-02
8.210023866348448163e-02
1.146560319042871368e-01
7.644230769230769829e-02
8.608949416342412397e-02
9.195955705344247000e-02
1.091260260743602134e-01
1.085494716618635863e-01
9.800000000000000377e-02
1.002493765586034979e-01
9.472196041470311301e-02
1.026231017027151443e-01
1.008902077151335314e-01
1.007556675062972334e-01
9.010682768230375561e-02
9.874759152215799307e-02
8.078910286519493111e-02
9.095215537659877281e-02
9.009433962264150331e-02
7.892293407613741596e-02
8.205590622182146188e-02
8.245533669262482268e-02
7.255083179297597273e-02
8.139003200731595444e-02
9.044995408631771594e-02
9.842883548983363817e-02
8.852459016393442182e-02
8.661800486618004280e-02
8.683206106870229590e-02
8.748824082784571743e-02
8.196721311475409222e-02
9.712054660810151563e-02
9.681945743685688166e-02
9.104046242774566089e-02
9.292248435243138927e-02
9.233698238933840674e-02
8.939323761000463053e-02
1.052378664103796185e-01
8.309037900874635674e-02
9.275362318840579823e-02
8.200562324273664994e-02
9.241706161137440423e-02
8.665105386416861732e-02
9.414414414414414012e-02
9.918151179585940613e-02
9.860509860509859836e-02
9.433063363506431764e-02
9.232264334305149978e-02
9.827420901246404494e-02
1.041275797373358292e-01
9.720885466794995655e-02
9.200968523002421573e-02
9.758454106280192719e-02
9.650824442289039629e-02
9.627791563275434061e-02
1.029411764705882304e-01
1.001487357461576660e-01
9.023255813953488802e-02
9.598853868194842653e-02
9.204218600191754751e-02
8.961802154750245220e-02
9.347614410905549787e-02
1.028037383177570069e-01
1.024610748367654478e-01
9.962928637627432860e-02
7.353652636671505205e-02
9.005628517823639767e-02
8.919540229885057625e-02
9.871855719031798204e-02
8.840304182509506337e-02
1.070788530465949795e-01
1.006616257088846916e-01
9.311926605504587673e-02
9.539629805410536345e-02
8.245533669262482268e-02
9.463148316651501246e-02
9.534568459105287330e-02
1.061580882352941152e-01
8.517647058823529793e-02
9.598523304107060838e-02
1.095260009203865570e-01
8.908582089552238847e-02
8.728296574378226202e-02
9.589694656488549629e-02
9.548693586698336899e-02
1.006026889197960128e-01
9.890109890109889668e-02
1.004672897196261655e-01
9.434865900383142268e-02
9.612481127327629493e-02
9.746588693957114469e-02
9.434889434889434656e-02
1.057373162636320585e-01
9.597378277153557902e-02
1.123800822293284651e-01
9.834515366430260364e-02
9.403341288782816887e-02
9.271822704658524983e-02
9.078212290502793436e-02
9.564801530368244320e-02
1.031859248692344327e-01
1.004223369310183051e-01
9.966934341048654111e-02
9.640831758034026922e-02
1.010199125789218028e-01
8.892058963385639225e-02
9.149130832570906424e-02
8.290398126463700834e-02
1.080835603996366939e-01
9.180790960451977456e-02
8.425925925925925597e-02
9.723593287265547280e-02
1.060752169720347166e-01
9.268514311676510908e-02
1.044917257683215112e-01
9.795530194959581327e-02
9.926650366748165921e-02
9.834515366430260364e-02
9.018691588785046620e-02
1.011080332409972360e-01
9.593572778827977321e-02
9.364858599907278924e-02
7.975167144221585735e-02
8.935361216730038081e-02
8.819345661450925244e-02
