8.640000000000000000e+02
9.290000000000000000e+02
9.450000000000000000e+02
9.560000000000000000e+02
9.620000000000000000e+02
1.017000000000000000e+03
1.008000000000000000e+03
1.039000000000000000e+03
1.017000000000000000e+03
1.046000000000000000e+03
1.026000000000000000e+03
1.034000000000000000e+03
9.880000000000000000e+02
9.840000000000000000e+02
1.004000000000000000e+03
9.830000000000000000e+02
1.022000000000000000e+03
9.880000000000000000e+02
9.880000000000000000e+02
9.640000000000000000e+02
9.610000000000000000e+02
9.660000000000000000e+02
1.030000000000000000e+03
9.660000000000000000e+02
9.180000000000000000e+02
9.150000000000000000e+02
9.540000000000000000e+02
1.005000000000000000e+03
8.720000000000000000e+02
9.950000000000000000e+02
9.070000000000000000e+02
8.660000000000000000e+02
9.480000000000000000e+02
9.040000000000000000e+02
9.060000000000000000e+02
8.580000000000000000e+02
9.040000000000000000e+02
9.180000000000000000e+02
8.780000000000000000e+02
8.550000000000000000e+02
8.490000000000000000e+02
8.300000000000000000e+02
8.210000000000000000e+02
8.530000000000000000e+02
8.530000000000000000e+02
7.670000000000000000e+02
7.470000000000000000e+02
8.020000000000000000e+02
7.410000000000000000e+02
8.080000000000000000e+02
7.350000000000000000e+02
7.430000000000000000e+02
7.550000000000000000e+02
7.140000000000000000e+02
6.920000000000000000e+02
6.720000000000000000e+02
6.400000000000000000e+02
5.850000000000000000e+02
6.020000000000000000e+02
5.770000000000000000e+02
5.730000000000000000e+02
5.430000000000000000e+02
5.860000000000000000e+02
6.620000000000000000e+02
7.030000000000000000e+02
6.950000000000000000e+02
7.610000000000000000e+02
7.640000000000000000e+02
7.820000000000000000e+02
7.740000000000000000e+02
7.880000000000000000e+02
8.050000000000000000e+02
8.460000000000000000e+02
8.100000000000000000e+02
8.330000000000000000e+02
8.450000000000000000e+02
8.640000000000000000e+02
8.640000000000000000e+02
9.080000000000000000e+02
9.440000000000000000e+02
9.350000000000000000e+02
9.660000000000000000e+02
1.020000000000000000e+03
9.940000000000000000e+02
1.005000000000000000e+03
1.087000000000000000e+03
9.780000000000000000e+02
1.002000000000000000e+03
1.014000000000000000e+03
9.950000000000000000e+02
1.049000000000000000e+03
9.900000000000000000e+02
9.180000000000000000e+02
9.660000000000000000e+02
1.001000000000000000e+03
1.034000000000000000e+03
