1.127399999999999913e+01
1.126500000000000057e+01
1.126699999999999946e+01
1.125900000000000034e+01
1.125699999999999967e+01
1.125300000000000011e+01
1.125200000000000067e+01
1.124799999999999933e+01
1.124799999999999933e+01
1.124900000000000055e+01
1.124200000000000088e+01
1.124099999999999966e+01
1.123700000000000010e+01
1.123600000000000065e+01
1.123600000000000065e+01
1.123099999999999987e+01
1.123199999999999932e+01
1.123099999999999987e+01
1.122899999999999920e+01
1.122899999999999920e+01
1.122899999999999920e+01
1.122499999999999964e+01
1.122499999999999964e+01
1.122799999999999976e+01
1.122400000000000020e+01
1.122400000000000020e+01
1.122300000000000075e+01
1.122300000000000075e+01
1.122700000000000031e+01
1.122300000000000075e+01
1.122400000000000020e+01
1.122300000000000075e+01
1.122400000000000020e+01
1.122400000000000020e+01
1.122400000000000020e+01
1.121599999999999930e+01
1.122000000000000064e+01
1.121499999999999986e+01
1.121799999999999997e+01
1.121899999999999942e+01
1.122000000000000064e+01
1.122000000000000064e+01
1.121799999999999997e+01
1.121899999999999942e+01
1.122000000000000064e+01
1.121899999999999942e+01
1.121599999999999930e+01
1.121799999999999997e+01
1.122000000000000064e+01
1.122300000000000075e+01
1.122300000000000075e+01
