9.319664492078284877e-04
1.196888090963494885e-03
1.152737752161383340e-03
7.718120805369127480e-03
7.901064926142219516e-03
3.147623544224110764e-04
3.688675765400221485e-04
2.121640735502121605e-03
6.602839220864972249e-04
8.952254641909815000e-03
6.471259992386752674e-03
1.733703190013869723e-03
1.148985063194178560e-03
4.071058475203552518e-03
6.325110689437064837e-03
9.900990099009901110e-03
2.610966057441253189e-04
4.384042086804033466e-04
9.713453132588634881e-04
4.476275738585496844e-04
6.234845860755108826e-03
1.515610791148832995e-03
9.314140558848433074e-03
8.228670420095280172e-03
9.945750452079566220e-03
7.307270734380708630e-04
9.612886464016628246e-03
6.512006512006511712e-03
0.000000000000000000e+00
0.000000000000000000e+00
0.000000000000000000e+00
0.000000000000000000e+00
0.000000000000000000e+00
0.000000000000000000e+00
0.000000000000000000e+00
0.000000000000000000e+00
0.000000000000000000e+00
0.000000000000000000e+00
0.000000000000000000e+00
0.000000000000000000e+00
0.000000000000000000e+00
0.000000000000000000e+00
0.000000000000000000e+00
0.000000000000000000e+00
0.000000000000000000e+00
0.000000000000000000e+00
0.000000000000000000e+00
0.000000000000000000e+00
0.000000000000000000e+00
0.000000000000000000e+00
0.000000000000000000e+00
0.000000000000000000e+00
0.000000000000000000e+00
0.000000000000000000e+00
0.000000000000000000e+00
0.000000000000000000e+00
0.000000000000000000e+00
0.000000000000000000e+00
0.000000000000000000e+00
0.000000000000000000e+00
