1.020000000000000000e+02
1.220000000000000000e+02
9.700000000000000000e+01
1.120000000000000000e+02
9.500000000000000000e+01
8.600000000000000000e+01
9.700000000000000000e+01
1.020000000000000000e+02
1.150000000000000000e+02
1.180000000000000000e+02
1.100000000000000000e+02
1.140000000000000000e+02
1.030000000000000000e+02
1.170000000000000000e+02
1.210000000000000000e+02
1.140000000000000000e+02
1.260000000000000000e+02
1.190000000000000000e+02
1.380000000000000000e+02
1.520000000000000000e+02
1.270000000000000000e+02
1.650000000000000000e+02
1.530000000000000000e+02
1.910000000000000000e+02
1.640000000000000000e+02
2.080000000000000000e+02
1.830000000000000000e+02
2.420000000000000000e+02
2.610000000000000000e+02
2.330000000000000000e+02
2.350000000000000000e+02
1.850000000000000000e+02
1.810000000000000000e+02
1.440000000000000000e+02
1.350000000000000000e+02
1.590000000000000000e+02
1.170000000000000000e+02
9.500000000000000000e+01
1.120000000000000000e+02
1.100000000000000000e+02
1.090000000000000000e+02
1.110000000000000000e+02
1.270000000000000000e+02
9.800000000000000000e+01
1.170000000000000000e+02
1.190000000000000000e+02
