4.200000000000000000e+02
4.200000000000000000e+02
4.200000000000000000e+02
4.430000000000000000e+02
4.430000000000000000e+02
4.430000000000000000e+02
4.430000000000000000e+02
4.430000000000000000e+02
4.430000000000000000e+02
4.430000000000000000e+02
4.430000000000000000e+02
4.430000000000000000e+02
4.430000000000000000e+02
4.890000000000000000e+02
4.890000000000000000e+02
4.890000000000000000e+02
4.890000000000000000e+02
4.890000000000000000e+02
0.000000000000000000e+00
0.000000000000000000e+00
0.000000000000000000e+00
0.000000000000000000e+00
0.000000000000000000e+00
0.000000000000000000e+00
0.000000000000000000e+00
0.000000000000000000e+00
0.000000000000000000e+00
0.000000000000000000e+00
0.000000000000000000e+00
0.000000000000000000e+00
0.000000000000000000e+00
0.000000000000000000e+00
0.000000000000000000e+00
0.000000000000000000e+00
0.000000000000000000e+00
0.000000000000000000e+00
0.000000000000000000e+00
0.000000000000000000e+00
0.000000000000000000e+00
0.000000000000000000e+00
0.000000000000000000e+00
0.000000000000000000e+00
0.000000000000000000e+00
0.000000000000000000e+00
0.000000000000000000e+00
0.000000000000000000e+00
0.000000000000000000e+00
0.000000000000000000e+00
0.000000000000000000e+00
0.000000000000000000e+00
