9.100000000000000000e+02
9.320000000000000000e+02
1.052000000000000000e+03
1.039000000000000000e+03
1.058000000000000000e+03
1.025000000000000000e+03
1.018000000000000000e+03
1.007000000000000000e+03
1.062000000000000000e+03
1.001000000000000000e+03
1.014000000000000000e+03
1.064000000000000000e+03
9.600000000000000000e+02
9.270000000000000000e+02
8.250000000000000000e+02
8.300000000000000000e+02
7.710000000000000000e+02
7.240000000000000000e+02
7.690000000000000000e+02
6.950000000000000000e+02
6.500000000000000000e+02
6.520000000000000000e+02
6.800000000000000000e+02
7.330000000000000000e+02
7.060000000000000000e+02
6.840000000000000000e+02
6.800000000000000000e+02
7.950000000000000000e+02
7.840000000000000000e+02
8.340000000000000000e+02
9.080000000000000000e+02
9.710000000000000000e+02
9.450000000000000000e+02
9.640000000000000000e+02
9.910000000000000000e+02
9.880000000000000000e+02
9.540000000000000000e+02
9.830000000000000000e+02
9.800000000000000000e+02
1.000000000000000000e+03
9.990000000000000000e+02
1.018000000000000000e+03
1.064000000000000000e+03
9.840000000000000000e+02
1.038000000000000000e+03
1.006000000000000000e+03
9.940000000000000000e+02
1.025000000000000000e+03
1.017000000000000000e+03
9.580000000000000000e+02
1.022000000000000000e+03
