1.082100665144445500e-02
1.371659102370146287e-02
1.117866248283977230e-02
1.250372134563858262e-02
1.182190866622175561e-02
1.067685375648937292e-02
9.545849002024877142e-03
1.089051657671549767e-02
1.230916030534351217e-02
1.250841912825940462e-02
1.273458445040214458e-02
1.097620203982515794e-02
1.380175658720200760e-02
1.548586914440572976e-02
2.050877538946953293e-02
2.646429266394240143e-02
2.362589085228936764e-02
2.895734136624234650e-02
2.506635210852255907e-02
2.121681844603759068e-02
1.584541062801932479e-02
1.449985304202998024e-02
1.491063493630887665e-02
1.459285922755131776e-02
1.172400538151066769e-02
1.303608539580578159e-02
1.306354974953344468e-02
9.614460148062687131e-03
1.297946532351801699e-02
1.000769822940723690e-02
1.106938130065230307e-02
1.107473035439137179e-02
1.309570697124852294e-02
1.040337619000883222e-02
1.244690309196878376e-02
1.151593368410602607e-02
1.055202735710796327e-02
1.214809101426918628e-02
1.214771622934888301e-02
1.323529411764705864e-02
1.231163202994188868e-02
