1.040168727830505235e-01
1.063453665798288067e-01
1.029778887303851587e-01
1.075116956483361252e-01
1.040770686392568367e-01
1.046727320908047015e-01
9.979546616669507375e-02
9.357070536618292134e-02
9.289664707915658293e-02
8.731754217288698050e-02
8.617761929020206768e-02
7.894055732896212985e-02
8.249957605562149854e-02
8.867247565351102367e-02
9.156099693922169214e-02
1.010092222028884656e-01
1.010914760914760901e-01
9.724263116950471186e-02
1.003239004432321807e-01
1.097355566784571357e-01
1.021698274389202105e-01
1.028423772609819153e-01
1.048080249048772006e-01
1.005300051290818897e-01
1.106335425083813245e-01
9.937516048960026716e-02
