1.826340436935424805e+00
1.838081359863281250e+00
1.921254396438598633e+00
1.806720256805419922e+00
1.823235034942626953e+00
1.831281661987304688e+00
1.755453586578369141e+00
1.877213239669799805e+00
1.878808975219726562e+00
1.844287157058715820e+00
1.762946128845214844e+00
1.794815778732299805e+00
1.850840330123901367e+00
1.787914037704467773e+00
1.817675352096557617e+00
1.737861394882202148e+00
1.770210504531860352e+00
1.763818264007568359e+00
1.751180410385131836e+00
1.810755491256713867e+00
1.812290191650390625e+00
1.980879783630371094e+00
1.759265184402465820e+00
1.793954372406005859e+00
1.802947044372558594e+00
1.757413625717163086e+00
1.943937778472900391e+00
1.875666141510009766e+00
1.745451927185058594e+00
1.749665737152099609e+00
1.747253656387329102e+00
1.786275148391723633e+00
1.835421562194824219e+00
1.753392934799194336e+00
1.789240121841430664e+00
1.838496208190917969e+00
1.833251237869262695e+00
1.744995594024658203e+00
1.796067476272583008e+00
1.814278841018676758e+00
1.861426830291748047e+00
1.781251430511474609e+00
1.879841327667236328e+00
1.819287776947021484e+00
1.761384248733520508e+00
1.960242509841918945e+00
1.732389211654663086e+00
1.775417327880859375e+00
1.786661624908447266e+00
1.753002405166625977e+00
1.788163661956787109e+00
1.840611934661865234e+00
1.773182153701782227e+00
1.737727403640747070e+00
1.821634292602539062e+00
1.810113191604614258e+00
1.741625547409057617e+00
1.783360719680786133e+00
1.833847522735595703e+00
1.961380481719970703e+00
1.772151470184326172e+00
1.804462432861328125e+00
1.819315910339355469e+00
1.854526042938232422e+00
2.028341531753540039e+00
1.863299608230590820e+00
1.770354270935058594e+00
1.840721845626831055e+00
1.754681825637817383e+00
1.855285882949829102e+00
1.744111061096191406e+00
1.749129056930541992e+00
1.812598943710327148e+00
1.882894992828369141e+00
2.009532451629638672e+00
1.780683040618896484e+00
1.899849891662597656e+00
1.858373403549194336e+00
1.812507867813110352e+00
1.750225305557250977e+00
1.803458929061889648e+00
1.828815460205078125e+00
1.755560636520385742e+00
1.824713706970214844e+00
2.067313432693481445e+00
1.863889217376708984e+00
1.823951244354248047e+00
1.748620510101318359e+00
1.805793285369873047e+00
1.819970607757568359e+00
1.760623216629028320e+00
1.826939105987548828e+00
1.786259174346923828e+00
1.823445320129394531e+00
1.983875989913940430e+00
1.758508920669555664e+00
1.780276536941528320e+00
1.828220605850219727e+00
1.761586427688598633e+00
1.986047744750976562e+00
