1.125399999999999956e+01
1.125099999999999945e+01
1.125399999999999956e+01
1.124799999999999933e+01
1.125200000000000067e+01
1.124600000000000044e+01
1.124399999999999977e+01
1.124399999999999977e+01
1.124600000000000044e+01
1.124600000000000044e+01
1.124600000000000044e+01
1.124699999999999989e+01
1.124300000000000033e+01
1.124300000000000033e+01
1.124399999999999977e+01
1.124300000000000033e+01
1.124300000000000033e+01
1.124099999999999966e+01
1.124300000000000033e+01
1.123900000000000077e+01
1.124399999999999977e+01
1.123900000000000077e+01
1.123700000000000010e+01
1.123799999999999955e+01
1.123900000000000077e+01
1.123900000000000077e+01
1.123399999999999999e+01
1.124099999999999966e+01
1.124300000000000033e+01
1.123700000000000010e+01
1.123700000000000010e+01
1.123700000000000010e+01
1.123700000000000010e+01
1.123799999999999955e+01
1.123399999999999999e+01
1.123300000000000054e+01
1.123700000000000010e+01
1.123300000000000054e+01
1.123300000000000054e+01
1.123000000000000043e+01
1.123499999999999943e+01
1.123099999999999987e+01
1.123700000000000010e+01
1.123000000000000043e+01
1.123000000000000043e+01
1.123700000000000010e+01
1.123000000000000043e+01
1.123300000000000054e+01
1.123300000000000054e+01
1.123399999999999999e+01
1.123099999999999987e+01
1.122899999999999920e+01
1.123099999999999987e+01
1.122600000000000087e+01
1.122499999999999964e+01
1.123099999999999987e+01
1.123000000000000043e+01
1.123000000000000043e+01
1.122700000000000031e+01
1.122899999999999920e+01
1.122899999999999920e+01
1.123300000000000054e+01
1.122700000000000031e+01
1.122600000000000087e+01
1.123000000000000043e+01
1.122700000000000031e+01
1.122600000000000087e+01
1.122600000000000087e+01
1.123000000000000043e+01
1.122499999999999964e+01
1.122600000000000087e+01
1.122499999999999964e+01
1.122499999999999964e+01
1.122499999999999964e+01
1.123000000000000043e+01
1.122400000000000020e+01
1.122600000000000087e+01
1.122499999999999964e+01
1.122499999999999964e+01
1.122100000000000009e+01
1.122600000000000087e+01
1.122499999999999964e+01
1.122199999999999953e+01
1.122499999999999964e+01
1.122000000000000064e+01
1.122000000000000064e+01
1.122199999999999953e+01
1.122499999999999964e+01
1.122100000000000009e+01
1.122400000000000020e+01
1.122100000000000009e+01
1.122199999999999953e+01
1.122100000000000009e+01
1.121799999999999997e+01
1.122199999999999953e+01
1.122100000000000009e+01
1.121599999999999930e+01
1.122000000000000064e+01
1.121400000000000041e+01
1.121700000000000053e+01
1.122100000000000009e+01
1.121599999999999930e+01
1.122100000000000009e+01
1.121799999999999997e+01
1.121700000000000053e+01
1.122100000000000009e+01
1.121700000000000053e+01
1.121799999999999997e+01
1.122199999999999953e+01
1.121799999999999997e+01
1.122199999999999953e+01
1.122000000000000064e+01
1.121700000000000053e+01
1.122000000000000064e+01
1.121599999999999930e+01
1.122000000000000064e+01
1.121799999999999997e+01
1.122100000000000009e+01
1.121700000000000053e+01
1.122100000000000009e+01
1.121700000000000053e+01
1.122000000000000064e+01
1.122100000000000009e+01
1.121599999999999930e+01
1.121700000000000053e+01
1.121799999999999997e+01
1.121599999999999930e+01
1.121799999999999997e+01
1.121299999999999919e+01
1.122000000000000064e+01
1.121799999999999997e+01
1.122000000000000064e+01
1.121599999999999930e+01
1.121599999999999930e+01
1.121799999999999997e+01
1.121799999999999997e+01
1.122000000000000064e+01
1.122000000000000064e+01
1.121700000000000053e+01
1.121799999999999997e+01
1.121700000000000053e+01
1.121700000000000053e+01
1.121700000000000053e+01
1.122000000000000064e+01
1.118299999999999983e+01
1.118099999999999916e+01
1.118099999999999916e+01
1.118299999999999983e+01
1.118099999999999916e+01
1.118500000000000050e+01
1.118200000000000038e+01
1.118099999999999916e+01
1.118099999999999916e+01
1.118099999999999916e+01
1.118500000000000050e+01
1.117800000000000082e+01
1.118200000000000038e+01
1.118099999999999916e+01
1.118500000000000050e+01
1.118099999999999916e+01
1.117900000000000027e+01
1.118099999999999916e+01
1.118099999999999916e+01
1.118299999999999983e+01
1.118200000000000038e+01
1.118299999999999983e+01
1.118299999999999983e+01
1.117800000000000082e+01
1.118599999999999994e+01
1.118599999999999994e+01
1.118299999999999983e+01
1.118200000000000038e+01
1.118099999999999916e+01
1.118299999999999983e+01
1.118299999999999983e+01
1.118099999999999916e+01
1.118299999999999983e+01
1.118099999999999916e+01
1.118099999999999916e+01
1.118200000000000038e+01
1.118299999999999983e+01
1.118200000000000038e+01
1.118500000000000050e+01
1.118299999999999983e+01
1.117900000000000027e+01
1.118099999999999916e+01
1.118200000000000038e+01
1.118500000000000050e+01
1.118099999999999916e+01
1.118099999999999916e+01
1.118099999999999916e+01
1.118099999999999916e+01
1.118099999999999916e+01
1.118299999999999983e+01
1.118200000000000038e+01
1.118500000000000050e+01
1.117800000000000082e+01
1.118099999999999916e+01
1.118299999999999983e+01
1.118099999999999916e+01
