2.539305210113525391e+00
2.559407472610473633e+00
2.489490985870361328e+00
2.538804531097412109e+00
2.483155012130737305e+00
2.556335449218750000e+00
2.531683683395385742e+00
2.477096080780029297e+00
2.510433673858642578e+00
2.454871416091918945e+00
2.627987623214721680e+00
2.674897432327270508e+00
2.617001295089721680e+00
2.612814426422119141e+00
2.538995742797851562e+00
2.551676273345947266e+00
2.640371561050415039e+00
2.602412223815917969e+00
2.572587490081787109e+00
2.430054903030395508e+00
2.602763652801513672e+00
2.520612955093383789e+00
2.555938005447387695e+00
2.622490406036376953e+00
2.471026420593261719e+00
2.605560779571533203e+00
2.537109375000000000e+00
2.576629400253295898e+00
2.545728921890258789e+00
2.642612218856811523e+00
2.578373193740844727e+00
2.487806081771850586e+00
0.000000000000000000e+00
0.000000000000000000e+00
0.000000000000000000e+00
0.000000000000000000e+00
0.000000000000000000e+00
0.000000000000000000e+00
0.000000000000000000e+00
0.000000000000000000e+00
0.000000000000000000e+00
0.000000000000000000e+00
0.000000000000000000e+00
0.000000000000000000e+00
0.000000000000000000e+00
0.000000000000000000e+00
0.000000000000000000e+00
0.000000000000000000e+00
0.000000000000000000e+00
0.000000000000000000e+00
0.000000000000000000e+00
0.000000000000000000e+00
0.000000000000000000e+00
0.000000000000000000e+00
0.000000000000000000e+00
0.000000000000000000e+00
0.000000000000000000e+00
0.000000000000000000e+00
0.000000000000000000e+00
0.000000000000000000e+00
