6.460000000000000000e+02
9.900000000000000000e+01
1.980000000000000000e+02
8.000000000000000000e+02
3.660000000000000000e+02
2.030000000000000000e+03
2.880000000000000000e+02
5.253000000000000000e+03
3.705000000000000000e+03
2.240000000000000000e+02
2.064000000000000000e+03
1.420000000000000000e+03
5.633000000000000000e+03
2.060000000000000000e+03
1.000000000000000000e+02
7.620000000000000000e+02
9.710000000000000000e+02
1.063000000000000000e+03
2.150000000000000000e+02
1.393000000000000000e+03
2.718000000000000000e+03
2.580000000000000000e+02
2.012000000000000000e+03
1.970000000000000000e+02
1.056000000000000000e+03
1.330000000000000000e+03
1.305000000000000000e+03
1.048000000000000000e+03
1.081000000000000000e+03
9.100000000000000000e+01
5.166000000000000000e+03
9.300000000000000000e+02
3.517000000000000000e+03
3.690000000000000000e+02
1.227000000000000000e+03
3.050000000000000000e+02
9.500000000000000000e+01
8.330000000000000000e+02
1.190000000000000000e+02
7.890000000000000000e+02
1.439000000000000000e+03
2.673000000000000000e+03
2.104000000000000000e+03
9.360000000000000000e+02
5.450000000000000000e+03
8.950000000000000000e+02
1.000000000000000000e+02
3.690000000000000000e+03
4.000000000000000000e+02
3.920000000000000000e+02
3.578000000000000000e+03
5.464000000000000000e+03
8.640000000000000000e+02
2.733000000000000000e+03
1.987000000000000000e+03
3.662000000000000000e+03
2.742000000000000000e+03
1.190000000000000000e+02
2.851000000000000000e+03
1.036000000000000000e+03
1.460000000000000000e+03
7.750000000000000000e+02
2.290000000000000000e+02
8.070000000000000000e+02
4.200000000000000000e+02
7.770000000000000000e+02
5.295000000000000000e+03
7.590000000000000000e+02
1.377000000000000000e+03
9.000000000000000000e+01
2.330000000000000000e+02
3.619000000000000000e+03
5.910000000000000000e+02
8.800000000000000000e+01
1.388000000000000000e+03
9.970000000000000000e+02
1.342000000000000000e+03
1.337000000000000000e+03
5.780000000000000000e+02
2.130000000000000000e+02
6.880000000000000000e+02
2.670000000000000000e+02
1.111000000000000000e+03
5.580000000000000000e+02
1.054000000000000000e+03
3.680000000000000000e+02
9.200000000000000000e+01
5.860000000000000000e+02
7.740000000000000000e+02
8.900000000000000000e+01
2.880000000000000000e+02
1.100000000000000000e+02
4.130000000000000000e+02
4.000000000000000000e+02
5.720000000000000000e+02
3.860000000000000000e+02
2.350000000000000000e+02
8.900000000000000000e+01
2.960000000000000000e+02
5.325000000000000000e+03
5.050000000000000000e+02
2.695000000000000000e+03
1.151000000000000000e+03
3.489000000000000000e+03
5.890000000000000000e+02
1.040000000000000000e+02
3.130000000000000000e+02
3.534000000000000000e+03
7.870000000000000000e+02
1.850000000000000000e+02
3.516000000000000000e+03
2.693000000000000000e+03
1.932000000000000000e+03
6.850000000000000000e+02
3.424000000000000000e+03
1.860000000000000000e+02
1.063000000000000000e+03
1.459000000000000000e+03
5.445000000000000000e+03
5.279000000000000000e+03
3.040000000000000000e+02
2.230000000000000000e+02
5.246000000000000000e+03
1.072000000000000000e+03
9.320000000000000000e+02
3.760000000000000000e+02
9.040000000000000000e+02
2.698000000000000000e+03
3.910000000000000000e+02
1.106000000000000000e+03
1.020000000000000000e+02
5.600000000000000000e+02
9.130000000000000000e+02
3.790000000000000000e+02
2.150000000000000000e+02
5.830000000000000000e+02
1.013000000000000000e+03
2.040000000000000000e+03
8.600000000000000000e+01
1.960000000000000000e+03
1.993000000000000000e+03
2.910000000000000000e+02
1.030000000000000000e+02
1.118000000000000000e+03
9.550000000000000000e+02
3.790000000000000000e+02
2.019000000000000000e+03
8.540000000000000000e+02
2.710000000000000000e+02
3.040000000000000000e+02
8.980000000000000000e+02
1.947000000000000000e+03
1.040000000000000000e+02
3.378000000000000000e+03
2.568000000000000000e+03
3.465000000000000000e+03
1.310000000000000000e+03
2.581000000000000000e+03
9.000000000000000000e+02
1.970000000000000000e+03
1.304000000000000000e+03
8.100000000000000000e+01
9.700000000000000000e+01
5.167000000000000000e+03
5.390000000000000000e+02
5.150000000000000000e+03
5.440000000000000000e+02
5.440000000000000000e+02
7.170000000000000000e+02
3.690000000000000000e+02
2.790000000000000000e+02
1.364000000000000000e+03
9.300000000000000000e+01
8.800000000000000000e+01
1.900000000000000000e+02
2.744000000000000000e+03
5.550000000000000000e+02
1.951000000000000000e+03
1.070000000000000000e+02
2.150000000000000000e+02
5.426000000000000000e+03
7.600000000000000000e+01
1.113000000000000000e+03
1.970000000000000000e+02
1.070000000000000000e+02
3.692000000000000000e+03
9.550000000000000000e+02
1.010000000000000000e+02
3.860000000000000000e+02
8.700000000000000000e+01
2.716000000000000000e+03
2.010000000000000000e+02
3.341000000000000000e+03
7.330000000000000000e+02
1.289000000000000000e+03
3.390000000000000000e+03
5.209000000000000000e+03
1.048000000000000000e+03
8.900000000000000000e+01
1.070000000000000000e+02
2.625000000000000000e+03
2.810000000000000000e+02
2.503000000000000000e+03
2.561000000000000000e+03
2.770000000000000000e+02
9.300000000000000000e+01
1.853000000000000000e+03
5.780000000000000000e+02
6.910000000000000000e+02
5.185000000000000000e+03
