1.141200000000000081e+01
1.141200000000000081e+01
1.141000000000000014e+01
1.140600000000000058e+01
1.140700000000000003e+01
1.141000000000000014e+01
1.140700000000000003e+01
1.140600000000000058e+01
1.140900000000000070e+01
1.141000000000000014e+01
1.140700000000000003e+01
1.140700000000000003e+01
1.140499999999999936e+01
1.140300000000000047e+01
1.140199999999999925e+01
1.140700000000000003e+01
1.140900000000000070e+01
1.140499999999999936e+01
1.140700000000000003e+01
1.140600000000000058e+01
1.140300000000000047e+01
1.140600000000000058e+01
1.140499999999999936e+01
1.140499999999999936e+01
1.140700000000000003e+01
1.140199999999999925e+01
1.140499999999999936e+01
1.140099999999999980e+01
1.139799999999999969e+01
1.140700000000000003e+01
1.140199999999999925e+01
1.140300000000000047e+01
1.140300000000000047e+01
1.140300000000000047e+01
1.140300000000000047e+01
1.140199999999999925e+01
1.140300000000000047e+01
1.139700000000000024e+01
1.140099999999999980e+01
1.140199999999999925e+01
1.140199999999999925e+01
1.139799999999999969e+01
1.140099999999999980e+01
1.139700000000000024e+01
1.140099999999999980e+01
1.139700000000000024e+01
1.139799999999999969e+01
1.139799999999999969e+01
1.139799999999999969e+01
1.140099999999999980e+01
1.139700000000000024e+01
1.139700000000000024e+01
1.139799999999999969e+01
1.139499999999999957e+01
1.139799999999999969e+01
1.139700000000000024e+01
1.140099999999999980e+01
1.139700000000000024e+01
1.139700000000000024e+01
1.139799999999999969e+01
1.139799999999999969e+01
1.139799999999999969e+01
1.139700000000000024e+01
1.139400000000000013e+01
1.139700000000000024e+01
1.139700000000000024e+01
1.139799999999999969e+01
1.139300000000000068e+01
1.139799999999999969e+01
1.139499999999999957e+01
1.139700000000000024e+01
1.139400000000000013e+01
1.139300000000000068e+01
1.139499999999999957e+01
1.139700000000000024e+01
1.139300000000000068e+01
1.139300000000000068e+01
1.139400000000000013e+01
1.139499999999999957e+01
1.139400000000000013e+01
1.139499999999999957e+01
1.139400000000000013e+01
1.139400000000000013e+01
1.139400000000000013e+01
1.139199999999999946e+01
1.139400000000000013e+01
1.139199999999999946e+01
1.139300000000000068e+01
1.138899999999999935e+01
1.139199999999999946e+01
1.138799999999999990e+01
1.138899999999999935e+01
1.139400000000000013e+01
1.139199999999999946e+01
1.139199999999999946e+01
1.139400000000000013e+01
1.139400000000000013e+01
1.139199999999999946e+01
1.139499999999999957e+01
1.139199999999999946e+01
