2.210787792760823267e-01
1.851851851851851749e-01
2.073684210526315908e-01
2.038583357327958534e-01
2.263834544438233787e-01
2.150248344370860876e-01
2.149122807017543879e-01
2.104266458727860056e-01
2.111562186956292553e-01
2.202436738519212844e-01
2.080281277468502832e-01
2.183728524776373803e-01
2.077003951709386342e-01
2.150601810404854375e-01
1.932270916334661304e-01
2.019089574155653322e-01
2.067676977371808167e-01
2.103815744242007457e-01
1.931922723091076266e-01
2.167161760734539477e-01
2.200802082600436249e-01
1.959544879898862113e-01
2.079414838035527624e-01
2.163461538461538547e-01
2.069665201217450179e-01
2.126957955482275398e-01
2.116747741487143841e-01
2.112409762805087521e-01
2.025004402183482877e-01
2.379110251450677060e-01
2.032974859340502816e-01
2.028634805404315455e-01
2.073512615512407842e-01
1.952975047984644996e-01
2.089423903697334439e-01
1.974522292993630690e-01
1.992818671454218982e-01
1.957749938590027106e-01
1.988527724665392071e-01
2.119725220804710430e-01
2.129746392041474146e-01
2.064397942647784034e-01
2.093135364442730295e-01
2.012018234562784891e-01
2.058452409371483161e-01
1.918604651162790775e-01
2.171314741035856588e-01
2.074368080217255106e-01
1.979213737008585494e-01
1.924510717614165978e-01
2.129307208565043297e-01
2.011338341680578845e-01
2.075694855115316484e-01
2.127895685948120452e-01
2.085912944089913235e-01
2.026679027606098082e-01
2.007432385933521357e-01
2.136602451838879035e-01
2.037585186204997623e-01
2.135744767323714821e-01
1.985734664764622071e-01
1.942813377584886314e-01
2.303206997084548124e-01
2.097672064777327816e-01
1.932089909134385441e-01
2.153965785381026510e-01
2.058139131038794201e-01
1.962180746561885958e-01
2.070184983677910706e-01
2.042801556420233422e-01
1.728813559322033844e-01
2.056955435235318652e-01
2.108291032148900124e-01
1.830708661417322913e-01
2.066252587991718459e-01
2.005213555243633428e-01
2.080813633864760925e-01
2.058461958748804832e-01
1.967793880837359066e-01
1.933085501858736177e-01
1.871813546977421638e-01
2.028624766645923949e-01
1.891891891891891997e-01
2.220394736842105365e-01
2.058773278660515904e-01
2.003891050583657685e-01
2.153284671532846584e-01
1.975151322077094707e-01
1.963645673323092811e-01
1.933593750000000000e-01
1.973848069738480815e-01
1.903914590747330937e-01
1.915998112317130742e-01
2.120911793855302374e-01
2.068045363575717055e-01
2.108641975308641892e-01
1.881377551020408101e-01
2.070175438596491280e-01
2.024421593830334209e-01
2.036058113075442100e-01
2.079617834394904552e-01
2.024344698803513254e-01
2.031170591224800981e-01
2.063625387159430946e-01
1.984475194060074388e-01
1.920792079207920833e-01
2.083333333333333426e-01
2.136438356164383490e-01
1.935736677115987570e-01
2.084980237154150096e-01
2.031905961376994085e-01
1.995148574893875204e-01
2.049751243781094412e-01
2.008472464490406173e-01
1.970802919708029288e-01
2.098991750687442814e-01
2.011533242876526462e-01
1.959302325581395443e-01
2.015141635876258885e-01
2.035398230088495686e-01
1.806250000000000078e-01
2.088974854932301728e-01
2.024896574857441012e-01
2.051976177585273509e-01
2.025514771709937267e-01
2.209429824561403577e-01
2.035341707472854977e-01
2.040063638993346862e-01
2.038404726735598138e-01
2.104806524379663479e-01
1.755424063116370892e-01
2.038539553752535538e-01
2.004273504273504369e-01
2.155495978552278702e-01
1.660231660231660245e-01
1.971879286694101507e-01
1.981028821597956846e-01
1.981021326550577166e-01
2.224532224532224656e-01
1.975658080951033235e-01
1.975946631588837710e-01
1.981191222570533039e-01
1.934865900383141712e-01
1.979871308364956339e-01
1.880808080808080707e-01
1.995049504950495156e-01
2.043299166586837745e-01
1.949221949221949246e-01
1.824583866837387880e-01
1.977401129943502922e-01
2.077216971646893284e-01
2.069641981363413430e-01
1.833976833976833920e-01
2.066465256797583028e-01
1.956909361069836539e-01
1.986661606029387905e-01
2.075390569012469655e-01
2.042100694444444475e-01
1.975081699346405151e-01
2.022669532929450842e-01
1.908765159867695793e-01
1.895551257253385025e-01
1.978984238178634059e-01
2.037906004839064311e-01
2.140350877192982448e-01
1.986827262472253552e-01
1.892775416802876809e-01
1.931855772411511796e-01
2.137718396711202340e-01
2.068796068796068810e-01
1.950895819508958184e-01
2.039146947122407183e-01
1.962616822429906482e-01
1.806020066889632014e-01
2.082949308755760454e-01
2.041395800642606395e-01
1.980198019801980291e-01
1.966345244847797213e-01
1.942307692307692346e-01
1.980769230769230671e-01
1.974991068238656777e-01
1.868978805394990450e-01
1.965534891656713912e-01
1.937269372693727065e-01
2.226277372262773779e-01
2.026486486486486494e-01
2.020094057289439915e-01
1.942740286298568486e-01
2.226113056528264134e-01
1.889117043121149864e-01
2.003760214042953347e-01
2.099125364431486951e-01
1.974830590513068640e-01
1.815724815724815699e-01
2.003136583974907403e-01
1.966740937992500493e-01
1.994110676194922327e-01
2.029939134726106154e-01
2.113970588235294101e-01
2.006745362563237822e-01
2.037551684403172136e-01
2.176360225140712978e-01
1.985771515402680043e-01
2.016463800745796064e-01
2.016238159675236841e-01
2.292051756007393581e-01
2.103430619559651937e-01
2.066901408450704247e-01
1.875675675675675669e-01
2.037403824179172818e-01
