9.737827715355805436e-02
9.307899730350543965e-02
9.740740740740740089e-02
9.317549995516097305e-02
9.089347079037800314e-02
8.770428681440917140e-02
8.567581215283621987e-02
8.530283778060143707e-02
9.050622123742968483e-02
8.601134215500945424e-02
8.541105121293800229e-02
9.010077059869590899e-02
8.152173913043478382e-02
7.841312806631703380e-02
6.940355009674434306e-02
6.870860927152318276e-02
6.460532931121167055e-02
6.010293873484974514e-02
6.424931071935834070e-02
5.842791088692728119e-02
5.481531455557429877e-02
5.394671520767830436e-02
5.767599660729431921e-02
6.099184556498585263e-02
5.844854706515439924e-02
5.659908978071990365e-02
5.765643547566559612e-02
6.568619350574238236e-02
6.654218299100322920e-02
7.048681541582149657e-02
7.606601323615648502e-02
7.956407735168796735e-02
7.906626506024096168e-02
8.126106381185198291e-02
8.303309593632174357e-02
8.195089581950895652e-02
7.979257276681164801e-02
8.175996007652000519e-02
8.136831617402856542e-02
8.336112037345781711e-02
8.238495794161306007e-02
8.375154257507198829e-02
8.784676354029062606e-02
8.110781404549950724e-02
8.407581402883525235e-02
8.351319940229121053e-02
8.222350897510133372e-02
8.622139973082099118e-02
8.352496714848882398e-02
8.055835856037672771e-02
8.461665838715018428e-02
