1.848473072052001953e+00
2.056185007095336914e+00
1.892708778381347656e+00
1.845109224319458008e+00
1.891100406646728516e+00
1.838567495346069336e+00
1.799570322036743164e+00
1.834758043289184570e+00
1.858027696609497070e+00
1.876421213150024414e+00
1.858710527420043945e+00
1.867435455322265625e+00
1.995699882507324219e+00
1.856735467910766602e+00
1.828921556472778320e+00
1.797584533691406250e+00
1.838199615478515625e+00
1.880993604660034180e+00
1.827577590942382812e+00
1.809975147247314453e+00
1.850326061248779297e+00
1.799672365188598633e+00
1.914025068283081055e+00
1.878626823425292969e+00
1.819315671920776367e+00
1.934138298034667969e+00
1.838304519653320312e+00
1.803636550903320312e+00
1.893085002899169922e+00
1.857904195785522461e+00
1.900600433349609375e+00
1.804980993270874023e+00
1.841272115707397461e+00
1.959703922271728516e+00
1.924969434738159180e+00
1.786783695220947266e+00
1.844169378280639648e+00
1.867704868316650391e+00
1.824433803558349609e+00
1.816110134124755859e+00
1.846596002578735352e+00
1.854023694992065430e+00
1.862832307815551758e+00
1.815315723419189453e+00
1.794433593750000000e+00
1.860383510589599609e+00
1.911810159683227539e+00
1.775946140289306641e+00
1.794765949249267578e+00
1.924497365951538086e+00
1.787663698196411133e+00
1.857196807861328125e+00
1.763048410415649414e+00
1.889827728271484375e+00
1.822244405746459961e+00
1.771284103393554688e+00
1.873270511627197266e+00
1.811067819595336914e+00
1.869465589523315430e+00
1.840034008026123047e+00
1.905636310577392578e+00
1.798189163208007812e+00
1.801546335220336914e+00
1.816124200820922852e+00
1.885751962661743164e+00
1.833706140518188477e+00
1.850255727767944336e+00
1.789618968963623047e+00
1.912198543548583984e+00
2.099700689315795898e+00
1.869977712631225586e+00
1.829686403274536133e+00
1.856822729110717773e+00
1.788326263427734375e+00
1.878867387771606445e+00
1.888609409332275391e+00
1.850473165512084961e+00
1.903224468231201172e+00
1.833513259887695312e+00
1.930022478103637695e+00
1.794772386550903320e+00
1.833852767944335938e+00
1.777489662170410156e+00
1.788413047790527344e+00
1.844154834747314453e+00
1.949985742568969727e+00
1.783746242523193359e+00
1.855992317199707031e+00
1.810548543930053711e+00
1.844398736953735352e+00
1.793711423873901367e+00
1.841030836105346680e+00
1.822147369384765625e+00
1.858935356140136719e+00
1.900279283523559570e+00
1.812724828720092773e+00
1.867541790008544922e+00
1.849881410598754883e+00
1.834342718124389648e+00
1.850308656692504883e+00
