7.302601551802829702e-03
9.368836291913214265e-03
1.060606060606060670e-02
1.353383458646616536e-02
8.832188420019627950e-03
6.307617661329451876e-03
9.965122072745391177e-03
8.662175168431183320e-03
7.688828584350972106e-03
9.147809340394800690e-03
1.377018043684710355e-02
1.054144705318639172e-02
7.397133610725843342e-03
1.437470052707235345e-02
1.218940459446788555e-02
1.168539325842696611e-02
1.262748907236522534e-02
1.031894934333958680e-02
8.050089445438283337e-03
9.877704609595484506e-03
1.016799292661361639e-02
1.054078826764436212e-02
1.089531027948839430e-02
8.126410835214446793e-03
9.646302250803859279e-03
5.524861878453038444e-03
9.367681498829039805e-03
9.971509971509971357e-03
8.089887640449438741e-03
1.091405184174624836e-02
1.109139307897071859e-02
1.027077497665732954e-02
8.041627246925260597e-03
1.401214385801027515e-02
1.416819012797074923e-02
2.946593001841620735e-02
3.771805752003772050e-02
3.500473036896877693e-02
2.368293861768970554e-02
1.279527559055118092e-02
1.695760598503740640e-02
1.549295774647887342e-02
1.167133520074696562e-02
1.481127568084089803e-02
1.742816768723504453e-02
1.562500000000000000e-02
1.429252024773701793e-02
1.746931067044381336e-02
1.598062953995157270e-02
1.767441860465116324e-02
1.966426858513189296e-02
2.938388625592417217e-02
3.477868112014453200e-02
3.998182644252612494e-02
5.611775528978840688e-02
5.597365945437441509e-02
7.303102625298329986e-02
8.154506437768239968e-02
4.444444444444444614e-02
2.043726235741444991e-02
1.702334630350194403e-02
1.196502531063046472e-02
1.134681795757276797e-02
8.597285067873303849e-03
1.036757775683317707e-02
1.703499079189687085e-02
1.260911736178467468e-02
1.137440758293838811e-02
1.384248210023866429e-02
9.986382206082614760e-03
1.290630975143403428e-02
9.817671809256661719e-03
1.000909918107370337e-02
1.418115279048490392e-02
1.417399804496578646e-02
1.057184046131667485e-02
1.545147271849348081e-02
1.955867602808425421e-02
1.122544434050514427e-02
9.152215799614643599e-03
1.381351751356684789e-02
7.082152974504249410e-03
6.644518272425249325e-03
1.541425818882466263e-02
1.179487179487179530e-02
1.101101101101101092e-02
1.142005958291956308e-02
8.797653958944282385e-03
9.680542110358179506e-03
1.383763837638376376e-02
7.109004739336492566e-03
1.418786692759295420e-02
2.949852507374631227e-02
3.181595692608908676e-02
4.050632911392405139e-02
6.630380999505194883e-02
1.227573182247403139e-02
9.077878643096034053e-03
1.503053076561766156e-02
1.103646833013435628e-02
