7.793967247009277344e+00
7.713442564010620117e+00
7.805475234985351562e+00
7.734401464462280273e+00
7.790599584579467773e+00
7.747810602188110352e+00
7.794100522994995117e+00
7.682104110717773438e+00
7.769445419311523438e+00
7.833103179931640625e+00
7.719421148300170898e+00
7.947698116302490234e+00
7.727684259414672852e+00
7.909441232681274414e+00
7.773274660110473633e+00
7.893654584884643555e+00
7.703960895538330078e+00
7.714922428131103516e+00
7.734248638153076172e+00
7.841945886611938477e+00
7.746845006942749023e+00
7.821093559265136719e+00
7.668089628219604492e+00
7.772203922271728516e+00
7.699892044067382812e+00
7.695934057235717773e+00
7.777687072753906250e+00
7.826308012008666992e+00
7.853778600692749023e+00
7.737109661102294922e+00
7.828933238983154297e+00
7.831725597381591797e+00
7.906347990036010742e+00
7.739089012145996094e+00
7.763558864593505859e+00
7.758623600006103516e+00
7.694802045822143555e+00
7.756168127059936523e+00
7.797596216201782227e+00
7.788347244262695312e+00
7.688905954360961914e+00
7.715028285980224609e+00
7.738594532012939453e+00
7.770723342895507812e+00
7.700672388076782227e+00
7.969811439514160156e+00
7.731208086013793945e+00
7.807470083236694336e+00
7.763938426971435547e+00
7.750003814697265625e+00
7.818580389022827148e+00
7.740473508834838867e+00
7.714554786682128906e+00
7.783223152160644531e+00
7.859180927276611328e+00
7.704841375350952148e+00
7.733043193817138672e+00
7.775015830993652344e+00
7.834735155105590820e+00
7.752547502517700195e+00
7.770355224609375000e+00
7.809921264648437500e+00
7.753897428512573242e+00
7.810410499572753906e+00
7.816215276718139648e+00
7.825915098190307617e+00
7.834417819976806641e+00
7.715471029281616211e+00
7.788642406463623047e+00
7.789248228073120117e+00
7.786752700805664062e+00
