1.150417026171987427e-02
1.097878675102344562e-02
1.364122681883024255e-02
1.385823991526171847e-02
1.565456734904524180e-02
1.854959809204134030e-02
2.079427305266746268e-02
2.210597367532905755e-02
2.359142758382302280e-02
2.700812866008216184e-02
3.166921378841908857e-02
3.658010525407643515e-02
3.391555027980328735e-02
2.733640867930975729e-02
2.177525142107564551e-02
2.105446319819035891e-02
1.706514206514206378e-02
1.357074941654421232e-02
1.193317422434367510e-02
1.204311942058278531e-02
1.221595762856654728e-02
9.646856158484064941e-03
9.079903147699757218e-03
1.111301077107197839e-02
1.134703000085962414e-02
9.073012068817941020e-03
