2.378000000000000000e+03
2.363000000000000000e+03
2.130000000000000000e+03
2.002000000000000000e+03
2.043000000000000000e+03
2.187000000000000000e+03
3.390000000000000000e+03
3.601000000000000000e+03
3.198000000000000000e+03
2.978000000000000000e+03
2.790000000000000000e+03
2.586000000000000000e+03
2.810000000000000000e+03
3.083000000000000000e+03
2.116000000000000000e+03
3.599000000000000000e+03
2.876000000000000000e+03
3.302000000000000000e+03
2.938000000000000000e+03
3.563000000000000000e+03
3.041000000000000000e+03
2.403000000000000000e+03
2.520000000000000000e+03
2.175000000000000000e+03
2.985000000000000000e+03
2.863000000000000000e+03
3.183000000000000000e+03
2.726000000000000000e+03
4.051000000000000000e+03
3.018000000000000000e+03
2.546000000000000000e+03
2.270000000000000000e+03
0.000000000000000000e+00
0.000000000000000000e+00
0.000000000000000000e+00
0.000000000000000000e+00
0.000000000000000000e+00
0.000000000000000000e+00
0.000000000000000000e+00
0.000000000000000000e+00
0.000000000000000000e+00
0.000000000000000000e+00
0.000000000000000000e+00
0.000000000000000000e+00
0.000000000000000000e+00
0.000000000000000000e+00
0.000000000000000000e+00
0.000000000000000000e+00
0.000000000000000000e+00
0.000000000000000000e+00
0.000000000000000000e+00
0.000000000000000000e+00
0.000000000000000000e+00
0.000000000000000000e+00
0.000000000000000000e+00
0.000000000000000000e+00
0.000000000000000000e+00
0.000000000000000000e+00
0.000000000000000000e+00
0.000000000000000000e+00
