8.026440037771483127e-03
7.907221929362150473e-03
8.240426563257392464e-03
1.092896174863387977e-02
1.009081735620585320e-02
4.807692307692307959e-03
1.091599430469862402e-02
6.996268656716418156e-03
1.059907834101382444e-02
9.149130832570906424e-03
1.099404489234997659e-02
8.562415502478593760e-03
7.768666378938282255e-03
4.837291116974493967e-03
7.299270072992700489e-03
6.929406669553919186e-03
1.339092872570194458e-02
7.067137809187279060e-03
1.047778709136630397e-02
6.516072980017375768e-03
5.004170141784820489e-03
9.055627425614488218e-03
1.034482758620689641e-02
6.813627254509018079e-03
6.198347107438016701e-03
6.018916595012897483e-03
9.270965023177412181e-03
1.143790849673202541e-02
1.093613298337707714e-02
1.285240464344942005e-02
1.440067767894959681e-02
1.239669421487603340e-02
1.711185308848080233e-02
3.424360641525790727e-02
9.039548022598870025e-02
3.451178451178451428e-02
2.091335894152795624e-02
1.668862538427755976e-02
8.343763037129746027e-03
8.955223880597015448e-03
1.194029850746268669e-02
9.756097560975609748e-03
1.314673452078032184e-02
1.400679117147708014e-02
1.400000000000000029e-02
1.881270903010033579e-02
1.349072512647554734e-02
1.415487094088259748e-02
8.943781942078364577e-03
1.057977147693609822e-02
7.736156351791530911e-03
1.605599011939069440e-02
1.474805407619827861e-02
1.857968620974401186e-02
2.228763666947014208e-02
2.181208053691275142e-02
2.338435374149660032e-02
2.744776730848013171e-02
4.005112910097997220e-02
4.547386315342116792e-02
5.139442231075697087e-02
5.258693808312128737e-02
3.558129913115432030e-02
3.543788187372708814e-02
2.166934189406099359e-02
1.567010309278350430e-02
1.696352841391009225e-02
2.278589853826311351e-02
2.858309514087382583e-02
4.568106312292358889e-02
1.391731477691363073e-02
1.278877887788778915e-02
1.028383381324557769e-02
1.036269430051813510e-02
6.038647342995169011e-03
9.867009867009866181e-03
1.302931596091205270e-02
1.142131979695431426e-02
8.268059181897302254e-03
1.124063280599500378e-02
8.098891730605285028e-03
1.736254650682100137e-02
3.256389117889529894e-02
1.258389261744966361e-02
1.502504173622704574e-02
1.139601139601139658e-02
9.421841541755888658e-03
8.641975308641974482e-03
1.215423302598491254e-02
9.414654113794515208e-03
1.123595505617977497e-02
1.417004048582995966e-02
1.484536082474226769e-02
1.436656508489333843e-02
1.566894335074326891e-02
2.101200686106346333e-02
2.590890096113664803e-02
3.156996587030716506e-02
3.546391752577319340e-02
3.224472922695328925e-02
1.384228187919463171e-02
2.301255230125523119e-02
2.296964725184577616e-02
1.505090748118636558e-02
1.670843776106933909e-02
1.391231028667790949e-02
6.907761072734660418e-03
1.003764115432873201e-02
1.415701415701415763e-02
1.569792108612643247e-02
1.657458563535911533e-02
1.777199826614651174e-02
1.097509497678345221e-02
1.830756712774613340e-02
1.580041580041580129e-02
1.171058134671685430e-02
1.505646173149309888e-02
1.181933305192064097e-02
9.282700421940928009e-03
8.421052631578947179e-03
8.040626322471435342e-03
5.857740585774058768e-03
8.271298593879239033e-03
7.337953526294333124e-03
1.054766734279918849e-02
9.170305676855894372e-03
1.263689974726200579e-02
1.035196687370600402e-02
8.316008316008316470e-03
1.020408163265306041e-02
9.042334566378956717e-03
1.241438356164383493e-02
1.096121416526138308e-02
1.145662847790507310e-02
1.189970250743731424e-02
1.042535446205170892e-02
1.026272577996715889e-02
9.310198899703766781e-03
1.083032490974729194e-02
1.199143468950749497e-02
1.475409836065573813e-02
1.540957015409570238e-02
1.940109658371995047e-02
2.129436325678496847e-02
1.799485861182519367e-02
1.811288963774220634e-02
1.418439716312056703e-02
8.547008547008547868e-03
1.073883161512027493e-02
8.951406649616367936e-03
9.158307893589184498e-03
1.088376142794949923e-02
6.696428571428571057e-03
8.547008547008547868e-03
6.102877070619005910e-03
3.760969494358545710e-03
7.302405498281787019e-03
1.235076163030053575e-02
1.166810717372515106e-02
1.146496815286624123e-02
8.816120906801007753e-03
8.783487044356609943e-03
7.604562737642585508e-03
6.597938144329897232e-03
8.474576271186440649e-03
1.181434599156118079e-02
1.207830070803831736e-02
9.700176366843032971e-03
5.179110919292188170e-03
1.301518438177874139e-02
8.460236886632825637e-03
8.102345415778250751e-03
6.329113924050632813e-03
6.884681583476764434e-03
8.550662676357418529e-03
7.086285952480200073e-03
1.108269394714407434e-02
7.417102966841187042e-03
6.926406926406926401e-03
8.460236886632825637e-03
9.349766255843603921e-03
6.299874002519949973e-03
1.006124234470691207e-02
9.438009438009438423e-03
8.676789587852494837e-03
6.805614632071459169e-03
1.028718388341191663e-02
1.071723000824402298e-02
7.582139848357202956e-03
1.416917131816230156e-02
1.010101010101010187e-02
5.838198498748957237e-03
1.059322033898305038e-02
7.708779443254818071e-03
9.383924928600571522e-03
8.975928192574459188e-03
8.631851532153646950e-03
7.179054054054054453e-03
1.030927835051546372e-02
7.717303005686433973e-03
