1.799771070480346680e+00
1.845565319061279297e+00
1.896836042404174805e+00
1.890770196914672852e+00
1.896466016769409180e+00
1.788441181182861328e+00
1.693532466888427734e+00
1.826699018478393555e+00
1.780615091323852539e+00
1.848161935806274414e+00
1.759461164474487305e+00
1.725649595260620117e+00
1.772862195968627930e+00
1.745852947235107422e+00
1.752082109451293945e+00
1.789712905883789062e+00
1.964576005935668945e+00
1.797878742218017578e+00
1.838437318801879883e+00
1.804611206054687500e+00
1.774305582046508789e+00
1.914609432220458984e+00
1.754390716552734375e+00
1.804050207138061523e+00
1.826067924499511719e+00
1.769711732864379883e+00
1.971352338790893555e+00
1.890904664993286133e+00
1.784707069396972656e+00
1.799147129058837891e+00
1.764834403991699219e+00
2.012166976928710938e+00
1.820294141769409180e+00
1.747654914855957031e+00
1.788030385971069336e+00
1.865169763565063477e+00
1.854756832122802734e+00
1.811431407928466797e+00
1.812308549880981445e+00
1.807711839675903320e+00
1.899058341979980469e+00
1.933265686035156250e+00
1.820156574249267578e+00
1.774095535278320312e+00
1.757703542709350586e+00
1.777472019195556641e+00
2.015162944793701172e+00
1.797012090682983398e+00
1.740162611007690430e+00
1.760729551315307617e+00
1.795179843902587891e+00
1.846237421035766602e+00
1.746058225631713867e+00
1.755933284759521484e+00
1.786023855209350586e+00
1.823801040649414062e+00
1.762757778167724609e+00
1.877376079559326172e+00
1.843604803085327148e+00
1.751248359680175781e+00
1.955974817276000977e+00
1.904956579208374023e+00
1.822309255599975586e+00
1.751498460769653320e+00
1.835638761520385742e+00
1.956317663192749023e+00
1.761558532714843750e+00
1.830796003341674805e+00
1.863098621368408203e+00
1.784039735794067383e+00
1.798416852951049805e+00
1.749183654785156250e+00
1.759836673736572266e+00
1.818726062774658203e+00
1.788945674896240234e+00
1.757490634918212891e+00
1.723721742630004883e+00
1.860110998153686523e+00
1.814120531082153320e+00
1.750189781188964844e+00
1.788315057754516602e+00
1.820010185241699219e+00
1.843865871429443359e+00
1.752988338470458984e+00
1.797382593154907227e+00
1.824111223220825195e+00
1.749235630035400391e+00
1.708237886428833008e+00
1.853390932083129883e+00
1.831308603286743164e+00
1.762118816375732422e+00
1.774924278259277344e+00
1.802222967147827148e+00
1.936196327209472656e+00
1.745618343353271484e+00
1.753838777542114258e+00
1.806719779968261719e+00
1.782225370407104492e+00
1.756275177001953125e+00
1.830128192901611328e+00
