2.590586423873901367e+00
2.557794332504272461e+00
2.478374004364013672e+00
2.500797986984252930e+00
2.443309068679809570e+00
2.500429630279541016e+00
2.543349981307983398e+00
2.496803283691406250e+00
2.508275032043457031e+00
2.522709608078002930e+00
2.665190458297729492e+00
2.521283864974975586e+00
2.600901842117309570e+00
2.644641399383544922e+00
2.609537839889526367e+00
2.640270233154296875e+00
2.557242393493652344e+00
2.629325866699218750e+00
2.599730730056762695e+00
2.499625205993652344e+00
2.675109386444091797e+00
2.520956277847290039e+00
2.451451539993286133e+00
2.523609399795532227e+00
2.577455043792724609e+00
2.565250635147094727e+00
0.000000000000000000e+00
0.000000000000000000e+00
0.000000000000000000e+00
0.000000000000000000e+00
0.000000000000000000e+00
0.000000000000000000e+00
0.000000000000000000e+00
0.000000000000000000e+00
0.000000000000000000e+00
0.000000000000000000e+00
0.000000000000000000e+00
0.000000000000000000e+00
0.000000000000000000e+00
0.000000000000000000e+00
0.000000000000000000e+00
0.000000000000000000e+00
0.000000000000000000e+00
0.000000000000000000e+00
0.000000000000000000e+00
0.000000000000000000e+00
0.000000000000000000e+00
0.000000000000000000e+00
0.000000000000000000e+00
0.000000000000000000e+00
0.000000000000000000e+00
0.000000000000000000e+00
0.000000000000000000e+00
0.000000000000000000e+00
0.000000000000000000e+00
0.000000000000000000e+00
0.000000000000000000e+00
0.000000000000000000e+00
0.000000000000000000e+00
0.000000000000000000e+00
