1.124600000000000044e+01
1.124300000000000033e+01
1.123499999999999943e+01
1.123799999999999955e+01
1.123900000000000077e+01
1.124099999999999966e+01
1.123300000000000054e+01
1.123900000000000077e+01
1.123700000000000010e+01
1.123900000000000077e+01
1.123900000000000077e+01
1.123399999999999999e+01
1.123499999999999943e+01
1.123499999999999943e+01
1.123700000000000010e+01
1.123499999999999943e+01
1.123499999999999943e+01
1.123700000000000010e+01
1.122600000000000087e+01
1.122799999999999976e+01
1.123199999999999932e+01
1.122899999999999920e+01
1.123300000000000054e+01
1.122899999999999920e+01
1.123000000000000043e+01
1.122600000000000087e+01
1.122600000000000087e+01
1.122799999999999976e+01
1.122400000000000020e+01
1.122199999999999953e+01
1.122499999999999964e+01
1.122100000000000009e+01
1.122400000000000020e+01
1.122199999999999953e+01
1.122100000000000009e+01
1.122100000000000009e+01
1.121700000000000053e+01
1.122000000000000064e+01
1.122100000000000009e+01
1.121599999999999930e+01
1.122100000000000009e+01
1.122100000000000009e+01
1.122400000000000020e+01
1.121499999999999986e+01
1.121199999999999974e+01
1.121599999999999930e+01
1.121599999999999930e+01
1.122000000000000064e+01
1.121499999999999986e+01
1.121599999999999930e+01
1.121100000000000030e+01
1.121599999999999930e+01
1.121599999999999930e+01
1.121199999999999974e+01
1.121299999999999919e+01
1.121100000000000030e+01
1.121599999999999930e+01
1.120700000000000074e+01
1.120700000000000074e+01
1.121199999999999974e+01
1.120800000000000018e+01
1.120899999999999963e+01
1.120899999999999963e+01
1.120700000000000074e+01
1.120100000000000051e+01
1.120400000000000063e+01
1.120700000000000074e+01
1.119899999999999984e+01
1.120400000000000063e+01
1.120400000000000063e+01
1.120400000000000063e+01
1.120400000000000063e+01
1.120100000000000051e+01
1.119899999999999984e+01
1.119999999999999929e+01
1.120500000000000007e+01
1.119899999999999984e+01
1.120400000000000063e+01
1.120100000000000051e+01
1.119599999999999973e+01
1.119999999999999929e+01
1.120400000000000063e+01
1.119500000000000028e+01
1.120400000000000063e+01
1.119599999999999973e+01
1.119599999999999973e+01
1.119899999999999984e+01
1.120100000000000051e+01
1.119800000000000040e+01
1.119599999999999973e+01
1.119599999999999973e+01
1.119899999999999984e+01
1.119999999999999929e+01
1.119899999999999984e+01
1.119500000000000028e+01
1.119899999999999984e+01
1.119400000000000084e+01
1.119599999999999973e+01
1.119400000000000084e+01
1.119800000000000040e+01
