1.140499999999999936e+01
1.140700000000000003e+01
1.140399999999999991e+01
1.140099999999999980e+01
1.140000000000000036e+01
1.140000000000000036e+01
1.140000000000000036e+01
1.140000000000000036e+01
1.139799999999999969e+01
1.139799999999999969e+01
1.140000000000000036e+01
1.140000000000000036e+01
1.139499999999999957e+01
1.139499999999999957e+01
1.139400000000000013e+01
1.139199999999999946e+01
1.139600000000000080e+01
1.140000000000000036e+01
1.140000000000000036e+01
1.140000000000000036e+01
1.139799999999999969e+01
1.140000000000000036e+01
1.139600000000000080e+01
1.140000000000000036e+01
1.140000000000000036e+01
1.139499999999999957e+01
1.139799999999999969e+01
1.139899999999999913e+01
1.139799999999999969e+01
1.139799999999999969e+01
1.139799999999999969e+01
1.139400000000000013e+01
1.139499999999999957e+01
1.139499999999999957e+01
1.139600000000000080e+01
1.139400000000000013e+01
1.139600000000000080e+01
1.139499999999999957e+01
1.139600000000000080e+01
1.139100000000000001e+01
1.138799999999999990e+01
1.139600000000000080e+01
1.139199999999999946e+01
1.139600000000000080e+01
1.139400000000000013e+01
1.139199999999999946e+01
1.139000000000000057e+01
1.139199999999999946e+01
1.139100000000000001e+01
1.139000000000000057e+01
1.138799999999999990e+01
1.139100000000000001e+01
1.139100000000000001e+01
1.139199999999999946e+01
1.138799999999999990e+01
1.139400000000000013e+01
1.138799999999999990e+01
1.139000000000000057e+01
1.139000000000000057e+01
1.138599999999999923e+01
1.139000000000000057e+01
1.138799999999999990e+01
1.138599999999999923e+01
1.138299999999999912e+01
1.138700000000000045e+01
1.138599999999999923e+01
1.138199999999999967e+01
1.138799999999999990e+01
1.138599999999999923e+01
1.138599999999999923e+01
1.138599999999999923e+01
1.138499999999999979e+01
1.138299999999999912e+01
1.138299999999999912e+01
1.138799999999999990e+01
1.138700000000000045e+01
1.138299999999999912e+01
1.138499999999999979e+01
1.138799999999999990e+01
1.138100000000000023e+01
1.138599999999999923e+01
1.138499999999999979e+01
1.138499999999999979e+01
1.138100000000000023e+01
1.138299999999999912e+01
1.138100000000000023e+01
