5.840000000000000000e+02
1.080000000000000000e+02
1.880000000000000000e+02
6.980000000000000000e+02
3.660000000000000000e+02
1.775000000000000000e+03
2.660000000000000000e+02
4.839000000000000000e+03
3.332000000000000000e+03
1.970000000000000000e+02
1.947000000000000000e+03
1.291000000000000000e+03
5.068000000000000000e+03
1.836000000000000000e+03
9.100000000000000000e+01
7.270000000000000000e+02
9.170000000000000000e+02
1.026000000000000000e+03
1.890000000000000000e+02
1.284000000000000000e+03
2.395000000000000000e+03
2.990000000000000000e+02
1.882000000000000000e+03
1.890000000000000000e+02
1.035000000000000000e+03
1.201000000000000000e+03
1.204000000000000000e+03
1.006000000000000000e+03
1.009000000000000000e+03
9.600000000000000000e+01
4.991000000000000000e+03
8.910000000000000000e+02
3.452000000000000000e+03
3.810000000000000000e+02
1.016000000000000000e+03
2.710000000000000000e+02
9.300000000000000000e+01
7.470000000000000000e+02
8.400000000000000000e+01
7.000000000000000000e+02
1.268000000000000000e+03
2.503000000000000000e+03
1.818000000000000000e+03
8.730000000000000000e+02
4.775000000000000000e+03
8.990000000000000000e+02
1.000000000000000000e+02
3.320000000000000000e+03
3.580000000000000000e+02
3.480000000000000000e+02
3.283000000000000000e+03
5.004000000000000000e+03
8.970000000000000000e+02
2.584000000000000000e+03
1.804000000000000000e+03
3.224000000000000000e+03
2.493000000000000000e+03
8.000000000000000000e+01
2.417000000000000000e+03
8.650000000000000000e+02
1.314000000000000000e+03
7.100000000000000000e+02
1.850000000000000000e+02
7.100000000000000000e+02
3.750000000000000000e+02
6.910000000000000000e+02
4.719000000000000000e+03
6.980000000000000000e+02
1.210000000000000000e+03
1.110000000000000000e+02
1.910000000000000000e+02
3.300000000000000000e+03
5.080000000000000000e+02
9.700000000000000000e+01
1.248000000000000000e+03
8.140000000000000000e+02
1.192000000000000000e+03
1.173000000000000000e+03
5.500000000000000000e+02
1.710000000000000000e+02
6.970000000000000000e+02
2.860000000000000000e+02
1.052000000000000000e+03
5.170000000000000000e+02
1.000000000000000000e+03
3.880000000000000000e+02
9.300000000000000000e+01
5.030000000000000000e+02
7.440000000000000000e+02
8.100000000000000000e+01
2.670000000000000000e+02
9.600000000000000000e+01
3.980000000000000000e+02
3.450000000000000000e+02
5.720000000000000000e+02
3.580000000000000000e+02
2.800000000000000000e+02
7.000000000000000000e+01
2.830000000000000000e+02
4.784000000000000000e+03
5.060000000000000000e+02
2.472000000000000000e+03
1.020000000000000000e+03
3.248000000000000000e+03
5.110000000000000000e+02
8.900000000000000000e+01
2.870000000000000000e+02
3.167000000000000000e+03
6.560000000000000000e+02
1.460000000000000000e+02
3.148000000000000000e+03
2.301000000000000000e+03
1.722000000000000000e+03
6.910000000000000000e+02
3.114000000000000000e+03
1.600000000000000000e+02
1.015000000000000000e+03
1.234000000000000000e+03
4.875000000000000000e+03
5.064000000000000000e+03
2.780000000000000000e+02
1.950000000000000000e+02
4.927000000000000000e+03
1.005000000000000000e+03
7.790000000000000000e+02
3.370000000000000000e+02
8.640000000000000000e+02
2.440000000000000000e+03
3.440000000000000000e+02
1.052000000000000000e+03
9.900000000000000000e+01
5.470000000000000000e+02
8.120000000000000000e+02
3.560000000000000000e+02
1.880000000000000000e+02
5.480000000000000000e+02
9.520000000000000000e+02
1.838000000000000000e+03
8.400000000000000000e+01
1.862000000000000000e+03
1.767000000000000000e+03
2.680000000000000000e+02
7.700000000000000000e+01
9.450000000000000000e+02
8.210000000000000000e+02
3.500000000000000000e+02
1.827000000000000000e+03
8.290000000000000000e+02
2.570000000000000000e+02
3.060000000000000000e+02
7.970000000000000000e+02
1.821000000000000000e+03
8.700000000000000000e+01
3.211000000000000000e+03
2.384000000000000000e+03
3.254000000000000000e+03
1.180000000000000000e+03
2.393000000000000000e+03
8.070000000000000000e+02
1.816000000000000000e+03
1.217000000000000000e+03
9.500000000000000000e+01
7.700000000000000000e+01
4.902000000000000000e+03
5.240000000000000000e+02
4.960000000000000000e+03
5.190000000000000000e+02
5.140000000000000000e+02
6.390000000000000000e+02
3.290000000000000000e+02
2.660000000000000000e+02
1.196000000000000000e+03
8.900000000000000000e+01
8.500000000000000000e+01
1.850000000000000000e+02
2.374000000000000000e+03
4.810000000000000000e+02
1.766000000000000000e+03
1.000000000000000000e+02
1.610000000000000000e+02
4.816000000000000000e+03
9.100000000000000000e+01
1.083000000000000000e+03
1.860000000000000000e+02
1.120000000000000000e+02
3.305000000000000000e+03
8.570000000000000000e+02
8.500000000000000000e+01
3.750000000000000000e+02
9.000000000000000000e+01
2.363000000000000000e+03
1.800000000000000000e+02
3.036000000000000000e+03
6.110000000000000000e+02
1.198000000000000000e+03
3.151000000000000000e+03
4.667000000000000000e+03
1.005000000000000000e+03
7.400000000000000000e+01
1.080000000000000000e+02
2.388000000000000000e+03
2.550000000000000000e+02
2.515000000000000000e+03
2.503000000000000000e+03
2.380000000000000000e+02
8.400000000000000000e+01
1.831000000000000000e+03
4.820000000000000000e+02
7.160000000000000000e+02
4.618000000000000000e+03
