8.882999607381232565e-02
8.787822189017556462e-02
8.633964875854312215e-02
8.635265700483091278e-02
8.476027397260274543e-02
8.683614397180972055e-02
8.770898092917751854e-02
9.049736495388668867e-02
8.441395465573496570e-02
8.357372455287233326e-02
7.404367098998522467e-02
8.019019987105092950e-02
7.742621208404873445e-02
7.198218997361477411e-02
6.962079250106519013e-02
6.571097116340736399e-02
6.137873754152824157e-02
6.366446653855793725e-02
5.391363597649263123e-02
5.747223157186132775e-02
5.638655462184873762e-02
5.755764304013663568e-02
5.345705370339957213e-02
6.214736143378692124e-02
6.470052191202053937e-02
6.068863017091900153e-02
5.875594945018874221e-02
6.151821695863146644e-02
6.826688364524002850e-02
6.333444592790386796e-02
7.234077613907885507e-02
7.278247312710264816e-02
8.265348166460650958e-02
7.722513089005235420e-02
7.915610434213754543e-02
8.004956629491945252e-02
8.175946365791840476e-02
8.253231687106396541e-02
8.238962744132610760e-02
8.292316676399433262e-02
7.904974753745551419e-02
8.209701616936156132e-02
8.120535347729698761e-02
8.323544218828662911e-02
8.358650135479103738e-02
7.812109602731739932e-02
7.699917559769167696e-02
8.481180567070137344e-02
8.578907371443046659e-02
7.437474374743748007e-02
8.058789530179176486e-02
