-2.993195787626391491e-01,1.105116439376919446e-01,-1.608403025279847576e-02
2.416729787971219623e-01,1.282691155439041053e-01,1.075939489207392574e-01
1.786387929290744747e-02,9.105234696203196032e-02,5.178737353610476934e-02
-1.145244714708671674e-01,4.429018193505973588e-02,1.433825786835551952e-02
1.097977325163393414e-01,1.006236524481301728e-02,-6.178413346751034790e-02
2.371302515250603427e-01,7.772656292848285908e-02,-7.328256713904307551e-02
1.484108331633565703e-01,2.976529388498125664e-02,1.593611203084309424e-01
-2.126020713669637130e-01,1.375117812989011257e-01,1.957640451344734023e-01
-1.292296013545918554e-01,7.373703299542730405e-02,4.111126226710790088e-02
-1.337349883143806872e-02,5.697947017338898107e-02,1.156074655031330833e-01
-1.982545362842994541e-01,4.873903963059483119e-02,8.399147538659687551e-02
-2.020610834753152063e-01,6.990531952394807291e-02,4.778754672289575733e-02
-2.618082161774354377e-01,5.324636665861813556e-02,-1.023458812422516073e-02
-1.756502222462417162e-01,7.517607232460017663e-02,7.992245201428208046e-02
-2.868280826793855320e-01,5.542647623866953088e-02,1.990635192329051895e-01
-1.741988054739548042e-01,9.061142551960177371e-02,7.014567839225033241e-02
-2.939035319442770411e-01,6.492044688155882738e-03,-9.103314957254982076e-02
-1.494918167319437274e-01,6.577718522846079385e-02,7.270998010528895161e-02
-1.160501222897716844e-01,1.438482550147221761e-01,-9.961463349051033478e-02
1.542470582711573113e-01,1.459814329579896819e-01,-9.178453176062957575e-02
-1.638601895586166979e-01,7.389682325370057481e-02,6.889400277946405859e-02
-7.773591274064869938e-02,6.997517146510698338e-02,-8.757088338675134143e-02
-1.977019645259586178e-01,9.692661402703826867e-02,-9.941590469370238659e-02
-2.239805250178998897e-01,1.468884833612318364e-01,4.328688491298116059e-02
-2.899610674002655042e-01,8.488378345004436720e-02,8.373025607268391735e-02
-8.727546858894588699e-02,9.932007576826452910e-02,1.216698965588728920e-01
-1.561583973802948000e-01,4.915157280355807005e-03,9.327276540029216800e-02
-1.361896668209906791e-01,7.922328127738054171e-02,8.793421017983624188e-02
-2.760206834054673708e-01,1.335790230828967163e-03,6.463920728614805378e-02
-1.868978695801600809e-01,1.246156347315806106e-03,1.775371561354956718e-01
-1.503257738906565999e-01,7.752750236034729181e-02,6.320058102609107942e-02
3.458083145225132604e-02,1.442290844627476532e-01,1.861384688935002474e-01
-1.534053200697625685e-01,6.995893152950939664e-02,9.508491979553967965e-02
-1.355531386871161315e-01,7.875425528209913095e-02,7.418175517139688480e-02
2.940841572422283057e-01,1.292501700594451443e-02,5.661422257077819431e-02
-6.249267893930673945e-02,1.993232081533314118e-03,4.735687842162836225e-02
-9.331642573749843184e-02,4.145518247141535828e-02,-9.958150893516261315e-02
0.000000000000000000e+00,0.000000000000000000e+00,0.000000000000000000e+00
0.000000000000000000e+00,0.000000000000000000e+00,0.000000000000000000e+00
0.000000000000000000e+00,0.000000000000000000e+00,0.000000000000000000e+00
0.000000000000000000e+00,0.000000000000000000e+00,0.000000000000000000e+00
0.000000000000000000e+00,0.000000000000000000e+00,0.000000000000000000e+00
0.000000000000000000e+00,0.000000000000000000e+00,0.000000000000000000e+00
0.000000000000000000e+00,0.000000000000000000e+00,0.000000000000000000e+00
0.000000000000000000e+00,0.000000000000000000e+00,0.000000000000000000e+00
0.000000000000000000e+00,0.000000000000000000e+00,0.000000000000000000e+00
0.000000000000000000e+00,0.000000000000000000e+00,0.000000000000000000e+00
0.000000000000000000e+00,0.000000000000000000e+00,0.000000000000000000e+00
0.000000000000000000e+00,0.000000000000000000e+00,0.000000000000000000e+00
0.000000000000000000e+00,0.000000000000000000e+00,0.000000000000000000e+00
0.000000000000000000e+00,0.000000000000000000e+00,0.000000000000000000e+00
0.000000000000000000e+00,0.000000000000000000e+00,0.000000000000000000e+00
0.000000000000000000e+00,0.000000000000000000e+00,0.000000000000000000e+00
0.000000000000000000e+00,0.000000000000000000e+00,0.000000000000000000e+00
0.000000000000000000e+00,0.000000000000000000e+00,0.000000000000000000e+00
0.000000000000000000e+00,0.000000000000000000e+00,0.000000000000000000e+00
0.000000000000000000e+00,0.000000000000000000e+00,0.000000000000000000e+00
0.000000000000000000e+00,0.000000000000000000e+00,0.000000000000000000e+00
0.000000000000000000e+00,0.000000000000000000e+00,0.000000000000000000e+00
0.000000000000000000e+00,0.000000000000000000e+00,0.000000000000000000e+00
