1.171799999999999997e+01
1.172199999999999953e+01
1.171599999999999930e+01
1.171400000000000041e+01
1.171899999999999942e+01
1.171299999999999919e+01
1.171100000000000030e+01
1.171100000000000030e+01
1.170899999999999963e+01
1.170599999999999952e+01
1.170199999999999996e+01
1.170500000000000007e+01
1.170599999999999952e+01
1.170100000000000051e+01
1.169899999999999984e+01
1.169899999999999984e+01
1.169899999999999984e+01
1.169299999999999962e+01
1.169200000000000017e+01
1.169200000000000017e+01
1.169200000000000017e+01
1.169200000000000017e+01
1.169200000000000017e+01
1.168999999999999950e+01
1.169299999999999962e+01
1.168900000000000006e+01
1.168800000000000061e+01
1.169200000000000017e+01
1.168900000000000006e+01
1.168999999999999950e+01
1.168800000000000061e+01
1.168500000000000050e+01
1.168800000000000061e+01
1.168599999999999994e+01
1.168999999999999950e+01
1.168999999999999950e+01
1.168500000000000050e+01
1.168200000000000038e+01
1.168399999999999928e+01
1.168200000000000038e+01
1.168399999999999928e+01
1.168200000000000038e+01
1.168099999999999916e+01
1.168599999999999994e+01
1.168500000000000050e+01
1.168800000000000061e+01
1.168500000000000050e+01
1.168800000000000061e+01
1.168200000000000038e+01
1.168800000000000061e+01
1.168800000000000061e+01
1.168500000000000050e+01
1.168800000000000061e+01
1.168200000000000038e+01
1.168800000000000061e+01
1.168399999999999928e+01
1.168800000000000061e+01
1.168800000000000061e+01
1.168399999999999928e+01
1.168800000000000061e+01
1.168800000000000061e+01
1.168800000000000061e+01
1.168200000000000038e+01
1.168399999999999928e+01
1.168800000000000061e+01
1.167999999999999972e+01
1.168200000000000038e+01
1.168399999999999928e+01
1.168800000000000061e+01
1.168800000000000061e+01
1.168200000000000038e+01
1.168399999999999928e+01
1.168800000000000061e+01
1.168099999999999916e+01
1.168399999999999928e+01
1.168099999999999916e+01
1.168200000000000038e+01
1.168200000000000038e+01
1.168500000000000050e+01
1.168699999999999939e+01
1.168699999999999939e+01
