1.119500000000000028e+01
1.119800000000000040e+01
1.119100000000000072e+01
1.119500000000000028e+01
1.119500000000000028e+01
1.119100000000000072e+01
1.119500000000000028e+01
1.119299999999999962e+01
1.119500000000000028e+01
1.119500000000000028e+01
1.118900000000000006e+01
1.118999999999999950e+01
1.119299999999999962e+01
1.118999999999999950e+01
1.118999999999999950e+01
1.118900000000000006e+01
1.119299999999999962e+01
1.118699999999999939e+01
1.118999999999999950e+01
1.118599999999999994e+01
1.118900000000000006e+01
1.118900000000000006e+01
1.118999999999999950e+01
1.118900000000000006e+01
1.118599999999999994e+01
1.118299999999999983e+01
1.118900000000000006e+01
1.118699999999999939e+01
1.118900000000000006e+01
1.118599999999999994e+01
1.118599999999999994e+01
1.118200000000000038e+01
1.118999999999999950e+01
1.118299999999999983e+01
1.118900000000000006e+01
1.118500000000000050e+01
1.118900000000000006e+01
1.118599999999999994e+01
1.118299999999999983e+01
1.118299999999999983e+01
1.118299999999999983e+01
1.118699999999999939e+01
1.118500000000000050e+01
1.118500000000000050e+01
1.118299999999999983e+01
1.118599999999999994e+01
1.117900000000000027e+01
1.118699999999999939e+01
1.118299999999999983e+01
1.118200000000000038e+01
1.118299999999999983e+01
1.118299999999999983e+01
1.118299999999999983e+01
1.118299999999999983e+01
1.118500000000000050e+01
1.118200000000000038e+01
1.117900000000000027e+01
1.118299999999999983e+01
1.118299999999999983e+01
1.118599999999999994e+01
1.118599999999999994e+01
1.118699999999999939e+01
1.118299999999999983e+01
1.117900000000000027e+01
1.118299999999999983e+01
1.118500000000000050e+01
1.118299999999999983e+01
1.117900000000000027e+01
1.118500000000000050e+01
1.118299999999999983e+01
1.118099999999999916e+01
1.118299999999999983e+01
1.117900000000000027e+01
1.117800000000000082e+01
1.118299999999999983e+01
1.118200000000000038e+01
1.118299999999999983e+01
1.117900000000000027e+01
1.117699999999999960e+01
1.117900000000000027e+01
1.118299999999999983e+01
1.118099999999999916e+01
1.118099999999999916e+01
1.118099999999999916e+01
1.117800000000000082e+01
1.117900000000000027e+01
1.118299999999999983e+01
1.118200000000000038e+01
1.118299999999999983e+01
1.118599999999999994e+01
1.118299999999999983e+01
1.118299999999999983e+01
1.118500000000000050e+01
1.118299999999999983e+01
1.118299999999999983e+01
1.118099999999999916e+01
1.118299999999999983e+01
1.118299999999999983e+01
1.117800000000000082e+01
1.118299999999999983e+01
