9.300000000000000000e+01
9.321250000000000568e+01
9.342499999999999716e+01
9.363750000000000284e+01
9.384999999999999432e+01
9.406250000000000000e+01
9.427500000000000568e+01
9.448749999999999716e+01
9.470000000000000284e+01
9.491249999999999432e+01
9.512500000000000000e+01
9.533750000000000568e+01
9.554999999999999716e+01
9.576250000000000284e+01
9.597499999999999432e+01
9.618750000000000000e+01
9.640000000000000568e+01
9.661249999999999716e+01
9.682500000000000284e+01
9.703749999999999432e+01
9.725000000000000000e+01
9.746250000000000568e+01
9.767499999999999716e+01
9.788750000000000284e+01
9.809999999999999432e+01
9.831250000000000000e+01
9.852500000000000568e+01
9.873749999999999716e+01
9.895000000000000284e+01
9.916249999999999432e+01
9.937500000000000000e+01
9.958750000000000568e+01
9.979999999999999716e+01
1.000125000000000028e+02
1.002249999999999943e+02
1.004375000000000000e+02
1.006500000000000057e+02
1.008624999999999972e+02
1.010750000000000028e+02
1.012874999999999943e+02
1.015000000000000000e+02
1.017125000000000057e+02
1.019249999999999972e+02
1.021375000000000028e+02
1.023499999999999943e+02
1.025625000000000000e+02
1.027750000000000057e+02
1.029874999999999972e+02
1.032000000000000028e+02
1.034124999999999943e+02
1.036250000000000000e+02
1.038375000000000057e+02
1.040499999999999972e+02
1.042625000000000028e+02
1.044749999999999943e+02
1.046875000000000000e+02
1.049000000000000057e+02
1.051124999999999972e+02
1.053250000000000028e+02
1.055374999999999943e+02
1.057500000000000000e+02
1.059625000000000057e+02
1.061749999999999972e+02
1.063875000000000028e+02
1.065999999999999943e+02
1.068125000000000000e+02
1.070250000000000057e+02
1.072374999999999972e+02
1.074500000000000028e+02
1.076624999999999943e+02
1.078750000000000000e+02
1.080875000000000057e+02
1.082999999999999972e+02
1.085125000000000028e+02
1.087249999999999943e+02
1.089375000000000000e+02
1.091500000000000057e+02
1.093624999999999972e+02
1.095750000000000028e+02
1.097874999999999943e+02
1.100000000000000000e+02
