2.310000000000000000e+03
2.109000000000000000e+03
2.120000000000000000e+03
2.086000000000000000e+03
2.304000000000000000e+03
2.208000000000000000e+03
2.206000000000000000e+03
2.378000000000000000e+03
2.284000000000000000e+03
2.363000000000000000e+03
2.338000000000000000e+03
2.416000000000000000e+03
2.397000000000000000e+03
2.328000000000000000e+03
2.406000000000000000e+03
2.463000000000000000e+03
2.368000000000000000e+03
2.412000000000000000e+03
2.485000000000000000e+03
2.456000000000000000e+03
2.424000000000000000e+03
2.370000000000000000e+03
2.406000000000000000e+03
2.412000000000000000e+03
2.397000000000000000e+03
2.461000000000000000e+03
2.387000000000000000e+03
2.407000000000000000e+03
2.457000000000000000e+03
2.414000000000000000e+03
2.503000000000000000e+03
2.427000000000000000e+03
2.469000000000000000e+03
2.408000000000000000e+03
2.436000000000000000e+03
2.396000000000000000e+03
2.397000000000000000e+03
2.416000000000000000e+03
2.439000000000000000e+03
2.469000000000000000e+03
2.343000000000000000e+03
2.444000000000000000e+03
2.505000000000000000e+03
2.508000000000000000e+03
2.401000000000000000e+03
2.420000000000000000e+03
2.351000000000000000e+03
2.436000000000000000e+03
2.339000000000000000e+03
2.336000000000000000e+03
2.380000000000000000e+03
2.530000000000000000e+03
2.488000000000000000e+03
2.414000000000000000e+03
2.484000000000000000e+03
2.453000000000000000e+03
2.587000000000000000e+03
2.571000000000000000e+03
2.442000000000000000e+03
2.401000000000000000e+03
2.500000000000000000e+03
2.457000000000000000e+03
2.505000000000000000e+03
2.370000000000000000e+03
2.397000000000000000e+03
2.530000000000000000e+03
2.434000000000000000e+03
2.409000000000000000e+03
2.456000000000000000e+03
2.505000000000000000e+03
2.444000000000000000e+03
2.413000000000000000e+03
2.412000000000000000e+03
2.316000000000000000e+03
2.505000000000000000e+03
2.395000000000000000e+03
2.347000000000000000e+03
2.415000000000000000e+03
2.308000000000000000e+03
2.514000000000000000e+03
2.356000000000000000e+03
2.410000000000000000e+03
2.325000000000000000e+03
2.403000000000000000e+03
2.477000000000000000e+03
2.416000000000000000e+03
2.416000000000000000e+03
2.486000000000000000e+03
2.327000000000000000e+03
2.369000000000000000e+03
2.309000000000000000e+03
2.436000000000000000e+03
2.272000000000000000e+03
2.403000000000000000e+03
2.435000000000000000e+03
2.444000000000000000e+03
2.413000000000000000e+03
2.403000000000000000e+03
2.439000000000000000e+03
2.369000000000000000e+03
