1.902377972465582046e-01
0.000000000000000000e+00
0.000000000000000000e+00
4.286589099816289286e-03
1.276595744680850998e-03
0.000000000000000000e+00
9.909909909909909997e-02
5.959828778399736682e-02
3.066528066528066698e-02
1.238532110091743188e-01
2.006188757091284247e-01
1.351351351351351426e-01
2.033172819689673672e-01
1.542830099384761011e-01
1.872317596566523690e-01
1.991576413959085523e-01
0.000000000000000000e+00
7.586206896551724206e-03
0.000000000000000000e+00
1.113490364025695872e-01
4.992199687987519674e-02
1.563126252505009917e-01
0.000000000000000000e+00
0.000000000000000000e+00
0.000000000000000000e+00
0.000000000000000000e+00
0.000000000000000000e+00
0.000000000000000000e+00
0.000000000000000000e+00
0.000000000000000000e+00
0.000000000000000000e+00
0.000000000000000000e+00
0.000000000000000000e+00
0.000000000000000000e+00
0.000000000000000000e+00
0.000000000000000000e+00
0.000000000000000000e+00
0.000000000000000000e+00
0.000000000000000000e+00
0.000000000000000000e+00
0.000000000000000000e+00
0.000000000000000000e+00
0.000000000000000000e+00
0.000000000000000000e+00
0.000000000000000000e+00
0.000000000000000000e+00
0.000000000000000000e+00
0.000000000000000000e+00
0.000000000000000000e+00
0.000000000000000000e+00
0.000000000000000000e+00
0.000000000000000000e+00
0.000000000000000000e+00
0.000000000000000000e+00
0.000000000000000000e+00
0.000000000000000000e+00
0.000000000000000000e+00
0.000000000000000000e+00
0.000000000000000000e+00
0.000000000000000000e+00
