9.904306220095693281e-02
9.184224743381955158e-02
9.800664451827242885e-02
1.052631578947368363e-01
9.290540540540540015e-02
9.305835010060362067e-02
9.637305699481865662e-02
9.238578680203045346e-02
9.947891994315490038e-02
8.797653958944282038e-02
9.322033898305084887e-02
9.043312708234174657e-02
9.574468085106382920e-02
9.021113243761996747e-02
1.064467766116941466e-01
8.578313253012048722e-02
9.168765743073048480e-02
9.276347741622147092e-02
9.589041095890410427e-02
1.011183597390493960e-01
8.404154863078375226e-02
8.252895752895753056e-02
1.024917724494593257e-01
9.206798866855524233e-02
9.986065954482117868e-02
8.133086876155268263e-02
9.737470167064439519e-02
8.874357776739841275e-02
8.248378127896199841e-02
1.046240074731433906e-01
9.519136408243375480e-02
1.029836381135707385e-01
8.845437616387337443e-02
8.789625360230547690e-02
7.665042091271599689e-02
3.961308152924919446e-02
7.811038353601497397e-02
8.169149447381067464e-02
8.547008547008547175e-02
9.563106796116505048e-02
8.766079085278703775e-02
9.095193213949104294e-02
8.401826484018265484e-02
8.896289248334919575e-02
9.438305709023940560e-02
8.754052802223251384e-02
8.530805687203792120e-02
8.753437213565536112e-02
9.349786426198386513e-02
8.635496183206106680e-02
9.232175502742230588e-02
8.997555012224939253e-02
8.880833710919801283e-02
8.220415537488708069e-02
7.384615384615385303e-02
7.753303964757708722e-02
7.263590680676107469e-02
5.670567056705670683e-02
5.149051490514905405e-02
4.172214824678206757e-02
5.842217484008528638e-02
6.980802792321116890e-02
6.786516853932583748e-02
9.073724007561437266e-02
9.519612163948876216e-02
1.006622516556291425e-01
9.490740740740741255e-02
9.883198562443845647e-02
8.457711442786070011e-02
8.505850585058505331e-02
8.649602824360105857e-02
8.568864961866307084e-02
8.142150247413405817e-02
1.000454752160072763e-01
9.517241379310344140e-02
1.013545072396076635e-01
9.664246823956443300e-02
9.816225907664724581e-02
8.246977547495681904e-02
8.938294010889291652e-02
9.693196976433970935e-02
8.872696099442776985e-02
9.558160504959423154e-02
9.304386353566682089e-02
8.891752577319587958e-02
9.669101847872797750e-02
8.690176322418136090e-02
1.002237136465324446e-01
9.440410081161897116e-02
9.626373626373625758e-02
8.823529411764706454e-02
1.031996394772420056e-01
7.751239296980622084e-02
8.678414096916299558e-02
7.900577008433200266e-02
8.195970695970695996e-02
7.036059806508355996e-02
5.672823218997361666e-02
7.324698526127736142e-02
8.541572012721490581e-02
9.229349330872173296e-02
9.031697785497178055e-02
9.134615384615384082e-02
1.030616645105648932e-01
8.127659574468085180e-02
8.243727598566308323e-02
8.876811594202899114e-02
8.952551477170993255e-02
8.767985611510790978e-02
8.030168589174800642e-02
8.695652173913043237e-02
1.021897810218978103e-01
7.123655913978495235e-02
9.036969420356001648e-02
8.814028610982925505e-02
8.934859154929578051e-02
8.945969884853853527e-02
9.086956521739129877e-02
8.705161854768153629e-02
9.225257501119570047e-02
9.513175524787852166e-02
9.027474923680767205e-02
8.272610372910416121e-02
1.022161917684305810e-01
9.952830188679245849e-02
9.030544488711819695e-02
9.897913892587660578e-02
9.705215419501134200e-02
8.720672864099159038e-02
1.029281277728482658e-01
1.098367887075430149e-01
8.578637510513036080e-02
1.001757469244288212e-01
8.401826484018265484e-02
8.502202643171806462e-02
8.351269909599655372e-02
9.977827050997782610e-02
9.009393680614859179e-02
9.925011027790030249e-02
9.866911427260210976e-02
9.265175718849839870e-02
8.090310442144872660e-02
9.294169224024551035e-02
9.266756635177687829e-02
9.345372460496613465e-02
9.694793536804308109e-02
8.982584784601282957e-02
9.631336405529954126e-02
1.013672795851013608e-01
9.144947416552354214e-02
9.291061206516952609e-02
9.663120567375886594e-02
9.554973821989529159e-02
1.040940766550522700e-01
9.756097560975610095e-02
1.036315323294951241e-01
9.660107334525938616e-02
9.082931110136024944e-02
9.150023223409196882e-02
9.007773205304069053e-02
1.004070556309362289e-01
8.897742363877822469e-02
1.019247594050743666e-01
8.400000000000000522e-02
8.711270767849124685e-02
9.271523178807947185e-02
9.377817853922452984e-02
9.094982078853046381e-02
1.051918735891647916e-01
8.381631743201070628e-02
9.342869915064819231e-02
1.081081081081081141e-01
9.082774049217001711e-02
1.001838235294117696e-01
8.919540229885057625e-02
7.950530035335688639e-02
1.065462753950338626e-01
8.968609865470851539e-02
9.887737478411053049e-02
9.990999099909990411e-02
8.935018050541516932e-02
9.596412556053811327e-02
9.420916162489195722e-02
1.015020482476103741e-01
9.262589928057553268e-02
9.784993418165861823e-02
9.090909090909091161e-02
9.772423025435073018e-02
9.716599190283400911e-02
9.648732770120053981e-02
9.252669039145906826e-02
8.731617647058823040e-02
1.007259528130671489e-01
8.399440037330845044e-02
9.248805905340859446e-02
9.308510638297871898e-02
8.840775823184483795e-02
1.019163763066202044e-01
9.618039576622181008e-02
1.021834061135371147e-01
