1.452353770902424512e-01
6.471784924867270139e-02
6.937541890886869678e-02
3.170155532221001493e-02
2.043407643888042399e-02
1.888799112927133650e-02
1.478667533702996556e-02
1.284210924273083976e-02
1.051836780723528625e-02
1.323530574044520097e-02
1.187776442421558526e-02
9.888314080071028411e-03
6.339950769785752949e-03
7.699455549150246991e-03
2.697918167602002260e-03
3.032197903667207400e-03
1.640016945485078467e-03
0.000000000000000000e+00
0.000000000000000000e+00
0.000000000000000000e+00
0.000000000000000000e+00
0.000000000000000000e+00
0.000000000000000000e+00
0.000000000000000000e+00
0.000000000000000000e+00
0.000000000000000000e+00
0.000000000000000000e+00
0.000000000000000000e+00
0.000000000000000000e+00
0.000000000000000000e+00
0.000000000000000000e+00
0.000000000000000000e+00
0.000000000000000000e+00
0.000000000000000000e+00
0.000000000000000000e+00
0.000000000000000000e+00
0.000000000000000000e+00
0.000000000000000000e+00
0.000000000000000000e+00
0.000000000000000000e+00
0.000000000000000000e+00
0.000000000000000000e+00
0.000000000000000000e+00
0.000000000000000000e+00
0.000000000000000000e+00
0.000000000000000000e+00
0.000000000000000000e+00
0.000000000000000000e+00
0.000000000000000000e+00
0.000000000000000000e+00
