9.621482362267141930e-02
9.041250706347711552e-02
9.000537345513165421e-02
9.454609121946949690e-02
9.836065573770491621e-02
1.004187750828825637e-01
9.304552180346417622e-02
9.485430874147551816e-02
9.348612786489746140e-02
9.146715776550030930e-02
9.193676587476816431e-02
8.986814712005551653e-02
8.751076658053402735e-02
8.703071672354949218e-02
8.187626092804303757e-02
7.876796714579055447e-02
8.094490790451805418e-02
7.798742138364779530e-02
7.568614244822360893e-02
6.741759151896636881e-02
6.079078824824316052e-02
6.352407360725989549e-02
6.844106463878327218e-02
7.513386880856760819e-02
8.797005274800068220e-02
9.956383157188390676e-02
9.813728872024836403e-02
9.841590832490731966e-02
1.035650774832754667e-01
9.402710389827673154e-02
9.885237350026082614e-02
1.050939245219157242e-01
1.014736842105263132e-01
1.004411265693926081e-01
1.012701682114658386e-01
1.049855368385230608e-01
