2.558299779891967773e+00
2.552353143692016602e+00
2.522012948989868164e+00
2.541950702667236328e+00
2.448607444763183594e+00
2.533753395080566406e+00
2.465169429779052734e+00
2.468558073043823242e+00
2.585301160812377930e+00
2.485253095626831055e+00
2.635597467422485352e+00
2.657546997070312500e+00
2.517552614212036133e+00
2.580905437469482422e+00
2.574810743331909180e+00
2.539444208145141602e+00
2.514406442642211914e+00
2.507078886032104492e+00
2.571076393127441406e+00
2.499495029449462891e+00
2.543888568878173828e+00
2.582807779312133789e+00
2.488687992095947266e+00
2.553985357284545898e+00
2.519774675369262695e+00
2.635193347930908203e+00
2.671838760375976562e+00
2.580165147781372070e+00
2.624850988388061523e+00
2.571292638778686523e+00
2.588666677474975586e+00
2.634788036346435547e+00
2.636831283569335938e+00
2.626654148101806641e+00
2.746036767959594727e+00
2.610477447509765625e+00
2.745068073272705078e+00
0.000000000000000000e+00
0.000000000000000000e+00
0.000000000000000000e+00
0.000000000000000000e+00
0.000000000000000000e+00
0.000000000000000000e+00
0.000000000000000000e+00
0.000000000000000000e+00
0.000000000000000000e+00
0.000000000000000000e+00
0.000000000000000000e+00
0.000000000000000000e+00
0.000000000000000000e+00
0.000000000000000000e+00
0.000000000000000000e+00
0.000000000000000000e+00
0.000000000000000000e+00
0.000000000000000000e+00
0.000000000000000000e+00
0.000000000000000000e+00
0.000000000000000000e+00
0.000000000000000000e+00
0.000000000000000000e+00
