1.028037383177570104e-02
9.174311926605505096e-03
8.387698042870456172e-03
1.266163793103448204e-02
1.135749053542455325e-02
1.016740269076717683e-02
9.668508287292817277e-03
9.580749377993984586e-03
1.157518536299141122e-02
1.019462465245597749e-02
9.550827423167849300e-03
1.145200056553089159e-02
1.023438897835033182e-02
1.011643443405229985e-02
9.784735812133071864e-03
1.283664736974578398e-02
9.793707022296311085e-03
1.075828561513100801e-02
1.067235859124866619e-02
9.263217899387202539e-03
9.588523971309928159e-03
9.708737864077669061e-03
1.117091499949223084e-02
7.532956685499058065e-03
1.365795724465558234e-02
1.115696163839217415e-02
8.412197686645635913e-03
8.903201363894677756e-03
1.181712514529252231e-02
6.147540983606557263e-03
9.945888270711073301e-03
9.695901278096077242e-03
1.097793211605242562e-02
1.278269419862340141e-02
9.188361408882083498e-03
9.881422924901185970e-03
7.874015748031495954e-03
9.670220679394991858e-03
1.606425702811244832e-02
1.247771836007130139e-02
9.448381269973599519e-03
1.025196736697711435e-02
9.619011693700489640e-03
1.024247491638795998e-02
1.088544710695499643e-02
9.369144284821986565e-03
1.380670611439842148e-02
1.042068699343882618e-02
9.018036072144288914e-03
1.063291139240506340e-02
1.059499247197903324e-02
1.017821191559167837e-02
1.173020527859237536e-02
9.796096074305203280e-03
1.026083621020329809e-02
9.373807836939342109e-03
1.071887951979419787e-02
8.928571428571428076e-03
1.086279665121428137e-02
1.057884231536926171e-02
1.077762619372442041e-02
8.046817849305047676e-03
1.441441441441441464e-02
8.855911919578745781e-03
1.142573273720814790e-02
1.097178683385579938e-02
9.448464624498519038e-03
8.212428141253764677e-03
9.629203794193734456e-03
1.440329218106995920e-02
7.858546168958742070e-03
9.821231516221584287e-03
9.665170866413531903e-03
7.561436672967864099e-03
1.203284258210645524e-02
1.134692162218953540e-02
1.001794258373205765e-02
1.054194506310319156e-02
1.022644265887509216e-02
9.183673469387755930e-03
1.029567053854276749e-02
1.277740416946872813e-02
1.053759599928558686e-02
7.181328545780969741e-03
1.136988813497157545e-02
9.834368530020703991e-03
3.724394785847299789e-03
8.463100880162490944e-03
1.015771184175354169e-02
1.754385964912280604e-02
5.098789037603568969e-03
7.339449541284404077e-03
1.163331782224290289e-02
1.084277969443075453e-02
1.192910702113156134e-02
1.024065540194572452e-02
9.861932938856015837e-03
1.318267419962335270e-02
1.313197636244254826e-02
1.080114715631867034e-02
1.159929701230228392e-02
1.145801291910181555e-02
9.532374100719423829e-03
9.959257582616568710e-03
1.533523537803138312e-02
1.559454191033138315e-02
9.049773755656109406e-03
1.066989330106698879e-02
1.122094576542879973e-02
1.388888888888888812e-02
1.068909386869234916e-02
1.087429317094388941e-02
7.478842747490651276e-03
1.205832865956253490e-02
1.068667576170986844e-02
1.156069364161849654e-02
1.082055906221821538e-02
8.405797101449275638e-03
9.610834031089591362e-03
1.034952012605643880e-02
1.078680203045685217e-02
1.095890410958904118e-02
1.089300319726373666e-02
8.664898320070734544e-03
1.262458471760797424e-02
1.070663811563169095e-02
9.850011193194537287e-03
9.993186463774698589e-03
1.388147357180993108e-02
1.022270901788974000e-02
8.196721311475410263e-03
1.030219780219780203e-02
1.094482912664730863e-02
1.353546291283161916e-02
6.042296072507552865e-03
1.112759643916914030e-02
8.926910916868141879e-03
9.020747719755436642e-03
1.202404809619238464e-02
1.209082866411088225e-02
1.031529778123783589e-02
1.240208877284595251e-02
1.645338208409506328e-02
1.306604617862896014e-02
1.120162932790223949e-02
8.000000000000000167e-03
9.130607383882492420e-03
1.371984952423102415e-02
9.702009702009701392e-03
1.413189771197846493e-02
9.941646855413875314e-03
1.082046433448891759e-02
1.072961373390557936e-02
1.111111111111111154e-02
1.002019574335870702e-02
9.803921568627450844e-03
1.019804906887378064e-02
1.002034204776614153e-02
7.789895392833296080e-03
1.159125571936959857e-02
1.080840983121113437e-02
2.169197396963123709e-03
1.176470588235294101e-02
1.109192093648052151e-02
1.367053998632945973e-02
1.007137192704203078e-02
1.260352898811667281e-02
8.898776418242491590e-03
1.289083927591881500e-02
6.974248927038627019e-03
6.752194463200539981e-03
1.141853315766359206e-02
6.315789473684210384e-03
1.134215500945179658e-02
7.483629560336763423e-03
1.049156272927366171e-02
1.345291479820627870e-02
1.111335623358254178e-02
1.256732495511669705e-02
4.868549172346641092e-03
1.055025350432448571e-02
9.900990099009901110e-03
9.919944309084580830e-03
7.820136852394916904e-03
1.292407108239095395e-02
1.119582022711521074e-02
9.323064450749898174e-03
8.179959100204499747e-03
9.191176470588235600e-03
1.622718052738336691e-02
1.010176038030156757e-02
1.103309929789368128e-02
9.914116087382558382e-03
1.206509539842873235e-02
1.101458268693763544e-02
1.121049493142516409e-02
1.126661728587579486e-02
1.227109684727204116e-02
1.336302895322939895e-02
1.556420233463035041e-02
9.992254066615026756e-03
1.311953352769679344e-02
1.064590450464765296e-02
1.073401736385161745e-02
7.541478129713423927e-03
6.048387096774193381e-03
1.180004290924694353e-02
9.900990099009901110e-03
1.187373298580944071e-02
1.030808877264510239e-02
