1.173099999999999987e+01
1.172899999999999920e+01
1.172700000000000031e+01
1.172700000000000031e+01
1.172600000000000087e+01
1.172199999999999953e+01
1.172199999999999953e+01
1.172100000000000009e+01
1.172199999999999953e+01
1.172100000000000009e+01
1.172100000000000009e+01
1.172199999999999953e+01
1.172100000000000009e+01
1.171799999999999997e+01
1.171899999999999942e+01
1.172199999999999953e+01
1.171700000000000053e+01
1.171899999999999942e+01
1.171899999999999942e+01
1.172199999999999953e+01
1.171400000000000041e+01
1.171700000000000053e+01
1.171799999999999997e+01
1.171599999999999930e+01
1.171400000000000041e+01
1.171599999999999930e+01
1.171700000000000053e+01
1.171899999999999942e+01
1.171199999999999974e+01
1.171299999999999919e+01
1.171000000000000085e+01
1.171299999999999919e+01
1.171199999999999974e+01
1.170899999999999963e+01
1.170199999999999996e+01
1.171000000000000085e+01
1.171000000000000085e+01
1.171299999999999919e+01
1.171299999999999919e+01
1.170800000000000018e+01
1.170800000000000018e+01
1.170199999999999996e+01
1.170199999999999996e+01
1.170599999999999952e+01
1.170800000000000018e+01
1.170599999999999952e+01
1.170599999999999952e+01
1.170599999999999952e+01
1.170599999999999952e+01
1.170500000000000007e+01
1.170199999999999996e+01
1.169899999999999984e+01
1.170199999999999996e+01
1.169899999999999984e+01
1.170100000000000051e+01
1.170400000000000063e+01
1.170500000000000007e+01
1.170100000000000051e+01
1.169899999999999984e+01
1.169999999999999929e+01
1.170199999999999996e+01
1.169899999999999984e+01
1.169500000000000028e+01
1.169999999999999929e+01
1.169999999999999929e+01
1.169699999999999918e+01
1.169500000000000028e+01
1.169599999999999973e+01
1.169699999999999918e+01
1.169599999999999973e+01
1.169500000000000028e+01
1.169599999999999973e+01
1.169599999999999973e+01
1.169899999999999984e+01
1.169899999999999984e+01
1.169500000000000028e+01
1.169500000000000028e+01
1.169299999999999962e+01
1.169699999999999918e+01
1.169699999999999918e+01
1.169200000000000017e+01
1.169299999999999962e+01
1.169500000000000028e+01
1.169100000000000072e+01
1.169100000000000072e+01
1.169599999999999973e+01
1.169500000000000028e+01
1.169100000000000072e+01
1.169500000000000028e+01
1.169599999999999973e+01
1.169500000000000028e+01
1.169100000000000072e+01
1.168900000000000006e+01
1.168800000000000061e+01
1.169100000000000072e+01
1.169100000000000072e+01
1.169200000000000017e+01
1.169200000000000017e+01
1.169299999999999962e+01
1.168900000000000006e+01
