2.012461059190031043e-01
1.816513761467890009e-01
1.845293569431500358e-01
2.155172413793103314e-01
1.979448350459707962e-01
2.084831056793673698e-01
1.988950276243093840e-01
1.950685134984589120e-01
1.976316210593694889e-01
2.075996292863762638e-01
1.951773049645390001e-01
2.007634667043687315e-01
2.015745213812846770e-01
1.966024050391295963e-01
1.956947162426614373e-01
1.917946136420840553e-01
2.023338195457387023e-01
1.844525420787784253e-01
2.294557097118463118e-01
1.985178851360980545e-01
2.052095130237825693e-01
1.789181692094313492e-01
2.043261907179851622e-01
1.854990583804143056e-01
2.090261282660332565e-01
2.032706709460492256e-01
1.960342496620099129e-01
1.985224474332260014e-01
2.094149554436265104e-01
1.864754098360655865e-01
1.968599954271778030e-01
2.049360951961216315e-01
1.969866696538590811e-01
1.814159292035398274e-01
2.087799897907095525e-01
2.009222661396574405e-01
1.870078740157480324e-01
2.065459955368212364e-01
2.389558232931726922e-01
2.009167303284950246e-01
1.999444212866472170e-01
1.929824561403508665e-01
1.984156921916258032e-01
1.956521739130434867e-01
1.990794856808883739e-01
1.863418696647928252e-01
1.972386587771203237e-01
2.034515079671390114e-01
2.004008016032064188e-01
1.984810126582278456e-01
1.995204371828472600e-01
2.037133696219521339e-01
1.809803100125680908e-01
1.983165227487120041e-01
1.905446873801304175e-01
1.995749087143713629e-01
1.959411176218379402e-01
2.124999999999999944e-01
1.972600844115408592e-01
2.067864271457085790e-01
1.991814461118690260e-01
1.889782979761033821e-01
2.063063063063063085e-01
1.931546194351364265e-01
2.086438152011922398e-01
2.029780564263322928e-01
1.985302388361891157e-01
2.077744319737202250e-01
1.979016958896234468e-01
1.851851851851851749e-01
2.288801571709233873e-01
1.996799823438534516e-01
2.040041422160855933e-01
1.663516068052930119e-01
1.964892412231030450e-01
2.094977936541290164e-01
2.006578947368421184e-01
1.985152190051967247e-01
2.111029948867786665e-01
2.173469387755102011e-01
1.816261879619852082e-01
1.795561533288500267e-01
1.984282907662082429e-01
2.003590664272890398e-01
1.932880982945167914e-01
1.904761904761904656e-01
1.713221601489758050e-01
1.983750846310088078e-01
2.068965517241379282e-01
1.734892787524366375e-01
1.835564053537284968e-01
2.018348623853211121e-01
1.921824104234527708e-01
1.971414489896500810e-01
1.949556918882072165e-01
1.976446492575524849e-01
1.545036160420775739e-01
1.676082862523540495e-01
1.943532501641496990e-01
1.983314089910238609e-01
1.775043936731107164e-01
2.072439249461704158e-01
2.070143884892086394e-01
1.974309642372114038e-01
2.100570613409415144e-01
2.027290448343079809e-01
2.023270846800258593e-01
1.943680563194367938e-01
2.102591504141063383e-01
1.835317460317460181e-01
1.907759088442756434e-01
1.952298100623459376e-01
1.901200551072623479e-01
1.920919798093101427e-01
1.946339245111414207e-01
1.791907514450866989e-01
1.917042380522993583e-01
2.114492753623188337e-01
1.982234518912228405e-01
1.890488468700759206e-01
1.928934010152284217e-01
2.036529680365296857e-01
1.950330879619302515e-01
1.895667550839964521e-01
2.064230343300110793e-01
2.012847965738757960e-01
2.023729572419968592e-01
2.042546748429101278e-01
2.087560064068339494e-01
2.018985031033223854e-01
2.090163934426229608e-01
1.923076923076923184e-01
2.039312039312039249e-01
2.051976177585273509e-01
2.165156092648539699e-01
2.162462908011869300e-01
1.883950158080714143e-01
2.044702816477899088e-01
1.723446893787575207e-01
1.926668632655067215e-01
1.939470611132736444e-01
1.899477806788511802e-01
1.882998171846435032e-01
2.001073921603722938e-01
1.945010183299389073e-01
1.895000000000000018e-01
2.003771337832473132e-01
1.889798628015047499e-01
1.878031878031878044e-01
2.045760430686406339e-01
1.940782364382969416e-01
2.045382918373778725e-01
2.231759656652360646e-01
1.975438596491227994e-01
1.994718036352338131e-01
1.975034199726402317e-01
1.936151344960094500e-01
1.944549084607850586e-01
2.003115958157133392e-01
2.003050330452465777e-01
1.930707728753331409e-01
1.757049891540130027e-01
1.901960784313725394e-01
1.983112646325081441e-01
1.842105263157894635e-01
2.042030134813639930e-01
1.958948505581562805e-01
2.017055988134964783e-01
1.966538672517827713e-01
1.979613733905579431e-01
1.883862255232950644e-01
1.996779388083735896e-01
1.957894736842105132e-01
1.663516068052930119e-01
1.777362020579981161e-01
2.013206162876008676e-01
1.914453259744739455e-01
1.971105273792685408e-01
1.921005385996409354e-01
2.093476144109055470e-01
2.022815389203698189e-01
1.504950495049504899e-01
1.936999651931778643e-01
1.925708699902248244e-01
1.728594507269790026e-01
1.968331822786159868e-01
1.935549250101337715e-01
2.065439672801636095e-01
1.773897058823529493e-01
1.764705882352941291e-01
2.017380970066107171e-01
2.016048144433299771e-01
1.925759409764251640e-01
2.056677890011223420e-01
1.999689730065156712e-01
2.021466905187835339e-01
2.030720049900588686e-01
1.978478383990938394e-01
1.982182628062360841e-01
2.081712062256809437e-01
2.033307513555383528e-01
2.048104956268221588e-01
1.988559625009930776e-01
2.021310181531175976e-01
2.088989441930618474e-01
1.875000000000000000e-01
1.987770864621326017e-01
2.119545287862119598e-01
2.001158412974225198e-01
1.994307473364360095e-01
