1.649585163494387413e-02
1.627586206896551591e-02
1.856532729015950359e-02
1.694484453105142910e-02
1.674641148325358916e-02
1.489326493463511564e-02
2.047125668449197716e-02
1.699411423360689885e-02
2.074755792362961010e-02
2.140173174317921978e-02
2.138950118377010504e-02
2.012333657903278214e-02
2.358529194988125480e-02
2.568244225488612587e-02
2.432746595815343804e-02
2.838198431309129147e-02
2.475692458534194118e-02
2.756420742679535282e-02
3.061986557132188175e-02
3.177632124782212020e-02
3.293437886917045115e-02
3.537370608851576892e-02
3.769841269841269632e-02
3.876478318002628265e-02
4.562768457735635191e-02
4.490797546012269964e-02
4.911180773249738951e-02
5.357142857142856845e-02
5.090968426205433328e-02
4.255840548929913647e-02
2.785996055226824461e-02
1.875855406166975284e-02
1.790971540726202238e-02
1.430934656741108396e-02
1.400675620004943576e-02
1.389802631578947352e-02
1.391275881823389807e-02
1.367658889782783632e-02
1.229773462783171484e-02
1.307189542483660170e-02
1.133730552797087079e-02
1.391810972649295923e-02
1.359764089121887239e-02
1.379646161337445137e-02
1.518058220035032116e-02
1.426215993404781474e-02
1.359381359381359351e-02
1.334321719792438792e-02
1.658415841584158501e-02
1.228623609496928490e-02
1.358673001583729327e-02
