1.122460067369336068e-01
1.083110979345785208e-01
1.151953958971502767e-01
1.084413246940244824e-01
1.045265302506865057e-01
1.120812544547398482e-01
1.059784946236559111e-01
1.079253680246490960e-01
1.091860365382965881e-01
1.016299137104506173e-01
1.082618663496646011e-01
1.090634947227341195e-01
1.024272680323635720e-01
1.056677084213193674e-01
1.040467394106022875e-01
1.019621283523262784e-01
1.056645813694404024e-01
1.027519809150549551e-01
1.015332197614991494e-01
1.058693995087659906e-01
9.876864377384668436e-02
9.113733366808937642e-02
9.860376376723614666e-02
9.887774188063254421e-02
9.390034364261168331e-02
9.278438030560272332e-02
8.999224204809930239e-02
8.731773482536453468e-02
9.039499614428926633e-02
8.246029063872929721e-02
8.344698261166041964e-02
7.789135760750190429e-02
8.460684709297361383e-02
7.728079817367040916e-02
8.009853053597214279e-02
7.142857142857142461e-02
7.157930277707436062e-02
7.773037542662115940e-02
7.750169033130493990e-02
7.763112191733240186e-02
8.139435779425552298e-02
7.801836717499367746e-02
7.786401214779821445e-02
7.985237376279147314e-02
8.739424703891708612e-02
8.469945355191256520e-02
8.583117642147448934e-02
8.784123262435103441e-02
8.883846024541940112e-02
8.888888888888889228e-02
8.739255014326648141e-02
8.773259240548959836e-02
8.577211773635827485e-02
8.498887148627483346e-02
8.360396369389624938e-02
7.680684966003525904e-02
8.085501858736059144e-02
7.893413775766716656e-02
8.123676408301566676e-02
8.068582955118507039e-02
8.592883351821828386e-02
8.200550596479519450e-02
9.364890175378852433e-02
1.043600795755968147e-01
1.030962912555290906e-01
1.042990966878554748e-01
9.707612026836742736e-02
9.830593340565801919e-02
1.007790902236742892e-01
1.108864172564880402e-01
1.024740889334670724e-01
1.069023569023569015e-01
1.016078236366650123e-01
9.893598764372747711e-02
1.035207125451642757e-01
1.023318235195437020e-01
9.809106685397900316e-02
1.056391936718550639e-01
1.066344793140764219e-01
1.018581081081081086e-01
1.068051334008780773e-01
