1.360000000000000000e+02
1.361999999999999886e+02
1.364000000000000057e+02
1.365999999999999943e+02
1.368000000000000114e+02
1.370000000000000000e+02
1.371999999999999886e+02
1.374000000000000057e+02
1.375999999999999943e+02
1.378000000000000114e+02
1.380000000000000000e+02
1.381999999999999886e+02
1.384000000000000057e+02
1.385999999999999943e+02
1.388000000000000114e+02
1.390000000000000000e+02
1.391999999999999886e+02
1.394000000000000057e+02
1.395999999999999943e+02
1.398000000000000114e+02
1.400000000000000000e+02
1.401999999999999886e+02
1.404000000000000057e+02
1.405999999999999943e+02
1.408000000000000114e+02
1.410000000000000000e+02
1.411999999999999886e+02
1.414000000000000057e+02
1.415999999999999943e+02
1.418000000000000114e+02
1.420000000000000000e+02
1.421999999999999886e+02
1.424000000000000057e+02
1.425999999999999943e+02
1.428000000000000114e+02
1.430000000000000000e+02
1.431999999999999886e+02
1.434000000000000057e+02
1.435999999999999943e+02
1.438000000000000114e+02
1.440000000000000000e+02
1.441999999999999886e+02
1.444000000000000057e+02
1.445999999999999943e+02
1.448000000000000114e+02
1.450000000000000000e+02
