8.410428931875525271e-04
4.231908590774439397e-04
4.694835680751173598e-04
9.490509490509490068e-03
4.894762604013705790e-04
4.115226337448560021e-03
4.719764011799409964e-03
9.164121077478477526e-03
6.253908692933083172e-04
1.108126259234385423e-02
5.376344086021505805e-03
5.800464037122969596e-03
9.608540925266903510e-03
2.594875121634771225e-03
4.725897920604915062e-04
5.557099194220616392e-04
1.043115438108484054e-02
8.176862507571169142e-03
6.807351940095302499e-04
1.094583216390681950e-02
9.865175928970733570e-04
8.322929671244278437e-04
3.174603174603174600e-03
0.000000000000000000e+00
7.370184254606364747e-03
6.287111421585749559e-03
6.283380458686773327e-04
6.603081438004402073e-03
7.405578869414959197e-04
6.626905235255135460e-03
1.571091908876669392e-03
2.202643171806167605e-03
0.000000000000000000e+00
0.000000000000000000e+00
0.000000000000000000e+00
0.000000000000000000e+00
0.000000000000000000e+00
0.000000000000000000e+00
0.000000000000000000e+00
0.000000000000000000e+00
0.000000000000000000e+00
0.000000000000000000e+00
0.000000000000000000e+00
0.000000000000000000e+00
0.000000000000000000e+00
0.000000000000000000e+00
0.000000000000000000e+00
0.000000000000000000e+00
0.000000000000000000e+00
0.000000000000000000e+00
0.000000000000000000e+00
0.000000000000000000e+00
0.000000000000000000e+00
0.000000000000000000e+00
0.000000000000000000e+00
0.000000000000000000e+00
0.000000000000000000e+00
0.000000000000000000e+00
0.000000000000000000e+00
0.000000000000000000e+00
