2.136044686054832235e-05
3.961337347488512353e-04
4.629838746104160277e-04
4.302086798903254745e-04
4.926638390404946980e-04
4.725556364768475630e-04
4.494740016272096516e-04
5.633961520042818534e-04
5.588862920434914698e-04
5.788613456823753700e-04
4.698476674610677691e-04
5.802859024003749564e-04
5.374840263038101152e-04
4.725819095645018625e-04
4.762827790546340814e-04
5.544479042989314309e-04
5.515161065213965716e-04
5.253829233229604257e-04
5.047434412031248045e-04
5.823205184382278894e-04
4.886907311657988709e-04
6.364941361284905683e-04
5.724989300384074591e-04
5.383623125059965779e-04
5.801329333178631203e-04
6.105040938008159590e-04
5.710826585039918864e-04
5.784191803800214048e-04
6.540300140319166853e-04
5.757915634540296127e-04
5.432219628818223253e-04
