2.860000000000000000e+02
3.200000000000000000e+02
3.160000000000000000e+02
2.840000000000000000e+02
3.120000000000000000e+02
3.140000000000000000e+02
3.000000000000000000e+02
3.460000000000000000e+02
3.060000000000000000e+02
2.980000000000000000e+02
2.800000000000000000e+02
2.800000000000000000e+02
3.020000000000000000e+02
3.140000000000000000e+02
2.960000000000000000e+02
3.320000000000000000e+02
2.640000000000000000e+02
3.560000000000000000e+02
3.360000000000000000e+02
3.660000000000000000e+02
3.780000000000000000e+02
3.660000000000000000e+02
3.320000000000000000e+02
3.000000000000000000e+02
3.300000000000000000e+02
3.260000000000000000e+02
3.840000000000000000e+02
3.240000000000000000e+02
3.680000000000000000e+02
3.400000000000000000e+02
3.380000000000000000e+02
4.020000000000000000e+02
3.940000000000000000e+02
3.860000000000000000e+02
3.540000000000000000e+02
4.080000000000000000e+02
4.220000000000000000e+02
4.140000000000000000e+02
4.360000000000000000e+02
5.160000000000000000e+02
4.920000000000000000e+02
4.040000000000000000e+02
4.140000000000000000e+02
3.640000000000000000e+02
4.400000000000000000e+02
4.100000000000000000e+02
3.960000000000000000e+02
3.820000000000000000e+02
4.080000000000000000e+02
5.160000000000000000e+02
5.720000000000000000e+02
5.620000000000000000e+02
5.180000000000000000e+02
5.080000000000000000e+02
5.220000000000000000e+02
4.880000000000000000e+02
5.100000000000000000e+02
5.800000000000000000e+02
6.120000000000000000e+02
6.440000000000000000e+02
7.360000000000000000e+02
8.680000000000000000e+02
8.040000000000000000e+02
7.240000000000000000e+02
7.820000000000000000e+02
8.120000000000000000e+02
9.320000000000000000e+02
1.218000000000000000e+03
7.220000000000000000e+02
7.160000000000000000e+02
6.180000000000000000e+02
5.960000000000000000e+02
5.180000000000000000e+02
5.000000000000000000e+02
5.280000000000000000e+02
5.060000000000000000e+02
5.460000000000000000e+02
5.400000000000000000e+02
6.340000000000000000e+02
7.560000000000000000e+02
8.860000000000000000e+02
7.760000000000000000e+02
8.300000000000000000e+02
8.780000000000000000e+02
9.320000000000000000e+02
1.034000000000000000e+03
1.144000000000000000e+03
1.216000000000000000e+03
1.194000000000000000e+03
1.308000000000000000e+03
1.358000000000000000e+03
1.466000000000000000e+03
1.694000000000000000e+03
1.960000000000000000e+03
2.334000000000000000e+03
2.040000000000000000e+03
1.340000000000000000e+03
1.032000000000000000e+03
9.080000000000000000e+02
8.180000000000000000e+02
8.420000000000000000e+02
7.640000000000000000e+02
6.840000000000000000e+02
6.000000000000000000e+02
5.740000000000000000e+02
6.080000000000000000e+02
5.660000000000000000e+02
4.720000000000000000e+02
4.440000000000000000e+02
4.500000000000000000e+02
4.960000000000000000e+02
3.900000000000000000e+02
4.400000000000000000e+02
3.720000000000000000e+02
3.780000000000000000e+02
4.000000000000000000e+02
3.880000000000000000e+02
3.980000000000000000e+02
4.740000000000000000e+02
7.300000000000000000e+02
1.140000000000000000e+03
1.044000000000000000e+03
6.620000000000000000e+02
5.500000000000000000e+02
4.960000000000000000e+02
4.060000000000000000e+02
4.040000000000000000e+02
3.660000000000000000e+02
3.640000000000000000e+02
3.840000000000000000e+02
3.580000000000000000e+02
3.540000000000000000e+02
3.900000000000000000e+02
3.990000000000000000e+02
3.760000000000000000e+02
4.080000000000000000e+02
4.080000000000000000e+02
4.220000000000000000e+02
4.280000000000000000e+02
4.060000000000000000e+02
4.940000000000000000e+02
4.380000000000000000e+02
4.340000000000000000e+02
4.920000000000000000e+02
5.260000000000000000e+02
4.000000000000000000e+02
4.960000000000000000e+02
5.100000000000000000e+02
4.500000000000000000e+02
4.060000000000000000e+02
3.840000000000000000e+02
4.040000000000000000e+02
4.380000000000000000e+02
3.920000000000000000e+02
4.140000000000000000e+02
4.100000000000000000e+02
4.220000000000000000e+02
4.060000000000000000e+02
4.060000000000000000e+02
4.120000000000000000e+02
4.020000000000000000e+02
3.660000000000000000e+02
4.700000000000000000e+02
4.500000000000000000e+02
3.940000000000000000e+02
3.540000000000000000e+02
3.780000000000000000e+02
4.160000000000000000e+02
4.760000000000000000e+02
4.680000000000000000e+02
4.340000000000000000e+02
5.220000000000000000e+02
5.520000000000000000e+02
6.760000000000000000e+02
4.780000000000000000e+02
4.340000000000000000e+02
4.000000000000000000e+02
4.480000000000000000e+02
4.460000000000000000e+02
4.420000000000000000e+02
5.240000000000000000e+02
4.920000000000000000e+02
4.820000000000000000e+02
4.320000000000000000e+02
4.760000000000000000e+02
4.360000000000000000e+02
4.460000000000000000e+02
4.020000000000000000e+02
4.280000000000000000e+02
4.540000000000000000e+02
4.640000000000000000e+02
4.720000000000000000e+02
5.320000000000000000e+02
5.880000000000000000e+02
6.800000000000000000e+02
7.220000000000000000e+02
9.660000000000000000e+02
9.800000000000000000e+02
1.318000000000000000e+03
1.542000000000000000e+03
1.912000000000000000e+03
2.960000000000000000e+03
1.710000000000000000e+03
9.240000000000000000e+02
6.380000000000000000e+02
5.580000000000000000e+02
5.060000000000000000e+02
5.020000000000000000e+02
5.080000000000000000e+02
5.320000000000000000e+02
5.480000000000000000e+02
4.980000000000000000e+02
5.720000000000000000e+02
6.820000000000000000e+02
7.700000000000000000e+02
7.060000000000000000e+02
7.040000000000000000e+02
6.960000000000000000e+02
6.660000000000000000e+02
7.000000000000000000e+02
6.240000000000000000e+02
6.640000000000000000e+02
7.020000000000000000e+02
6.300000000000000000e+02
6.360000000000000000e+02
5.340000000000000000e+02
4.840000000000000000e+02
1.063000000000000000e+03
5.720000000000000000e+02
4.640000000000000000e+02
4.040000000000000000e+02
4.980000000000000000e+02
4.240000000000000000e+02
3.960000000000000000e+02
3.700000000000000000e+02
3.440000000000000000e+02
4.040000000000000000e+02
3.600000000000000000e+02
3.960000000000000000e+02
4.160000000000000000e+02
4.420000000000000000e+02
