1.079763148728666022e-01
1.289651586063442490e-01
1.043919872096304019e-01
1.041631552334400801e-01
1.151720449277946201e-01
1.029750575979164612e-01
1.600506756756756854e-01
1.046755059316119979e-01
1.293749999999999900e-01
1.001547105284585903e-01
1.195346971520256651e-01
1.025641025641025605e-01
1.140004160599126237e-01
1.073320799863271280e-01
1.212595958013473335e-01
1.422497100889060784e-01
1.190975218838614264e-01
1.232957913455838828e-01
1.211805193450829071e-01
1.348387096774193439e-01
1.058478941521058536e-01
1.109516977522716358e-01
1.064041588319876164e-01
1.260110685398041774e-01
1.128205128205128221e-01
1.172061328790459933e-01
1.096139288417865287e-01
1.162335848002235272e-01
1.096351101395661720e-01
1.223617419182473909e-01
9.578481220272265506e-02
1.102519331504115685e-01
1.118881118881118880e-01
1.144188454568987878e-01
1.149844862201131607e-01
1.273516642547033173e-01
1.166892808683853422e-01
1.071545246651421091e-01
1.025927998507741162e-01
1.087486929243638850e-01
1.096596136154553841e-01
