1.435500000000000000e+04
1.923000000000000000e+03
1.063300000000000000e+04
5.933000000000000000e+03
5.609000000000000000e+03
9.983000000000000000e+03
2.368000000000000000e+03
1.289700000000000000e+04
1.600000000000000000e+03
1.228100000000000000e+04
2.493000000000000000e+03
9.009000000000000000e+03
4.807000000000000000e+03
5.851000000000000000e+03
6.383000000000000000e+03
2.587000000000000000e+03
8.111000000000000000e+03
1.687000000000000000e+03
9.589000000000000000e+03
1.550000000000000000e+03
9.901000000000000000e+03
2.091000000000000000e+03
9.041000000000000000e+03
2.349000000000000000e+03
7.605000000000000000e+03
2.935000000000000000e+03
6.605000000000000000e+03
3.579000000000000000e+03
5.947000000000000000e+03
3.743000000000000000e+03
6.097000000000000000e+03
4.009000000000000000e+03
5.291000000000000000e+03
3.863000000000000000e+03
5.479000000000000000e+03
3.455000000000000000e+03
5.159000000000000000e+03
3.061000000000000000e+03
5.361000000000000000e+03
2.869000000000000000e+03
5.435000000000000000e+03
