1.090948291350749277e-01
1.089514569471303485e-01
1.167401600522619681e-01
1.116611836852023365e-01
1.134779621085697521e-01
1.096927948810029058e-01
1.073715421253509106e-01
1.070975712845856215e-01
1.131327807680877068e-01
1.116617780924446246e-01
1.092644396906368304e-01
1.104818614284327344e-01
1.140822315275808602e-01
1.092260462110195562e-01
1.060871288436767146e-01
1.092378523401013601e-01
1.092069339824347923e-01
1.085215572189716648e-01
1.088273259855029318e-01
1.017194332116908295e-01
1.090885408186525185e-01
1.105925801577975487e-01
1.139775639958723052e-01
1.091855004898483195e-01
1.095590431003019283e-01
1.063893016344725079e-01
1.036052500415351324e-01
1.086863217669781084e-01
1.033839052370770090e-01
1.049424739601061973e-01
1.027173187341434146e-01
1.085912928323125304e-01
1.064318777716634773e-01
1.043903405900036274e-01
9.924842993925667156e-02
1.074649384494050647e-01
1.029514524340332110e-01
1.024799042243885738e-01
1.012900797317181634e-01
1.006936057144828950e-01
1.037298011450252383e-01
9.548470626314937981e-02
1.023112273992821397e-01
9.733080764594455314e-02
9.996205719016246216e-02
1.013352408202193577e-01
1.026192208479396739e-01
9.820011481443960411e-02
9.663793399498608883e-02
9.607640497487615616e-02
9.588222893682804560e-02
9.511256026917340456e-02
9.317377380751727667e-02
9.555850069663913982e-02
9.187480015632217001e-02
9.490781697866167155e-02
9.838509316770185920e-02
9.745308774233679694e-02
8.921352131815865616e-02
8.287694974003466386e-02
7.224584327145770757e-02
6.328292999283202658e-02
7.095087755032759846e-02
7.268730033320737471e-02
8.141679134337705126e-02
8.896858512362494642e-02
8.264462809917355601e-02
8.794685226194241812e-02
8.021928454946046505e-02
6.517499379454629038e-02
7.315951462836522978e-02
6.582497032480845445e-02
6.305895556412864644e-02
6.118257485677223995e-02
5.918699186991870087e-02
7.288387073426699780e-02
7.414190996007179180e-02
7.825094777135706281e-02
7.964310527662997463e-02
8.595904261186072814e-02
8.833472681667817183e-02
9.483981235681297750e-02
9.317194066305090061e-02
1.006913667789399031e-01
9.937758614694530701e-02
9.790797911483337113e-02
9.969265552690147192e-02
1.012723206101272255e-01
9.967152897962067160e-02
1.021431828545371623e-01
1.046144816961338125e-01
1.040400810148171817e-01
1.036906233445170356e-01
1.032049499443826457e-01
1.042706987463770663e-01
1.048322752974641808e-01
1.068636862314865654e-01
1.101922607208904725e-01
1.073491544296749922e-01
1.069379803008983637e-01
9.919542284999105508e-02
7.475503295920185587e-02
6.925373134328358105e-02
7.604779739611200462e-02
9.493970636453058498e-02
1.041434577927911748e-01
1.096570557151470005e-01
1.041789491936882250e-01
1.048243001786777900e-01
1.049465482877332823e-01
1.103893747505171052e-01
1.080924646384256449e-01
1.040364445386163794e-01
1.088651356404557735e-01
1.061839039254346695e-01
1.116585781498907193e-01
1.050461491904978034e-01
1.020935545485187890e-01
1.121747042766151059e-01
1.054859890208460355e-01
1.107894642793324086e-01
1.019256670670889292e-01
1.051069528394078662e-01
1.029331983073528828e-01
1.053984575835475584e-01
1.021078666617446229e-01
1.079800226021654375e-01
1.004100631718940484e-01
1.072594548989398711e-01
1.068434973736169524e-01
1.078214117048715837e-01
1.077651028866962596e-01
9.913223583187515120e-02
1.007024926006490073e-01
1.042333019755409262e-01
1.029196806716389939e-01
1.053312722435920529e-01
1.054889493239361126e-01
9.710042168899503390e-02
1.021188170247504523e-01
1.002515402282089657e-01
1.044252270506929176e-01
1.024266898139412074e-01
1.031717747683535275e-01
1.051343863562767544e-01
1.043566730860070457e-01
1.035114833051791750e-01
1.002884718116742041e-01
9.783949529482253993e-02
1.029417046801479885e-01
1.052405344413798044e-01
1.018915510718789441e-01
1.059271343121261505e-01
1.045517931848249787e-01
1.067074307445658315e-01
1.026686569337750821e-01
1.035591842505213245e-01
1.029571303587051567e-01
1.063059769694754131e-01
9.737855727160539543e-02
1.010785143740567660e-01
1.008914825820772659e-01
1.014665081252477258e-01
9.935053536949271791e-02
9.906933788007957209e-02
9.791383867971707733e-02
9.772784559432501350e-02
9.773034611308066555e-02
9.585690819492607984e-02
9.993660737591826548e-02
9.655071295040504320e-02
9.688054780623890638e-02
8.986650265909337798e-02
9.960901816055833802e-02
9.249820531227566367e-02
9.247138707080605757e-02
8.782364044303571371e-02
7.973769576894904065e-02
5.309175181712841307e-02
2.093574282986172472e-02
6.517482517482517390e-02
8.161863213218370494e-02
9.131720897859753328e-02
8.990255317662673717e-02
8.717966501369768528e-02
9.326992164779142336e-02
9.343722943722944374e-02
1.014902453495270945e-01
9.990594628487825535e-02
9.717814856518920685e-02
9.587646955606246579e-02
1.016924995546053812e-01
9.780631353665061867e-02
1.024826076208637943e-01
1.083439310442277786e-01
1.063145888777520531e-01
1.025984557345837878e-01
9.677306576233261903e-02
1.003812388513868059e-01
9.057616302258965357e-02
9.677304586046180102e-02
8.931160060813916890e-02
9.807833665861598327e-02
9.156525680811743173e-02
9.012046500193165999e-02
9.010643866689932446e-02
9.129883046952703973e-02
1.020556227327690385e-01
1.027306799928609654e-01
1.032514271531397437e-01
9.450344183472275672e-02
9.450297277563367293e-02
9.016816259156092139e-02
9.903373336542760363e-02
9.418720566498230140e-02
9.298944088627315863e-02
9.422159392118749366e-02
8.963159893657425548e-02
9.577330472395353955e-02
1.009730253817652940e-01
9.960091414537640409e-02
1.057709360479551636e-01
1.047425908136763034e-01
1.069058827890425195e-01
1.113569045030182586e-01
1.015041741752785859e-01
1.018496110630942031e-01
1.100364014560582387e-01
1.068554876086256905e-01
1.115364354697102739e-01
1.026548672566371667e-01
1.052177972492548547e-01
1.053497942386831254e-01
1.041334877660344549e-01
1.102835968741974482e-01
1.041810957605803223e-01
1.068972926514825950e-01
1.110823503309543991e-01
1.085127672979283309e-01
1.083179436927599604e-01
1.115416883064999365e-01
