2.406000000000000000e+03
2.716000000000000000e+03
2.707000000000000000e+03
2.624000000000000000e+03
2.678000000000000000e+03
2.546000000000000000e+03
2.575000000000000000e+03
2.720000000000000000e+03
2.658000000000000000e+03
2.782000000000000000e+03
2.862000000000000000e+03
2.848000000000000000e+03
2.756000000000000000e+03
2.578000000000000000e+03
2.636000000000000000e+03
2.713000000000000000e+03
2.772000000000000000e+03
2.608000000000000000e+03
2.530000000000000000e+03
2.590000000000000000e+03
2.690000000000000000e+03
2.652000000000000000e+03
2.762000000000000000e+03
2.874000000000000000e+03
2.834000000000000000e+03
2.808000000000000000e+03
2.702000000000000000e+03
2.760000000000000000e+03
2.798000000000000000e+03
2.806000000000000000e+03
2.704000000000000000e+03
2.576000000000000000e+03
2.754000000000000000e+03
2.611000000000000000e+03
2.678000000000000000e+03
2.656000000000000000e+03
2.648000000000000000e+03
2.640000000000000000e+03
2.685000000000000000e+03
2.674000000000000000e+03
2.544000000000000000e+03
2.658000000000000000e+03
2.584000000000000000e+03
2.432000000000000000e+03
2.634000000000000000e+03
2.404000000000000000e+03
2.308000000000000000e+03
2.262000000000000000e+03
2.274000000000000000e+03
2.190000000000000000e+03
2.040000000000000000e+03
2.096000000000000000e+03
2.040000000000000000e+03
1.992000000000000000e+03
1.916000000000000000e+03
1.874000000000000000e+03
1.981000000000000000e+03
1.996000000000000000e+03
1.826000000000000000e+03
1.580000000000000000e+03
1.142000000000000000e+03
1.082000000000000000e+03
1.208000000000000000e+03
1.424000000000000000e+03
1.308000000000000000e+03
5.920000000000000000e+02
5.500000000000000000e+02
2.000000000000000000e+02
1.680000000000000000e+02
1.422000000000000000e+03
1.876000000000000000e+03
2.080000000000000000e+03
2.112000000000000000e+03
2.362000000000000000e+03
2.392000000000000000e+03
2.374000000000000000e+03
2.424000000000000000e+03
2.566000000000000000e+03
2.496000000000000000e+03
2.444000000000000000e+03
2.440000000000000000e+03
2.466000000000000000e+03
2.425000000000000000e+03
2.544000000000000000e+03
2.350000000000000000e+03
2.374000000000000000e+03
2.388000000000000000e+03
2.630000000000000000e+03
2.686000000000000000e+03
2.614000000000000000e+03
2.442000000000000000e+03
2.753000000000000000e+03
2.684000000000000000e+03
2.712000000000000000e+03
2.556000000000000000e+03
2.016000000000000000e+03
1.154000000000000000e+03
1.636000000000000000e+03
2.438000000000000000e+03
2.772000000000000000e+03
2.570000000000000000e+03
2.596000000000000000e+03
2.540000000000000000e+03
2.614000000000000000e+03
2.588000000000000000e+03
2.568000000000000000e+03
2.568000000000000000e+03
2.566000000000000000e+03
2.500000000000000000e+03
2.432000000000000000e+03
2.548000000000000000e+03
2.580000000000000000e+03
2.642000000000000000e+03
2.498000000000000000e+03
2.634000000000000000e+03
2.662000000000000000e+03
2.622000000000000000e+03
2.628000000000000000e+03
2.570000000000000000e+03
2.460000000000000000e+03
2.548000000000000000e+03
2.430000000000000000e+03
2.438000000000000000e+03
2.535000000000000000e+03
2.486000000000000000e+03
2.706000000000000000e+03
2.666000000000000000e+03
2.644000000000000000e+03
2.710000000000000000e+03
2.706000000000000000e+03
2.512000000000000000e+03
2.548000000000000000e+03
2.626000000000000000e+03
2.638000000000000000e+03
2.624000000000000000e+03
2.652000000000000000e+03
2.776000000000000000e+03
2.752000000000000000e+03
2.610000000000000000e+03
2.698000000000000000e+03
2.599000000000000000e+03
2.756000000000000000e+03
2.590000000000000000e+03
2.586000000000000000e+03
2.648000000000000000e+03
2.610000000000000000e+03
2.646000000000000000e+03
2.688000000000000000e+03
2.793000000000000000e+03
2.760000000000000000e+03
2.600000000000000000e+03
2.668000000000000000e+03
2.770000000000000000e+03
2.618000000000000000e+03
2.830000000000000000e+03
2.635000000000000000e+03
2.686000000000000000e+03
2.602000000000000000e+03
2.612000000000000000e+03
2.610000000000000000e+03
2.584000000000000000e+03
2.518000000000000000e+03
2.221000000000000000e+03
2.336000000000000000e+03
2.144000000000000000e+03
2.440000000000000000e+03
2.468000000000000000e+03
2.454000000000000000e+03
2.358000000000000000e+03
2.140000000000000000e+03
2.060000000000000000e+03
1.550000000000000000e+03
6.080000000000000000e+02
1.182000000000000000e+03
1.518000000000000000e+03
1.612000000000000000e+03
1.654000000000000000e+03
2.010000000000000000e+03
2.184000000000000000e+03
2.240000000000000000e+03
2.318000000000000000e+03
2.432000000000000000e+03
2.473000000000000000e+03
2.630000000000000000e+03
2.452000000000000000e+03
2.476000000000000000e+03
2.680000000000000000e+03
2.754000000000000000e+03
2.658000000000000000e+03
2.623000000000000000e+03
2.576000000000000000e+03
2.634000000000000000e+03
2.560000000000000000e+03
2.552000000000000000e+03
2.536000000000000000e+03
2.505000000000000000e+03
2.212000000000000000e+03
2.170000000000000000e+03
1.961000000000000000e+03
2.348000000000000000e+03
2.372000000000000000e+03
2.308000000000000000e+03
2.232000000000000000e+03
1.953000000000000000e+03
2.230000000000000000e+03
2.300000000000000000e+03
2.344000000000000000e+03
2.400000000000000000e+03
2.406000000000000000e+03
2.568000000000000000e+03
2.646000000000000000e+03
2.656000000000000000e+03
2.678000000000000000e+03
2.606000000000000000e+03
2.592000000000000000e+03
2.711000000000000000e+03
2.616000000000000000e+03
2.692000000000000000e+03
2.664000000000000000e+03
2.694000000000000000e+03
2.744000000000000000e+03
2.652000000000000000e+03
2.826000000000000000e+03
2.848000000000000000e+03
2.626000000000000000e+03
2.608000000000000000e+03
2.828000000000000000e+03
2.636000000000000000e+03
2.920000000000000000e+03
2.594000000000000000e+03
2.602000000000000000e+03
2.432000000000000000e+03
2.500000000000000000e+03
2.502000000000000000e+03
2.540000000000000000e+03
2.760000000000000000e+03
2.664000000000000000e+03
2.822000000000000000e+03
2.922000000000000000e+03
2.862000000000000000e+03
2.736000000000000000e+03
