1.054299999999999926e+01
1.054400000000000048e+01
1.054499999999999993e+01
1.054800000000000004e+01
1.054100000000000037e+01
1.054400000000000048e+01
1.054499999999999993e+01
1.054800000000000004e+01
1.054800000000000004e+01
1.055899999999999928e+01
1.056099999999999994e+01
1.056000000000000050e+01
1.055899999999999928e+01
1.056300000000000061e+01
1.056300000000000061e+01
1.056300000000000061e+01
1.055700000000000038e+01
1.055700000000000038e+01
1.055700000000000038e+01
1.055700000000000038e+01
1.056400000000000006e+01
1.056000000000000050e+01
1.056300000000000061e+01
1.055599999999999916e+01
1.056799999999999962e+01
1.056300000000000061e+01
1.056400000000000006e+01
1.055899999999999928e+01
1.056499999999999950e+01
1.056099999999999994e+01
1.056799999999999962e+01
1.055599999999999916e+01
1.055700000000000038e+01
1.056000000000000050e+01
1.056300000000000061e+01
1.056300000000000061e+01
1.056099999999999994e+01
1.056099999999999994e+01
1.056000000000000050e+01
1.056400000000000006e+01
1.056000000000000050e+01
