6.911707639694213867e+00
6.877285003662109375e+00
6.907064437866210938e+00
6.923521995544433594e+00
6.864733934402465820e+00
6.907837390899658203e+00
6.843976736068725586e+00
6.944281339645385742e+00
6.866877794265747070e+00
6.833600044250488281e+00
6.881443023681640625e+00
6.928188085556030273e+00
6.834444761276245117e+00
6.909485340118408203e+00
6.876808881759643555e+00
6.941256284713745117e+00
6.871649265289306641e+00
6.891449451446533203e+00
6.914427757263183594e+00
6.832372903823852539e+00
6.857792377471923828e+00
6.833958387374877930e+00
6.885923385620117188e+00
6.830662012100219727e+00
6.892083644866943359e+00
6.813324689865112305e+00
6.911151885986328125e+00
6.879610061645507812e+00
6.928466320037841797e+00
6.883137941360473633e+00
6.926573991775512695e+00
6.843485116958618164e+00
6.836281299591064453e+00
6.843061685562133789e+00
6.939201354980468750e+00
6.851950645446777344e+00
6.888563156127929688e+00
6.933215856552124023e+00
6.874356031417846680e+00
6.896986246109008789e+00
6.845177888870239258e+00
