7.964000000000000000e+03
9.657000000000000000e+03
1.143100000000000000e+04
1.130500000000000000e+04
1.237500000000000000e+04
1.192100000000000000e+04
1.192300000000000000e+04
1.176100000000000000e+04
1.245700000000000000e+04
1.205700000000000000e+04
1.209900000000000000e+04
1.262100000000000000e+04
1.286500000000000000e+04
1.312700000000000000e+04
1.380200000000000000e+04
1.366300000000000000e+04
1.424900000000000000e+04
1.453900000000000000e+04
1.483300000000000000e+04
1.507500000000000000e+04
1.528300000000000000e+04
1.512900000000000000e+04
1.531300000000000000e+04
1.523300000000000000e+04
1.490500000000000000e+04
1.450100000000000000e+04
1.435400000000000000e+04
1.418100000000000000e+04
1.395500000000000000e+04
1.368300000000000000e+04
1.339700000000000000e+04
1.290900000000000000e+04
1.285700000000000000e+04
1.203100000000000000e+04
1.215500000000000000e+04
1.172100000000000000e+04
1.144100000000000000e+04
1.121700000000000000e+04
1.080300000000000000e+04
1.053300000000000000e+04
1.000700000000000000e+04
