2.800000000000000000e+02
9.100000000000000000e+01
2.200000000000000000e+02
8.400000000000000000e+01
9.600000000000000000e+01
1.440000000000000000e+02
1.320000000000000000e+02
2.040000000000000000e+02
1.500000000000000000e+02
2.120000000000000000e+02
9.100000000000000000e+01
1.140000000000000000e+02
1.360000000000000000e+02
1.440000000000000000e+02
2.060000000000000000e+02
7.000000000000000000e+01
9.000000000000000000e+01
1.600000000000000000e+02
1.280000000000000000e+02
1.280000000000000000e+02
1.200000000000000000e+02
1.220000000000000000e+02
1.880000000000000000e+02
1.120000000000000000e+02
9.600000000000000000e+01
1.550000000000000000e+02
1.220000000000000000e+02
1.080000000000000000e+02
1.100000000000000000e+02
9.600000000000000000e+01
1.140000000000000000e+02
8.600000000000000000e+01
1.500000000000000000e+02
1.160000000000000000e+02
9.400000000000000000e+01
1.510000000000000000e+02
1.100000000000000000e+02
2.000000000000000000e+02
1.280000000000000000e+02
1.260000000000000000e+02
1.580000000000000000e+02
