2.461593747192525328e-02
4.303388918773533994e-02
2.260724543685722204e-02
3.566400750821210885e-02
2.104479001769252178e-02
5.677059097254537334e-02
2.921110790813875174e-02
3.013344812742143816e-02
2.558409979913310248e-02
3.878667329686723286e-02
2.388596378579684043e-02
3.522336769759450148e-02
2.442505947660586832e-02
2.615629984051036708e-02
2.804262478968031283e-02
2.267059623668102319e-02
3.054939640305493961e-02
2.525556223692122793e-02
3.185840707964601726e-02
2.327294152305199593e-02
2.842975206611570230e-02
2.811199820083211398e-02
3.608419645840293954e-02
2.552017473272789883e-02
2.694977541853817854e-02
2.697841726618704916e-02
3.485130111524163687e-02
2.599156118143459981e-02
4.430598823122187946e-02
3.083604777415852385e-02
2.935474937690390335e-02
3.156856297270634742e-02
3.032884648151303389e-02
2.438316400580551463e-02
2.492053401144310107e-02
3.561726531844249671e-02
2.276005770155473465e-02
3.549160671462829597e-02
2.768166089965398008e-02
3.394727338389310484e-02
3.383338653048196393e-02
