1.238225799318975751e-01
1.227169872312914162e-01
1.236926234360816168e-01
1.247623285731623427e-01
1.260248886669163848e-01
1.255532545580054504e-01
1.262591804791909078e-01
1.279122138967366817e-01
1.266535322262876406e-01
1.247204472843450457e-01
1.174518655708608195e-01
1.262756621530397583e-01
1.252188801120666106e-01
1.235959423218935815e-01
1.215567251911329610e-01
1.291199192515237459e-01
1.265933898175711780e-01
1.240946589720748339e-01
1.212239634217827933e-01
1.220412763807376955e-01
1.227481387185125200e-01
1.219635430836798901e-01
1.177016113451060664e-01
1.269365711357275106e-01
1.240334419280135075e-01
1.226266127479299084e-01
1.185698511213494205e-01
1.229890822113344356e-01
1.207771882276596626e-01
1.233284363581572257e-01
1.169616683364874399e-01
1.156631715490217260e-01
1.138040831616407567e-01
1.109046526031988861e-01
1.196671310765523161e-01
1.198181747542639564e-01
1.168926488198709784e-01
1.215100426283651502e-01
1.173957816850375729e-01
1.230649249366348175e-01
1.233923292509694070e-01
1.210440332814102793e-01
1.154250554928151346e-01
1.194245180940167461e-01
1.154261488621365489e-01
1.186558044806517304e-01
1.127515704397231283e-01
1.139851630882756928e-01
1.116147100007369719e-01
1.194735065811677321e-01
1.135242970602627355e-01
1.088214693847458225e-01
1.062064387653501446e-01
1.081899816077031284e-01
1.071205840272937415e-01
1.113828855140186896e-01
1.079937246889707825e-01
1.042276365431402257e-01
9.863669989784056014e-02
9.342451341399263254e-02
7.638469463886027322e-02
4.379767302892895869e-02
7.228576456097131342e-02
9.041203587892648885e-02
9.435988593859941098e-02
1.025208192662615397e-01
1.078558261756284997e-01
1.086251751050630321e-01
1.086056855540514371e-01
1.124216007258096311e-01
1.146844423654153483e-01
1.106771336865308014e-01
1.066333673894123424e-01
1.030927835051546337e-01
9.973702529197926714e-02
9.310038952524200828e-02
9.494749356053100442e-02
9.717180581594798972e-02
8.537592949600661396e-02
8.510295362050207535e-02
7.303393134173992440e-02
6.838634600465477720e-02
6.200760396660526252e-02
4.895240308276209429e-02
4.221224822879186822e-02
4.856595120851031622e-02
4.845391330078414188e-02
4.344144608474763414e-02
7.883988458800164634e-02
9.459090021480179300e-02
1.031831401139396837e-01
1.068978267121317993e-01
1.067108935722664992e-01
1.108748846724698089e-01
1.193131669742437673e-01
1.141700089560375442e-01
1.050600511911793655e-01
1.173603442367008171e-01
1.128450920245398781e-01
1.219193797222991454e-01
1.158460233469321837e-01
1.159301802722478847e-01
1.222807232357863011e-01
1.224489795918367319e-01
1.248114467956729784e-01
1.218848167539267058e-01
1.115259940092733215e-01
1.210709176374412388e-01
1.131932235895796723e-01
9.726175680551657488e-02
7.950969024349842373e-02
4.835199620147984101e-02
8.358043727513540799e-02
1.022361740882843095e-01
1.169553217871285161e-01
1.151591771060797575e-01
1.195895027833528967e-01
1.112734789892005499e-01
1.161304300725815170e-01
1.190294853661190283e-01
1.173917683469104661e-01
1.166390465780473146e-01
1.118099722407674135e-01
1.140028391511666017e-01
1.172837181273775065e-01
1.176380426868988832e-01
1.226245966296163475e-01
1.254255146701248047e-01
1.210051134547778795e-01
1.191569527846461779e-01
1.241868256008725746e-01
1.216773168979468356e-01
1.189439198304104855e-01
1.236736756189513731e-01
1.173918008450382522e-01
1.157440964406973583e-01
1.143260409315455250e-01
1.158513462267728444e-01
1.107880527130612053e-01
1.186496956281128945e-01
1.098735809189557017e-01
1.142528653037760966e-01
1.141930708772424530e-01
1.098772647574517841e-01
1.151312385748284040e-01
1.113596818294804863e-01
1.162565810680133288e-01
1.134968236504950850e-01
1.180814428231618529e-01
1.133092895409503198e-01
1.162944180068776201e-01
1.176099084242658160e-01
1.112834832971351801e-01
1.163192607484216795e-01
1.093639074258128674e-01
1.221637921523921616e-01
1.094707824005223262e-01
1.182656348354130388e-01
1.121878085347570164e-01
1.059730968439095283e-01
1.115064372959689021e-01
1.109258641769478720e-01
1.001925327494431611e-01
1.068121942039894634e-01
1.022626867965118480e-01
1.087307244963043595e-01
1.132319884177239305e-01
1.108909352294362161e-01
1.194214079074252671e-01
1.126502575844304521e-01
1.152649172013678058e-01
1.109732716815157311e-01
1.144511753724235109e-01
1.150121518040755214e-01
1.096476415625351752e-01
1.190762662526683446e-01
1.159289029774708546e-01
1.124175297630017334e-01
1.108398615412643506e-01
1.092583652096408842e-01
1.129402900734601672e-01
1.156639199307672033e-01
1.144053017091035962e-01
1.118239433881566131e-01
1.122397353570733641e-01
1.108667978243258884e-01
9.992381410641966444e-02
9.621095141940848305e-02
7.659606485835747380e-02
4.725863023813919178e-02
3.151808321680964198e-02
7.410481832245406630e-02
9.585820220654729662e-02
1.026314829008357910e-01
1.037303664921465918e-01
1.085338224188154010e-01
1.093392422536234448e-01
1.143383029633719822e-01
1.152714726711458193e-01
1.075655267552457772e-01
1.124903877842469563e-01
1.095451400269492753e-01
1.095550966773043006e-01
1.061669685990338230e-01
1.117644798032207260e-01
1.112189817871150621e-01
1.077190946024376150e-01
1.096206491982792269e-01
1.075428259257814045e-01
1.120883454939854140e-01
1.101112115377058248e-01
1.110708680429795953e-01
1.120210708259599119e-01
9.019072442182780869e-02
9.359245055371223643e-02
1.089909033213454642e-01
1.094798487128390702e-01
1.105256502128735829e-01
1.138707218232155038e-01
1.177980937560785812e-01
1.120450309968432645e-01
1.182946737025929174e-01
1.116296434571588531e-01
1.158695814369917199e-01
1.170977822960201781e-01
1.117234270308845034e-01
1.193935315308182615e-01
1.261696092129218072e-01
1.175031597830961810e-01
1.197180385963560745e-01
1.208546038948761642e-01
1.189881905897254427e-01
1.145942586334149083e-01
1.160528992878941956e-01
1.223238987018514523e-01
1.211964708414030589e-01
1.168405365126676670e-01
1.283441009409010125e-01
1.123842543655659415e-01
1.171572029228068745e-01
1.175884603124003891e-01
