7.420000000000000000e+02
9.140000000000000000e+02
9.500000000000000000e+02
9.560000000000000000e+02
1.100000000000000000e+03
1.030000000000000000e+03
1.068000000000000000e+03
9.820000000000000000e+02
1.082000000000000000e+03
1.084000000000000000e+03
1.092000000000000000e+03
1.186000000000000000e+03
1.112000000000000000e+03
1.120000000000000000e+03
1.114000000000000000e+03
1.230000000000000000e+03
1.264000000000000000e+03
1.328000000000000000e+03
1.274000000000000000e+03
1.306000000000000000e+03
1.382000000000000000e+03
1.346000000000000000e+03
1.268000000000000000e+03
1.414000000000000000e+03
1.298000000000000000e+03
1.320000000000000000e+03
1.183000000000000000e+03
1.256000000000000000e+03
1.208000000000000000e+03
1.152000000000000000e+03
1.216000000000000000e+03
1.192000000000000000e+03
1.142000000000000000e+03
1.114000000000000000e+03
1.110000000000000000e+03
1.096000000000000000e+03
1.028000000000000000e+03
1.018000000000000000e+03
1.010000000000000000e+03
9.580000000000000000e+02
9.960000000000000000e+02
