1.107494842997937268e-01
1.083663978838687592e-01
1.138813735691987516e-01
1.142387507704951677e-01
1.103701633190911635e-01
1.157797204205776864e-01
1.108705067128627070e-01
1.127893291486857658e-01
1.103826439384908847e-01
1.125604799690342606e-01
1.105557852016083586e-01
1.117475249402571785e-01
1.107824684054853487e-01
1.124799940447388930e-01
1.074193428899507391e-01
1.078672054991124396e-01
1.032323451695804778e-01
1.099090680372353801e-01
1.064048407352437553e-01
1.053509803177974102e-01
1.127895266868076535e-01
1.063042500950997643e-01
1.076712420265170528e-01
1.022311571037801126e-01
1.055381054719788381e-01
1.011105585943974788e-01
9.837040954616070587e-02
1.005860344998841110e-01
9.913977785834349188e-02
1.027231873365081483e-01
1.071725744716258977e-01
1.046051964726154720e-01
9.575859178541491767e-02
1.023624693349464015e-01
1.030720161154943804e-01
9.890072490896095747e-02
9.909569164116494022e-02
9.984242464880813128e-02
9.640606370294668714e-02
9.746323903963052815e-02
9.736912571964118079e-02
9.568165473785143760e-02
1.035217700192834628e-01
9.587055452553513990e-02
9.201360764620120092e-02
9.144562334217506971e-02
9.856801909307875975e-02
9.001143332293939925e-02
8.695949878462118365e-02
8.433111348814741060e-02
8.527104263552132135e-02
8.825446934083656936e-02
8.874584859793885339e-02
9.057945990745217002e-02
8.621425522833973953e-02
9.666826550566358367e-02
8.634862385321101508e-02
8.681111466894367301e-02
8.505126821370749546e-02
7.550787154813258517e-02
5.789713937918442022e-02
6.316496808153208853e-02
6.300988758975901993e-02
7.440189615584030802e-02
8.032310421620805774e-02
8.261630722240846658e-02
8.340817681283924090e-02
7.038973928312401707e-02
5.262208106254737117e-02
5.564371099121971642e-02
4.770480355764636360e-02
4.601665993908480440e-02
6.021849187316813401e-02
6.712150490988681717e-02
7.334251426323037948e-02
8.282852278576235960e-02
8.764220296521417486e-02
9.192649184389840855e-02
8.862813631257021596e-02
9.631894132920139351e-02
1.003540892995940931e-01
9.797634910059960234e-02
1.035840066293764183e-01
1.031481401290434280e-01
1.074484256243213864e-01
1.048886013505317266e-01
1.096546406395844386e-01
9.640172985682496365e-02
1.067503924646781843e-01
1.102653601917658460e-01
1.055908355123894860e-01
1.047575289252746372e-01
1.100779487991136729e-01
1.057518897970146921e-01
1.114856105781695667e-01
1.070560534710618267e-01
1.057910181642583852e-01
1.052941826621965199e-01
9.791423075472409365e-02
6.970242426563517946e-02
6.786902756665708081e-02
7.862629914143696996e-02
1.021512036004789681e-01
1.062487110744483459e-01
1.130892577261584236e-01
1.047363091064890533e-01
1.067743041011385702e-01
1.088545897644191685e-01
1.084753313286557497e-01
1.097565578411020953e-01
1.053579116277249400e-01
1.063539146046366402e-01
1.100732529746909077e-01
1.124789932387540575e-01
1.077287129507078917e-01
1.024961175713041128e-01
1.067979407012137893e-01
1.051177722199410219e-01
1.024637092305987485e-01
1.008019158895460676e-01
1.068598271596084143e-01
1.039216400247605920e-01
1.025082580129950266e-01
1.105197356670834102e-01
1.005710075520353658e-01
9.970739657024334235e-02
1.050049427012777759e-01
1.033978678646557542e-01
1.040871362028508440e-01
1.047615685997670409e-01
1.027471566054243279e-01
9.839307787391841920e-02
1.015099785294428236e-01
1.046611775243738579e-01
1.065757293927181298e-01
1.036312558526688160e-01
1.032280579305531326e-01
1.019989570658786787e-01
1.035829931015064126e-01
1.072353713494907934e-01
1.028965517241379329e-01
1.019904818147080311e-01
9.975577035533693404e-02
1.030326188904713974e-01
1.022580532579485529e-01
1.037319909737892676e-01
1.026437471321167694e-01
1.056837406860804129e-01
1.067929575937240222e-01
9.731141830847937768e-02
1.035478694954537343e-01
1.061422606088725518e-01
1.036938632421860601e-01
9.996758975836364525e-02
1.017741502854734303e-01
1.030175661207819449e-01
1.004132738655427737e-01
1.041701487548052779e-01
9.685724794638113366e-02
1.036602979408245001e-01
9.973078313979186205e-02
1.008698365643406064e-01
1.016804439787324932e-01
1.015496736475393486e-01
9.842627840351635127e-02
9.386950979255996586e-02
9.457995592245339866e-02
9.412836376057995280e-02
9.965113892879129409e-02
1.007102453961638278e-01
1.005074885505631843e-01
9.374238114587565840e-02
9.259911549450119961e-02
9.002724795640326683e-02
9.249334782445751968e-02
7.798513123956911375e-02
5.301260198414218389e-02
2.338871437762555378e-02
6.687385329688845526e-02
7.381557485870349211e-02
7.824250731671174297e-02
8.957399511679603465e-02
8.699812313693740251e-02
8.902033811662467266e-02
9.330704267271848484e-02
9.361922749324148862e-02
9.488309047780413286e-02
1.002915021585919358e-01
9.763825945985778187e-02
9.869737587313573424e-02
9.358338615264158444e-02
1.069278797622163213e-01
1.055163566388710727e-01
1.058489971647589983e-01
9.951660361496426910e-02
1.037983094016463048e-01
9.592656339644291263e-02
9.963933256708018549e-02
9.872426228236845513e-02
1.003085816960274934e-01
9.658983384429052632e-02
9.015682590156826048e-02
7.192950908110051778e-02
8.963325357997357912e-02
9.324277255311738677e-02
9.734800649467796607e-02
1.011256288682181731e-01
9.649469710587812998e-02
9.276712126251986101e-02
9.299377307133002701e-02
1.006294195353174270e-01
9.729562902665792046e-02
9.293268680080943311e-02
9.247809429882790366e-02
9.728378224798273077e-02
9.116914960805438950e-02
1.041877621871835635e-01
1.085232727660633695e-01
1.073497139979134457e-01
1.083138804094092300e-01
1.070674539273573089e-01
1.005967029632875986e-01
1.062723100458949493e-01
1.026568834388715823e-01
1.072056845227829375e-01
1.057549226563311018e-01
1.072665570443970123e-01
1.097977047937415962e-01
1.056105610561056118e-01
1.030031161182070332e-01
1.013686320591691420e-01
1.058278468666178918e-01
1.013693627898484551e-01
1.087012179510625093e-01
1.054305018607507999e-01
1.124576918877606690e-01
1.058465152126839698e-01
1.066771462255725056e-01
1.030680897530733692e-01
9.968392900559203129e-02
9.719950599152174520e-02
