1.292688517075406794e-02
1.331114808652246288e-02
1.232049947970863604e-02
1.430039038422025940e-02
1.229884598490596156e-02
1.401925633485074339e-02
1.094531280759085054e-02
1.137701059238917234e-02
1.327134739937219435e-02
1.137991097348558210e-02
1.202510240126263528e-02
1.100026552365057121e-02
1.113970729458763943e-02
1.168719991067108423e-02
1.296440345223543421e-02
1.329455754050685480e-02
1.187244362399102367e-02
1.272328648959493956e-02
1.385241846481713966e-02
1.183207554325154537e-02
1.469546081832083864e-02
1.452432824981844672e-02
1.322512774271115098e-02
1.535774313680255722e-02
1.401884609026285422e-02
1.505055527929719840e-02
1.566786764948930807e-02
1.609111677647915781e-02
1.720444283313008957e-02
1.676839492923737351e-02
1.577633549675486885e-02
1.770449707740649400e-02
1.971500419111483701e-02
1.935678999899183295e-02
1.974148061104582727e-02
2.198550182078072221e-02
2.076814633978613100e-02
2.105474905287155890e-02
2.125702606029637037e-02
2.404319625089143195e-02
2.242602758066675542e-02
2.088969555837128997e-02
2.144862816739402656e-02
2.393392887240856221e-02
2.391057832496355090e-02
2.466843501326259833e-02
2.645755199454483467e-02
2.598482486228042773e-02
2.773117874627683416e-02
3.340119388564921632e-02
3.415101707550853571e-02
3.520570977593247275e-02
3.341664669428561635e-02
3.059603563782029023e-02
3.062313273580879319e-02
3.320665608973176475e-02
3.222018348623853501e-02
3.394172270252961837e-02
3.475445223961143998e-02
4.195701065516351663e-02
6.280432136335971360e-02
5.973046627095232597e-02
5.879920297755554526e-02
5.132953114584105220e-02
4.325670931944287229e-02
3.784407941296979300e-02
4.420320980905150660e-02
5.397564606634347451e-02
6.648139459342404523e-02
5.416269967206177594e-02
7.115292734021831655e-02
7.596051521045099619e-02
5.686879068174031937e-02
5.536932602437196621e-02
4.721621089907535040e-02
3.943461218672051488e-02
3.819458704669596166e-02
3.336774726409250796e-02
3.070777680689052574e-02
2.805812638720214455e-02
2.603851800673633379e-02
2.373417721518987500e-02
2.030246529935778033e-02
2.043909409777854708e-02
2.049945711183496361e-02
1.884274796813715722e-02
1.663893510815307730e-02
1.964982995339463467e-02
1.680173108744537416e-02
1.572816350561419621e-02
1.593823932262482951e-02
1.578881416816340158e-02
1.479840145609939532e-02
1.419745980584014369e-02
1.177821400792621910e-02
1.488682971289685512e-02
1.478399762267374948e-02
1.230519839369266510e-02
1.584128540715875125e-02
3.224694573168396250e-02
2.662174931186064505e-02
1.980035328431171276e-02
1.569016061769685014e-02
1.394101876675603140e-02
1.454808503797773607e-02
1.300927007867881853e-02
1.241384562659456937e-02
1.477699121890835993e-02
1.128559230797787465e-02
1.328552557086242619e-02
1.142812414386912452e-02
1.264538287409257625e-02
1.372039843416921791e-02
1.188103333724156718e-02
1.275418120563109187e-02
1.356009242074163873e-02
1.292698508135733428e-02
1.299040651013475683e-02
1.351900417390019572e-02
1.422402844805689681e-02
1.498906300426722064e-02
1.492917743873575440e-02
1.480997495371882793e-02
1.743168422932666467e-02
1.731442254558850785e-02
1.385236490240379301e-02
1.669534653827847714e-02
1.390523050593646393e-02
1.562007494834168064e-02
1.722494793688892148e-02
1.357830271216097992e-02
1.659897580787568494e-02
1.393826334870296689e-02
1.612292003996279241e-02
1.536288794736660746e-02
1.671695626539035015e-02
1.472692374803699113e-02
1.487919346427950609e-02
1.597916373363367573e-02
1.823923920371881696e-02
1.831034482758620713e-02
1.445096745058533326e-02
1.630490867187231116e-02
1.549310452634869960e-02
1.661257110948242618e-02
1.465023433431695936e-02
1.588366100737707842e-02
1.619812101796191603e-02
1.590687249195618311e-02
1.727078117629984519e-02
1.611695489392048555e-02
1.606053035440236851e-02
1.549872689029115416e-02
1.591702978141092475e-02
1.594052956278499411e-02
1.855743685316626340e-02
1.964073816440934511e-02
2.440247367541367035e-02
1.994360210879071379e-02
2.220113068955556490e-02
2.105516936553220725e-02
2.090728244334360414e-02
2.227655528389024808e-02
2.851079165498738785e-02
2.464581452847219509e-02
2.572719898018310455e-02
2.547532778006051171e-02
2.892169886514593669e-02
2.684178124358711434e-02
2.662356994003317254e-02
2.302265131823245589e-02
2.340511986997155514e-02
2.708308872451176130e-02
3.015440508628519645e-02
3.440392759434846015e-02
4.775451373084509121e-02
7.369670969471789346e-02
1.010483291072171996e-01
5.856142584341184065e-02
4.544247619770132307e-02
3.971399992590671918e-02
3.746219161109289042e-02
3.370993265373716657e-02
3.388468981633621646e-02
2.894452918635365829e-02
2.496018960856201049e-02
2.364546857938928590e-02
2.258219253902070053e-02
2.019085516377436273e-02
2.431565036813290379e-02
2.058088811006300936e-02
1.906755897857703719e-02
1.760387712921388306e-02
1.533130316076866499e-02
1.975620008406893738e-02
1.956369273928610861e-02
2.700325109963664164e-02
2.346320003170702592e-02
2.427391523517779051e-02
2.679582828795750230e-02
2.740244502479088559e-02
2.912481029124810300e-02
4.337349397590361394e-02
2.978252330107488549e-02
2.013235806339254766e-02
1.760779361356665934e-02
1.773498859893590102e-02
1.991731080352327973e-02
2.794101341612151984e-02
2.729408255341362471e-02
2.731369958815758892e-02
2.229852243354808750e-02
2.397770226413653560e-02
2.632477335659826403e-02
2.454824411864984721e-02
3.046401902143626786e-02
1.931144221032836741e-02
1.585890552217046612e-02
1.352663956542072936e-02
1.465254085114024024e-02
1.517266058328860245e-02
1.213633145669689578e-02
1.251062383137854783e-02
1.273159781552584899e-02
1.303852919871684342e-02
1.211198394296985822e-02
1.308470069621803233e-02
1.164834407416342164e-02
1.396560708702449145e-02
1.342327843029825739e-02
1.334070643533559128e-02
1.065942104713136183e-02
1.058973890816140156e-02
1.316703851358765227e-02
1.206778191277956512e-02
1.113658696364231912e-02
1.159760707600836736e-02
1.271837376299524841e-02
1.373771531226883683e-02
1.931159042756416810e-02
2.009412864247805269e-02
