7.090803000000000793e+02
7.090803100000000541e+02
7.090803200000000288e+02
7.090803300000001173e+02
7.090803400000000920e+02
7.090803500000000668e+02
7.090803600000000415e+02
7.090803700000000163e+02
7.090803800000001047e+02
7.090803900000000795e+02
7.090804000000000542e+02
7.090804100000000290e+02
7.090804200000000037e+02
7.090804300000000922e+02
7.090804400000000669e+02
7.090804500000000417e+02
7.090804600000000164e+02
7.090804699999999912e+02
7.090804800000000796e+02
7.090804900000000544e+02
7.090805000000000291e+02
7.090805100000000039e+02
7.090805199999999786e+02
7.090805300000000670e+02
7.090805400000000418e+02
7.090805500000000166e+02
7.090805599999999913e+02
7.090805699999999661e+02
7.090805800000000545e+02
7.090805900000000292e+02
7.090806000000000040e+02
7.090806099999999788e+02
7.090806199999999535e+02
7.090806300000000419e+02
7.090806400000000167e+02
7.090806499999999915e+02
7.090806599999999662e+02
7.090806699999999410e+02
7.090806800000000294e+02
7.090806900000000041e+02
7.090806999999999789e+02
