1.155400000000000027e+01
1.154499999999999993e+01
1.153599999999999959e+01
1.153599999999999959e+01
1.153200000000000003e+01
1.153400000000000070e+01
1.152899999999999991e+01
1.152800000000000047e+01
1.151999999999999957e+01
1.152399999999999913e+01
1.151999999999999957e+01
1.151900000000000013e+01
1.151900000000000013e+01
1.151099999999999923e+01
1.151099999999999923e+01
1.151500000000000057e+01
1.151099999999999923e+01
1.150999999999999979e+01
1.150399999999999956e+01
1.150399999999999956e+01
1.150300000000000011e+01
1.150200000000000067e+01
1.150000000000000000e+01
1.149900000000000055e+01
1.150399999999999956e+01
1.150399999999999956e+01
1.149900000000000055e+01
1.149900000000000055e+01
1.149600000000000044e+01
1.149399999999999977e+01
1.149499999999999922e+01
1.149499999999999922e+01
1.149799999999999933e+01
1.149799999999999933e+01
1.149499999999999922e+01
1.149600000000000044e+01
1.149399999999999977e+01
1.149399999999999977e+01
1.149300000000000033e+01
1.149300000000000033e+01
1.149099999999999966e+01
1.149300000000000033e+01
1.149300000000000033e+01
1.149000000000000021e+01
1.149499999999999922e+01
1.149099999999999966e+01
1.149099999999999966e+01
1.149099999999999966e+01
1.149399999999999977e+01
1.148300000000000054e+01
1.148600000000000065e+01
1.148499999999999943e+01
1.148300000000000054e+01
1.148399999999999999e+01
1.148600000000000065e+01
1.148399999999999999e+01
1.148099999999999987e+01
1.148499999999999943e+01
1.148000000000000043e+01
1.147899999999999920e+01
1.148099999999999987e+01
1.147700000000000031e+01
1.148600000000000065e+01
1.148300000000000054e+01
1.148099999999999987e+01
1.148000000000000043e+01
1.148000000000000043e+01
1.148399999999999999e+01
1.147700000000000031e+01
1.148300000000000054e+01
1.148000000000000043e+01
1.148099999999999987e+01
1.148300000000000054e+01
1.147899999999999920e+01
1.148000000000000043e+01
1.147899999999999920e+01
1.148099999999999987e+01
1.148000000000000043e+01
1.148000000000000043e+01
1.148099999999999987e+01
1.147600000000000087e+01
1.148000000000000043e+01
1.147700000000000031e+01
1.148000000000000043e+01
1.147700000000000031e+01
1.148000000000000043e+01
1.148399999999999999e+01
1.148099999999999987e+01
1.148399999999999999e+01
1.148000000000000043e+01
1.147899999999999920e+01
1.148000000000000043e+01
1.147899999999999920e+01
1.148000000000000043e+01
1.148000000000000043e+01
1.147899999999999920e+01
1.147899999999999920e+01
1.148000000000000043e+01
1.148000000000000043e+01
1.147899999999999920e+01
1.148300000000000054e+01
1.148300000000000054e+01
1.148199999999999932e+01
1.148399999999999999e+01
1.148300000000000054e+01
1.148399999999999999e+01
1.148300000000000054e+01
1.148399999999999999e+01
1.148399999999999999e+01
1.147799999999999976e+01
1.148199999999999932e+01
1.148300000000000054e+01
1.148399999999999999e+01
1.148600000000000065e+01
1.148600000000000065e+01
1.148399999999999999e+01
1.148300000000000054e+01
1.148799999999999955e+01
1.148600000000000065e+01
1.148700000000000010e+01
1.148300000000000054e+01
1.148799999999999955e+01
1.148399999999999999e+01
1.148799999999999955e+01
1.148300000000000054e+01
1.148600000000000065e+01
1.148700000000000010e+01
1.148600000000000065e+01
1.148700000000000010e+01
1.148799999999999955e+01
1.148799999999999955e+01
1.148799999999999955e+01
1.149000000000000021e+01
1.148399999999999999e+01
1.148600000000000065e+01
1.149000000000000021e+01
1.148700000000000010e+01
1.148799999999999955e+01
1.149099999999999966e+01
1.148799999999999955e+01
1.148799999999999955e+01
1.149099999999999966e+01
1.149000000000000021e+01
1.149099999999999966e+01
1.148399999999999999e+01
1.148700000000000010e+01
1.148600000000000065e+01
1.148799999999999955e+01
1.149000000000000021e+01
1.149099999999999966e+01
1.148700000000000010e+01
1.148799999999999955e+01
1.149000000000000021e+01
1.149499999999999922e+01
1.149600000000000044e+01
1.149600000000000044e+01
1.150000000000000000e+01
1.149799999999999933e+01
1.150000000000000000e+01
1.149900000000000055e+01
1.149900000000000055e+01
1.149799999999999933e+01
1.150000000000000000e+01
1.150000000000000000e+01
1.150000000000000000e+01
1.150099999999999945e+01
1.150300000000000011e+01
1.149900000000000055e+01
1.150699999999999967e+01
1.150000000000000000e+01
1.149600000000000044e+01
1.150000000000000000e+01
1.149600000000000044e+01
1.150099999999999945e+01
1.135699999999999932e+01
1.136500000000000021e+01
1.136700000000000088e+01
1.136899999999999977e+01
1.137100000000000044e+01
1.136999999999999922e+01
1.137400000000000055e+01
1.136899999999999977e+01
1.137100000000000044e+01
1.137299999999999933e+01
1.137100000000000044e+01
1.137299999999999933e+01
1.137299999999999933e+01
1.137400000000000055e+01
1.137700000000000067e+01
1.137299999999999933e+01
1.137500000000000000e+01
1.137500000000000000e+01
1.137299999999999933e+01
1.137100000000000044e+01
1.137400000000000055e+01
1.137400000000000055e+01
1.136999999999999922e+01
1.137400000000000055e+01
1.137299999999999933e+01
1.137100000000000044e+01
1.137299999999999933e+01
1.137400000000000055e+01
1.137299999999999933e+01
1.136899999999999977e+01
1.137400000000000055e+01
1.137299999999999933e+01
1.137100000000000044e+01
1.137400000000000055e+01
1.137299999999999933e+01
1.137400000000000055e+01
1.137500000000000000e+01
1.137400000000000055e+01
1.137100000000000044e+01
1.137400000000000055e+01
1.137500000000000000e+01
1.137500000000000000e+01
1.137500000000000000e+01
1.137400000000000055e+01
1.137899999999999956e+01
1.137800000000000011e+01
1.137500000000000000e+01
1.137500000000000000e+01
1.137299999999999933e+01
1.137400000000000055e+01
1.137100000000000044e+01
1.137299999999999933e+01
1.139400000000000013e+01
1.138799999999999990e+01
1.139600000000000080e+01
1.139199999999999946e+01
1.139700000000000024e+01
1.139499999999999957e+01
1.139499999999999957e+01
1.139499999999999957e+01
1.139600000000000080e+01
1.139600000000000080e+01
1.139499999999999957e+01
1.139499999999999957e+01
1.139899999999999913e+01
1.139700000000000024e+01
1.139700000000000024e+01
