3.134000000000000000e+03
3.340000000000000000e+03
3.408000000000000000e+03
3.486000000000000000e+03
3.482000000000000000e+03
3.394000000000000000e+03
3.401000000000000000e+03
3.334000000000000000e+03
3.325000000000000000e+03
3.380000000000000000e+03
3.378000000000000000e+03
3.492000000000000000e+03
3.440000000000000000e+03
3.458000000000000000e+03
3.333000000000000000e+03
3.304000000000000000e+03
3.291000000000000000e+03
3.416000000000000000e+03
3.464000000000000000e+03
3.286000000000000000e+03
3.414000000000000000e+03
3.222000000000000000e+03
3.176000000000000000e+03
3.234000000000000000e+03
3.352000000000000000e+03
3.190000000000000000e+03
3.378000000000000000e+03
3.252000000000000000e+03
3.334000000000000000e+03
3.266000000000000000e+03
3.038000000000000000e+03
3.124000000000000000e+03
3.180000000000000000e+03
3.192000000000000000e+03
3.266000000000000000e+03
3.182000000000000000e+03
3.364000000000000000e+03
3.268000000000000000e+03
3.398000000000000000e+03
3.492000000000000000e+03
3.286000000000000000e+03
3.302000000000000000e+03
3.298000000000000000e+03
3.212000000000000000e+03
3.272000000000000000e+03
3.458000000000000000e+03
3.318000000000000000e+03
3.266000000000000000e+03
3.074000000000000000e+03
3.126000000000000000e+03
3.196000000000000000e+03
3.182000000000000000e+03
3.144000000000000000e+03
3.034000000000000000e+03
3.154000000000000000e+03
3.214000000000000000e+03
3.240000000000000000e+03
3.172000000000000000e+03
2.920000000000000000e+03
3.014000000000000000e+03
2.794000000000000000e+03
2.744000000000000000e+03
2.714000000000000000e+03
2.934000000000000000e+03
2.762000000000000000e+03
2.822000000000000000e+03
2.572000000000000000e+03
2.786000000000000000e+03
2.946000000000000000e+03
3.108000000000000000e+03
2.960000000000000000e+03
2.964000000000000000e+03
2.960000000000000000e+03
2.982000000000000000e+03
2.992000000000000000e+03
2.904000000000000000e+03
2.926000000000000000e+03
3.050000000000000000e+03
2.804000000000000000e+03
2.762000000000000000e+03
2.576000000000000000e+03
2.820000000000000000e+03
2.676000000000000000e+03
2.560000000000000000e+03
2.520000000000000000e+03
2.496000000000000000e+03
2.514000000000000000e+03
2.512000000000000000e+03
2.340000000000000000e+03
2.364000000000000000e+03
2.358000000000000000e+03
2.232000000000000000e+03
1.994000000000000000e+03
1.580000000000000000e+03
1.136000000000000000e+03
1.514000000000000000e+03
2.268000000000000000e+03
2.484000000000000000e+03
2.752000000000000000e+03
2.900000000000000000e+03
3.024000000000000000e+03
3.002000000000000000e+03
2.842000000000000000e+03
3.020000000000000000e+03
3.008000000000000000e+03
3.266000000000000000e+03
3.116000000000000000e+03
3.108000000000000000e+03
2.963000000000000000e+03
3.276000000000000000e+03
3.087000000000000000e+03
3.282000000000000000e+03
3.144000000000000000e+03
3.119000000000000000e+03
3.236000000000000000e+03
3.162000000000000000e+03
3.018000000000000000e+03
3.216000000000000000e+03
3.082000000000000000e+03
2.732000000000000000e+03
2.496000000000000000e+03
2.480000000000000000e+03
2.804000000000000000e+03
2.874000000000000000e+03
3.036000000000000000e+03
3.178000000000000000e+03
3.238000000000000000e+03
3.256000000000000000e+03
3.254000000000000000e+03
3.250000000000000000e+03
3.292000000000000000e+03
3.232000000000000000e+03
3.252000000000000000e+03
6.158000000000000000e+03
3.398000000000000000e+03
3.266000000000000000e+03
3.112000000000000000e+03
3.018000000000000000e+03
3.124000000000000000e+03
3.246000000000000000e+03
3.182000000000000000e+03
3.172000000000000000e+03
3.168000000000000000e+03
3.098000000000000000e+03
3.080000000000000000e+03
2.970000000000000000e+03
3.102000000000000000e+03
3.086000000000000000e+03
3.208000000000000000e+03
3.196000000000000000e+03
3.220000000000000000e+03
3.322000000000000000e+03
3.206000000000000000e+03
3.096000000000000000e+03
3.304000000000000000e+03
3.278000000000000000e+03
3.182000000000000000e+03
3.076000000000000000e+03
3.186000000000000000e+03
3.310000000000000000e+03
3.072000000000000000e+03
3.028000000000000000e+03
3.157000000000000000e+03
3.060000000000000000e+03
3.184000000000000000e+03
3.172000000000000000e+03
3.178000000000000000e+03
3.182000000000000000e+03
3.114000000000000000e+03
3.142000000000000000e+03
3.082000000000000000e+03
3.064000000000000000e+03
3.146000000000000000e+03
2.946000000000000000e+03
3.052000000000000000e+03
3.138000000000000000e+03
3.124000000000000000e+03
3.102000000000000000e+03
3.082000000000000000e+03
3.154000000000000000e+03
3.148000000000000000e+03
3.192000000000000000e+03
3.198000000000000000e+03
3.180000000000000000e+03
3.144000000000000000e+03
3.218000000000000000e+03
3.016000000000000000e+03
3.088000000000000000e+03
3.182000000000000000e+03
3.148000000000000000e+03
3.100000000000000000e+03
3.056000000000000000e+03
3.162000000000000000e+03
3.040000000000000000e+03
2.980000000000000000e+03
2.816000000000000000e+03
2.884000000000000000e+03
2.756000000000000000e+03
2.500000000000000000e+03
1.996000000000000000e+03
1.238000000000000000e+03
1.478000000000000000e+03
2.558000000000000000e+03
2.942000000000000000e+03
3.120000000000000000e+03
3.160000000000000000e+03
3.168000000000000000e+03
3.174000000000000000e+03
3.254000000000000000e+03
3.246000000000000000e+03
3.110000000000000000e+03
2.989000000000000000e+03
3.036000000000000000e+03
2.984000000000000000e+03
2.902000000000000000e+03
2.948000000000000000e+03
2.932000000000000000e+03
3.033000000000000000e+03
2.888000000000000000e+03
3.008000000000000000e+03
3.020000000000000000e+03
2.944000000000000000e+03
3.080000000000000000e+03
3.074000000000000000e+03
3.042000000000000000e+03
3.048000000000000000e+03
2.760000000000000000e+03
2.837000000000000000e+03
2.978000000000000000e+03
3.236000000000000000e+03
3.218000000000000000e+03
3.339000000000000000e+03
3.272000000000000000e+03
3.318000000000000000e+03
3.198000000000000000e+03
3.144000000000000000e+03
3.336000000000000000e+03
3.230000000000000000e+03
3.303000000000000000e+03
3.228000000000000000e+03
3.080000000000000000e+03
