1.676181221911818287e-02
1.754713459025573907e-02
1.522217662201992387e-02
1.732944871164251305e-02
1.775898520084566445e-02
1.839859820204175003e-02
1.736257826604694146e-02
1.808619319686707860e-02
1.614493918252547788e-02
1.652590398888523215e-02
1.735033466701566690e-02
1.731187152381303065e-02
1.722044375758913920e-02
1.945596710840277396e-02
1.678301443194559969e-02
1.971882417381778246e-02
1.820258668337079375e-02
1.830325842282003179e-02
2.024984521251411290e-02
2.130687000620234278e-02
1.817315795258857627e-02
1.761862130707251423e-02
1.873655815988043566e-02
1.906988638439337941e-02
1.751262580387312473e-02
2.419679081837786475e-02
2.124022549554464498e-02
2.104641287892774007e-02
2.316061220726535128e-02
2.280045897027797169e-02
2.746903184761049360e-02
2.702403366928785022e-02
2.924040892601956557e-02
2.900690113296675032e-02
2.980268823243101620e-02
3.276730733345773611e-02
3.418740580083078767e-02
3.268833364643997791e-02
3.554511071126941618e-02
3.996908468587832830e-02
4.286301011835866315e-02
4.195490408705081914e-02
4.646531695984069260e-02
4.812150863485340629e-02
5.250827414376556951e-02
5.345308369246369595e-02
6.074004276446925282e-02
6.063959278521633550e-02
6.536236689878781314e-02
7.833609423891035872e-02
8.397318251619910467e-02
8.697922494498526447e-02
8.836286113357347261e-02
8.905049905383845277e-02
8.634044271502513967e-02
9.846533396219570022e-02
9.079371985931324052e-02
8.666690801143973888e-02
8.551985152298118009e-02
9.473722389467194305e-02
9.374882813964825756e-02
8.715075616097257838e-02
1.026515853884665264e-01
8.536630238804872317e-02
7.806852681798467919e-02
6.149070618232881091e-02
3.551961881384687464e-02
2.979232358377731718e-02
2.496970587155289412e-02
2.458720888312062799e-02
1.886860393936120456e-02
1.915497108336096030e-02
1.754450089550056713e-02
1.702960252183050027e-02
1.752764116407203379e-02
2.009178621761283437e-02
1.635370310069105340e-02
1.969293607089456916e-02
2.020202020202020374e-02
1.639402942334538399e-02
1.978619315093314152e-02
1.759424188447417103e-02
1.815699154887994923e-02
1.680610865514595847e-02
1.998624135558854306e-02
1.810152914127221777e-02
1.732392821899784302e-02
1.640360150184084695e-02
1.709781281225713351e-02
3.432469104110895397e-02
4.010391891397416947e-02
2.173675188737736463e-02
1.989355845109194373e-02
1.755332541994892442e-02
1.830696601679339744e-02
1.759808020943169973e-02
1.598842466992222988e-02
1.712813441230903386e-02
1.671492980462593175e-02
1.698876071070885493e-02
1.643794860351816683e-02
1.608286252354048859e-02
1.578614244759670923e-02
1.645602460991067717e-02
1.494580296696385556e-02
1.709212804361439492e-02
1.688394157857383074e-02
1.855616752301038688e-02
1.535508637236084398e-02
1.656576161646176187e-02
1.770372298880499781e-02
1.670491741600511545e-02
1.705328219830956615e-02
1.710907956089143325e-02
1.692245705285520818e-02
1.595014651878778889e-02
1.878998354962529635e-02
2.204807079380554161e-02
2.073371053111881801e-02
1.966488676118578402e-02
2.212909866196147504e-02
2.459370056090896123e-02
2.403408470194093316e-02
2.642594547373785033e-02
2.371940449154680969e-02
2.486820578076713237e-02
2.112546464981045896e-02
2.100143694042223841e-02
2.204990628789827573e-02
2.151968940654464674e-02
2.053388090349075878e-02
2.176541717049576899e-02
2.121268310773224627e-02
2.052968036529680476e-02
2.259063581708872434e-02
2.181032931437826283e-02
2.184501308519918444e-02
2.201754064071043127e-02
2.288194827649633889e-02
2.221640423383326388e-02
2.193534068210401672e-02
2.086144644224807720e-02
2.173052707321460747e-02
2.289991477377996756e-02
2.149834767767004259e-02
2.205855138976275942e-02
2.111591758926607484e-02
2.265877482842514404e-02
1.913176822812077960e-02
1.841095890410958738e-02
2.219500426827005282e-02
1.909448096059927422e-02
1.980632194408916621e-02
2.612729634440526943e-02
2.481117962564308513e-02
2.630713581058862285e-02
2.513976687251068959e-02
3.339732676495092006e-02
4.344181639272567952e-02
5.543213024001165251e-02
6.027560966501101930e-02
4.813890234360445469e-02
3.282445569807414948e-02
3.557240223056456346e-02
5.009718707595261361e-02
8.738187882156753239e-02
4.728656396616055108e-02
3.662138216184288031e-02
3.949691880788496617e-02
3.639292644528246967e-02
2.434962809458609406e-02
2.433797086708561902e-02
1.931805802679835773e-02
1.825981740182598331e-02
1.742711129085628211e-02
1.839675182350616195e-02
1.863102470635884939e-02
1.733648542159180531e-02
1.644967358831556786e-02
1.797887482208405246e-02
1.753866646932583304e-02
1.678701022614815033e-02
1.537534984234952343e-02
1.839080459770114917e-02
1.868054786428914246e-02
1.719051607968823808e-02
1.863966960271919854e-02
2.081438084494741797e-02
2.118628695809903970e-02
1.838141434771508806e-02
1.546220962338475113e-02
2.107188586061825575e-02
3.678279064645204044e-02
2.141603695877949964e-02
1.819428901483700900e-02
1.885745978924015590e-02
1.730522456461961595e-02
2.104336987205337670e-02
1.908103958767408750e-02
1.711935376292288841e-02
1.671205282202409964e-02
1.748370322920984182e-02
1.793721973094170377e-02
1.759772352853077731e-02
1.626328104023627708e-02
1.778558070302660096e-02
1.458975708806497726e-02
1.802142884185817598e-02
1.696006057164489711e-02
1.690140845070422365e-02
1.695489996609019986e-02
1.613819752244573247e-02
1.581412778714633843e-02
2.045714707728665815e-02
1.848859494194130329e-02
1.951400482285290186e-02
1.649835386379610094e-02
1.647664582567120312e-02
2.077999183643177913e-02
3.269998880137369585e-02
4.348636855256778760e-02
3.151640402996641610e-02
2.110444088146463254e-02
2.121268310773224627e-02
1.750386114584099456e-02
1.667730909364083594e-02
1.654594256719491008e-02
1.722799364116972889e-02
1.469217287541484812e-02
1.915578269922392496e-02
1.686302555802311059e-02
1.655141140460265198e-02
1.603144629850861147e-02
1.535829690172970871e-02
1.779979104593119865e-02
1.667121099988314731e-02
1.753516563107536397e-02
1.656643594689663143e-02
1.826136579798363913e-02
1.775762001768074749e-02
1.770509021343636205e-02
