7.090796500000000151e+02
7.090806270000000495e+02
7.090786070000000336e+02
7.090820429999999988e+02
7.090797989999999800e+02
7.090801599999999780e+02
7.090798750000000155e+02
7.090800110000000132e+02
7.090793690000000424e+02
7.090793119999999590e+02
7.090810050000000047e+02
7.090798780000000079e+02
7.090802280000000337e+02
7.090799490000000560e+02
7.090800470000000360e+02
7.090793710000000374e+02
7.090780919999999696e+02
7.090822610000000168e+02
7.090800789999999552e+02
7.090801689999999553e+02
7.090797609999999622e+02
7.090775770000000193e+02
7.090824350000000322e+02
7.090801169999999729e+02
7.090800829999999451e+02
7.090792330000000447e+02
7.090801569999999856e+02
7.090900759999999536e+02
7.090801199999999653e+02
7.090785570000000462e+02
7.090814520000000130e+02
7.090802029999999831e+02
7.090800299999999652e+02
7.090789320000000089e+02
7.090802340000000186e+02
7.090801870000000235e+02
7.090796090000000049e+02
7.090802670000000489e+02
7.090802439999999933e+02
7.090797469999999976e+02
7.090803059999999505e+02
