1.125000000000000000e+01
1.125500000000000078e+01
1.125500000000000078e+01
1.125399999999999956e+01
1.125500000000000078e+01
1.125799999999999912e+01
1.125500000000000078e+01
1.125399999999999956e+01
1.125500000000000078e+01
1.125399999999999956e+01
1.125600000000000023e+01
1.125799999999999912e+01
1.125399999999999956e+01
1.125600000000000023e+01
1.125500000000000078e+01
1.125600000000000023e+01
1.125799999999999912e+01
1.125500000000000078e+01
1.125799999999999912e+01
1.125500000000000078e+01
1.125500000000000078e+01
1.125500000000000078e+01
1.125500000000000078e+01
1.125399999999999956e+01
1.125200000000000067e+01
1.125600000000000023e+01
1.125500000000000078e+01
1.125799999999999912e+01
1.125500000000000078e+01
1.125799999999999912e+01
1.125200000000000067e+01
1.125399999999999956e+01
1.125200000000000067e+01
1.125600000000000023e+01
1.125200000000000067e+01
1.125799999999999912e+01
1.125399999999999956e+01
1.125500000000000078e+01
1.125999999999999979e+01
1.125200000000000067e+01
1.125799999999999912e+01
1.125399999999999956e+01
1.125000000000000000e+01
1.125799999999999912e+01
1.125399999999999956e+01
1.125799999999999912e+01
1.125799999999999912e+01
1.125600000000000023e+01
1.125799999999999912e+01
1.125600000000000023e+01
1.125600000000000023e+01
1.125799999999999912e+01
1.125799999999999912e+01
1.125799999999999912e+01
1.125600000000000023e+01
1.125500000000000078e+01
1.125600000000000023e+01
1.125799999999999912e+01
1.125799999999999912e+01
1.125600000000000023e+01
1.125500000000000078e+01
