1.164242506027221680e+01
1.151128339767456055e+01
1.158075237274169922e+01
1.156604623794555664e+01
1.154795432090759277e+01
1.164385509490966797e+01
1.153722047805786133e+01
1.154513382911682129e+01
1.160494017601013184e+01
1.151796913146972656e+01
1.157365989685058594e+01
1.161252117156982422e+01
1.156505250930786133e+01
1.158742713928222656e+01
1.158572864532470703e+01
1.165508103370666504e+01
1.152615761756896973e+01
1.150470471382141113e+01
1.159419584274291992e+01
1.155484366416931152e+01
1.157438850402832031e+01
1.153098297119140625e+01
1.155316209793090820e+01
1.154503774642944336e+01
1.149703860282897949e+01
1.156746935844421387e+01
1.158451199531555176e+01
1.168307805061340332e+01
1.154101920127868652e+01
1.156390666961669922e+01
1.157595062255859375e+01
1.156690692901611328e+01
1.168971562385559082e+01
1.155808067321777344e+01
1.155569863319396973e+01
1.164447355270385742e+01
1.150644326210021973e+01
1.157011795043945312e+01
1.156312155723571777e+01
1.148649501800537109e+01
1.152961683273315430e+01
1.157873010635375977e+01
1.151906704902648926e+01
1.150622797012329102e+01
1.166514444351196289e+01
1.158127713203430176e+01
1.158801579475402832e+01
1.151082611083984375e+01
1.157077383995056152e+01
1.153168725967407227e+01
1.149589347839355469e+01
1.149296331405639648e+01
1.155914878845214844e+01
1.162392973899841309e+01
1.157012963294982910e+01
1.149595499038696289e+01
1.268465518951416016e+01
1.152359604835510254e+01
1.152439284324645996e+01
1.158577179908752441e+01
1.153502440452575684e+01
1.147309994697570801e+01
1.152214121818542480e+01
1.152766895294189453e+01
1.160468173027038574e+01
1.160006165504455566e+01
1.158018207550048828e+01
1.152732467651367188e+01
1.160331606864929199e+01
1.153617262840270996e+01
1.151286149024963379e+01
1.161216831207275391e+01
1.156975436210632324e+01
1.150672197341918945e+01
1.155118441581726074e+01
1.159113073348999023e+01
1.160364174842834473e+01
1.147443032264709473e+01
1.153388190269470215e+01
1.157408213615417480e+01
1.144298887252807617e+01
1.146155405044555664e+01
1.148407673835754395e+01
1.148736834526062012e+01
1.146824216842651367e+01
1.153701710700988770e+01
1.151344728469848633e+01
1.156070995330810547e+01
1.145396637916564941e+01
1.152065944671630859e+01
1.156955218315124512e+01
1.157889771461486816e+01
1.155095958709716797e+01
1.156843256950378418e+01
1.161997604370117188e+01
1.153751659393310547e+01
1.163506770133972168e+01
1.154143595695495605e+01
1.154414582252502441e+01
1.150323176383972168e+01
1.151899862289428711e+01
1.155536317825317383e+01
1.165687513351440430e+01
1.150324249267578125e+01
1.151870965957641602e+01
1.149978423118591309e+01
1.153297781944274902e+01
1.149582600593566895e+01
1.169985842704772949e+01
1.157843041419982910e+01
1.146945643424987793e+01
1.156124830245971680e+01
1.152806282043457031e+01
1.154786133766174316e+01
1.164001274108886719e+01
1.159426140785217285e+01
1.150156927108764648e+01
1.156565141677856445e+01
1.155397486686706543e+01
1.151122426986694336e+01
1.153821921348571777e+01
1.165103816986083984e+01
1.154177761077880859e+01
1.151171517372131348e+01
1.164215421676635742e+01
1.157928061485290527e+01
1.150417280197143555e+01
1.157893395423889160e+01
1.158065414428710938e+01
1.151933526992797852e+01
1.150906562805175781e+01
1.148815178871154785e+01
1.157898521423339844e+01
1.157401776313781738e+01
1.149837207794189453e+01
1.154082989692687988e+01
1.162688899040222168e+01
1.151785039901733398e+01
1.154599499702453613e+01
1.157264566421508789e+01
1.154689717292785645e+01
1.155575251579284668e+01
1.155596280097961426e+01
1.164083266258239746e+01
1.152028369903564453e+01
1.157222819328308105e+01
1.154413604736328125e+01
1.161020207405090332e+01
1.154577589035034180e+01
1.151917076110839844e+01
1.154944634437561035e+01
1.159797525405883789e+01
1.153122401237487793e+01
1.153297543525695801e+01
1.156036472320556641e+01
1.159672832489013672e+01
1.153369998931884766e+01
1.150119590759277344e+01
1.159590983390808105e+01
1.155096149444580078e+01
1.148758435249328613e+01
1.158127713203430176e+01
1.162315249443054199e+01
1.150231671333312988e+01
1.157413053512573242e+01
1.156838321685791016e+01
1.164562678337097168e+01
1.164752793312072754e+01
1.151653838157653809e+01
1.160878157615661621e+01
1.164841079711914062e+01
1.151774597167968750e+01
1.158979988098144531e+01
1.157609605789184570e+01
1.161799788475036621e+01
1.155414104461669922e+01
1.152945184707641602e+01
1.164924287796020508e+01
1.165284967422485352e+01
1.152935862541198730e+01
1.150679850578308105e+01
1.152522850036621094e+01
1.149146914482116699e+01
1.154866957664489746e+01
1.168477249145507812e+01
1.163835954666137695e+01
1.152014636993408203e+01
1.146694540977478027e+01
1.145295262336730957e+01
1.163310909271240234e+01
1.156560063362121582e+01
1.149482154846191406e+01
1.154530119895935059e+01
1.160791397094726562e+01
1.156694936752319336e+01
1.159110045433044434e+01
1.158218455314636230e+01
1.156823277473449707e+01
1.154102015495300293e+01
1.155111932754516602e+01
1.163343143463134766e+01
1.148967075347900391e+01
1.145194792747497559e+01
1.151244544982910156e+01
1.172565865516662598e+01
1.157330369949340820e+01
1.151570653915405273e+01
1.159035611152648926e+01
1.161561131477355957e+01
1.155218338966369629e+01
1.151613926887512207e+01
1.151564216613769531e+01
1.155912446975708008e+01
1.152119803428649902e+01
1.150768637657165527e+01
1.161059856414794922e+01
1.153107643127441406e+01
1.146156191825866699e+01
1.154496574401855469e+01
1.166746401786804199e+01
1.154560923576354980e+01
1.153618502616882324e+01
1.150292682647705078e+01
1.157277154922485352e+01
1.150079369544982910e+01
1.160668349266052246e+01
1.160425400733947754e+01
1.165447616577148438e+01
1.155872511863708496e+01
1.160069727897644043e+01
1.165404438972473145e+01
1.159684872627258301e+01
1.158852124214172363e+01
1.151216435432434082e+01
1.164551067352294922e+01
1.159784984588623047e+01
1.151458024978637695e+01
1.152647066116333008e+01
1.162160038948059082e+01
1.149788069725036621e+01
1.156823992729187012e+01
