1.216373391363073514e-01
1.239827841874932141e-01
1.186374730288988766e-01
1.242618197248841899e-01
1.178190635809292924e-01
1.155088566256078919e-01
1.136465633306866369e-01
1.206700835884558509e-01
1.205601572371191865e-01
1.199135885540248553e-01
1.126027682381101069e-01
1.139262624497641152e-01
1.132459868629035055e-01
1.177560106856633954e-01
1.160975954238903929e-01
1.189166163785453090e-01
1.183017163504968411e-01
1.192119283441198524e-01
1.195098894706224518e-01
1.132170836492292082e-01
1.169565681357379178e-01
1.176597349423553485e-01
1.188624036540108508e-01
1.163773532185393422e-01
1.179657151003243171e-01
1.209920476415265594e-01
1.163273482172123702e-01
1.165694658127303246e-01
1.138540499512054049e-01
1.173460193894835524e-01
1.164049616404961573e-01
1.157154584716422185e-01
1.142369385069530868e-01
1.119565605687136006e-01
1.146505903756287192e-01
1.095694974497984781e-01
1.151646477922631528e-01
1.126340261632950424e-01
1.106874234738499246e-01
1.116084014660276291e-01
1.106671852349467855e-01
1.151345012615045682e-01
1.096785650861303446e-01
1.138696501509501025e-01
1.077247391739316884e-01
1.081312716494661347e-01
1.124995472490854381e-01
1.107904955291938304e-01
1.102803075941741345e-01
1.079002152358773531e-01
1.089942245386674169e-01
1.117171069047873666e-01
1.047521173677309625e-01
1.084144124879717758e-01
1.071164477622451455e-01
1.044781248926006101e-01
1.019794797388330343e-01
1.014508026838093213e-01
9.882928533985671504e-02
8.771501343288790054e-02
5.075051131833466234e-02
6.985478217325989669e-02
7.565824071801703632e-02
9.152624142802991136e-02
1.022346171497158229e-01
9.841951494244781384e-02
1.016997571775460629e-01
1.016273190186233605e-01
1.010673665791776005e-01
9.985050238153182767e-02
1.040817760292258032e-01
1.038069861663685756e-01
1.045722876104572263e-01
8.985060724393652276e-02
9.940029446619025322e-02
9.465184487815475611e-02
9.299376519074289971e-02
8.196195768326565434e-02
7.565497926046725607e-02
7.281604925167180220e-02
6.462208575814916423e-02
5.962995594713656200e-02
4.623621600538949800e-02
3.614500193382792770e-02
5.300966063908843506e-02
6.012179238973564682e-02
6.463810509042913766e-02
8.849870791886438326e-02
9.699102586661974279e-02
1.019875387239374820e-01
1.043322315212040219e-01
1.039623242803016934e-01
1.101988050731980001e-01
1.083979836258982532e-01
1.054284592597879988e-01
1.126184854998414364e-01
1.118614106416828680e-01
1.149572194411900422e-01
1.154430737690431558e-01
1.093625151988883160e-01
1.090242785158039435e-01
1.094211932324131858e-01
1.128447935722228235e-01
1.170662404546261720e-01
1.110445657917914358e-01
1.123056857837780725e-01
1.084010840108401152e-01
9.677534295385711860e-02
8.054823405376911050e-02
6.271679338495497746e-02
5.411418523701869848e-02
8.995704497852248516e-02
9.854415359002514918e-02
1.069999645929964882e-01
1.146160794941282757e-01
1.109705403939996449e-01
1.137927346618658880e-01
1.149351802521754590e-01
1.149904713962101310e-01
1.090819174114239232e-01
1.135343395426107183e-01
1.165864079075998455e-01
1.147691068224264838e-01
1.120960621578668548e-01
1.160530404306825136e-01
1.160048488410535261e-01
1.135516555093178948e-01
1.086284679052253871e-01
1.138065718278568061e-01
1.080635330393316801e-01
1.157974628645776910e-01
1.092128259086207476e-01
1.141216579938991588e-01
1.178405434393993562e-01
1.044665798458343647e-01
1.140125312375502575e-01
1.069186875891583455e-01
1.116858439776206025e-01
1.135071344276365191e-01
1.110027804860434092e-01
1.065686724850711947e-01
1.114531366097017279e-01
1.154162054065635823e-01
1.136583790765256646e-01
1.100252318845730132e-01
1.113854300844425299e-01
1.091992762621066398e-01
1.061953172044915183e-01
1.150897863581517439e-01
1.177206145051804265e-01
1.152062311913613080e-01
1.109332194826911505e-01
1.130191551888963669e-01
1.039957378795950960e-01
1.130215903853653281e-01
1.080911780059161248e-01
1.039268199366978479e-01
1.069109543364571285e-01
1.103925612612297741e-01
1.080341160366431463e-01
1.062235255783642862e-01
1.026252121474740958e-01
1.052291569464881699e-01
1.055505658343811742e-01
1.052183475823902925e-01
1.031090121999212877e-01
1.037847959955345845e-01
1.103682555744281008e-01
1.091591212438223768e-01
1.123125985117847531e-01
1.079748279542192685e-01
1.116710192371353910e-01
1.071183005826367024e-01
1.072711782790680413e-01
1.109509553904719642e-01
1.087336881242254166e-01
1.098076020647583279e-01
1.149806724527751428e-01
1.105770994606889990e-01
1.061397421381350681e-01
1.112062227846216805e-01
1.084065244667503092e-01
9.939420321398774461e-02
9.921346259374427823e-02
9.387232485824034689e-02
8.469555677454744524e-02
6.552306973064336848e-02
3.154295797948605123e-02
5.422920779172408362e-02
8.462960948547808282e-02
9.430469345529783609e-02
1.049888036415696918e-01
1.031040116173534277e-01
1.043237533238625947e-01
1.059651449836041398e-01
1.078826026494913298e-01
1.109285427392558560e-01
1.124941031316906842e-01
1.053401074600679860e-01
1.044200756016318010e-01
9.737586367379086338e-02
1.020445087751040286e-01
1.087058994162224818e-01
9.931446027066387350e-02
1.110830233649922338e-01
1.032770605759682214e-01
1.052281052281052315e-01
1.005549634312176144e-01
1.117754094099298184e-01
1.012529507899037617e-01
6.973277585893473962e-02
9.528618314278501644e-02
1.025100802789785381e-01
1.020621153776946066e-01
1.043769842685406540e-01
1.101068789900294109e-01
1.082417776521708425e-01
1.122213135156277797e-01
1.098342462320552743e-01
1.114029721852398264e-01
1.064069203178845263e-01
1.116272370458391838e-01
1.105283813193478210e-01
1.054874800213106006e-01
1.136118888649580022e-01
1.072487585295273521e-01
1.078469960997602561e-01
1.087806102326915464e-01
1.089072943911653657e-01
1.128771841699257317e-01
1.115651092556404350e-01
1.128901141625136967e-01
1.118984664198836576e-01
1.086108825528565858e-01
1.101091266360223198e-01
1.151120133917441363e-01
1.165650583522034461e-01
1.118935560352454089e-01
1.112168976339081017e-01
1.152713205806153995e-01
1.153160708669671852e-01
