1.127000000000000000e+03
6.900000000000000000e+01
8.300000000000000000e+01
7.100000000000000000e+01
7.500000000000000000e+01
8.300000000000000000e+01
8.000000000000000000e+01
6.700000000000000000e+01
1.020000000000000000e+02
8.900000000000000000e+01
6.700000000000000000e+01
1.050000000000000000e+02
8.300000000000000000e+01
9.700000000000000000e+01
8.400000000000000000e+01
7.300000000000000000e+01
8.500000000000000000e+01
9.600000000000000000e+01
1.390000000000000000e+02
1.170000000000000000e+02
1.230000000000000000e+02
1.610000000000000000e+02
1.270000000000000000e+02
9.600000000000000000e+01
1.470000000000000000e+02
1.750000000000000000e+02
1.970000000000000000e+02
1.750000000000000000e+02
1.890000000000000000e+02
2.050000000000000000e+02
2.260000000000000000e+02
2.510000000000000000e+02
3.150000000000000000e+02
2.530000000000000000e+02
3.160000000000000000e+02
3.610000000000000000e+02
4.300000000000000000e+02
4.550000000000000000e+02
5.950000000000000000e+02
6.330000000000000000e+02
6.930000000000000000e+02
7.630000000000000000e+02
9.880000000000000000e+02
1.171000000000000000e+03
1.805000000000000000e+03
4.010000000000000000e+02
8.510000000000000000e+02
3.070000000000000000e+02
4.262000000000000000e+03
2.992000000000000000e+03
4.250000000000000000e+02
8.650000000000000000e+02
7.300000000000000000e+02
1.305000000000000000e+03
6.350000000000000000e+02
3.770000000000000000e+02
8.570000000000000000e+02
2.045000000000000000e+03
5.930000000000000000e+02
2.750000000000000000e+02
1.299000000000000000e+03
