1.219599999999999973e+01
1.218099999999999916e+01
1.217600000000000016e+01
1.217099999999999937e+01
1.216399999999999970e+01
1.216300000000000026e+01
1.215900000000000070e+01
1.215499999999999936e+01
1.214700000000000024e+01
1.214700000000000024e+01
1.214100000000000001e+01
1.213700000000000045e+01
1.213299999999999912e+01
1.213400000000000034e+01
1.213100000000000023e+01
1.213299999999999912e+01
1.212800000000000011e+01
1.212800000000000011e+01
1.212700000000000067e+01
1.212800000000000011e+01
1.211999999999999922e+01
1.212400000000000055e+01
1.212500000000000000e+01
1.211599999999999966e+01
1.211899999999999977e+01
1.211599999999999966e+01
1.211599999999999966e+01
1.211599999999999966e+01
1.211400000000000077e+01
1.211400000000000077e+01
1.211500000000000021e+01
1.211100000000000065e+01
1.211400000000000077e+01
1.211200000000000010e+01
1.211200000000000010e+01
1.211200000000000010e+01
1.210899999999999999e+01
1.210999999999999943e+01
1.210999999999999943e+01
1.211200000000000010e+01
1.210899999999999999e+01
1.210699999999999932e+01
1.210599999999999987e+01
1.210699999999999932e+01
1.211100000000000065e+01
1.210699999999999932e+01
1.210899999999999999e+01
1.210500000000000043e+01
1.210899999999999999e+01
1.210200000000000031e+01
1.210699999999999932e+01
1.210500000000000043e+01
1.210699999999999932e+01
1.210299999999999976e+01
1.210500000000000043e+01
1.210699999999999932e+01
1.210200000000000031e+01
1.210299999999999976e+01
1.210500000000000043e+01
1.210500000000000043e+01
1.210100000000000087e+01
1.210899999999999999e+01
1.210500000000000043e+01
1.210299999999999976e+01
1.210299999999999976e+01
1.210299999999999976e+01
1.209699999999999953e+01
1.209699999999999953e+01
1.210100000000000087e+01
1.209800000000000075e+01
1.209800000000000075e+01
1.210100000000000087e+01
1.209699999999999953e+01
1.210100000000000087e+01
1.209999999999999964e+01
1.209600000000000009e+01
1.210399999999999920e+01
1.209999999999999964e+01
1.209600000000000009e+01
1.209500000000000064e+01
1.209800000000000075e+01
1.209999999999999964e+01
1.210200000000000031e+01
1.209500000000000064e+01
1.210399999999999920e+01
1.210500000000000043e+01
1.209800000000000075e+01
1.210100000000000087e+01
1.209699999999999953e+01
1.209800000000000075e+01
1.209699999999999953e+01
1.210200000000000031e+01
1.210399999999999920e+01
1.209999999999999964e+01
1.210100000000000087e+01
1.210200000000000031e+01
1.209999999999999964e+01
1.210100000000000087e+01
1.209699999999999953e+01
1.210100000000000087e+01
1.209600000000000009e+01
1.210100000000000087e+01
1.209999999999999964e+01
1.210399999999999920e+01
1.209699999999999953e+01
1.209500000000000064e+01
1.210100000000000087e+01
1.210100000000000087e+01
1.209999999999999964e+01
1.210100000000000087e+01
1.209999999999999964e+01
1.210200000000000031e+01
1.209999999999999964e+01
1.209999999999999964e+01
1.209999999999999964e+01
1.209999999999999964e+01
1.210100000000000087e+01
1.209800000000000075e+01
1.210899999999999999e+01
1.211500000000000021e+01
1.210500000000000043e+01
1.210899999999999999e+01
1.211100000000000065e+01
1.211200000000000010e+01
1.211500000000000021e+01
1.211700000000000088e+01
1.211500000000000021e+01
1.211100000000000065e+01
1.211100000000000065e+01
1.211100000000000065e+01
1.211100000000000065e+01
1.211100000000000065e+01
1.211200000000000010e+01
1.211299999999999955e+01
1.211299999999999955e+01
1.211200000000000010e+01
1.211500000000000021e+01
1.210899999999999999e+01
1.211200000000000010e+01
1.210800000000000054e+01
1.210899999999999999e+01
1.211299999999999955e+01
1.211100000000000065e+01
1.210699999999999932e+01
1.210699999999999932e+01
1.211100000000000065e+01
1.211200000000000010e+01
1.211200000000000010e+01
1.210399999999999920e+01
1.210800000000000054e+01
1.211200000000000010e+01
1.210800000000000054e+01
1.211200000000000010e+01
1.211299999999999955e+01
1.211500000000000021e+01
1.211100000000000065e+01
1.210699999999999932e+01
1.211100000000000065e+01
1.211299999999999955e+01
1.210500000000000043e+01
1.210399999999999920e+01
1.211100000000000065e+01
1.210800000000000054e+01
1.210899999999999999e+01
1.210800000000000054e+01
1.211100000000000065e+01
1.211200000000000010e+01
1.211100000000000065e+01
1.211299999999999955e+01
1.211299999999999955e+01
1.208999999999999986e+01
1.208900000000000041e+01
1.208699999999999974e+01
1.208999999999999986e+01
1.208699999999999974e+01
1.208900000000000041e+01
1.208600000000000030e+01
1.208900000000000041e+01
1.209099999999999930e+01
1.208900000000000041e+01
1.209099999999999930e+01
1.209099999999999930e+01
1.209500000000000064e+01
1.208999999999999986e+01
1.209099999999999930e+01
1.208900000000000041e+01
1.209200000000000053e+01
1.209099999999999930e+01
1.209099999999999930e+01
1.209399999999999942e+01
1.209200000000000053e+01
1.209200000000000053e+01
1.209500000000000064e+01
1.209500000000000064e+01
1.209399999999999942e+01
1.209200000000000053e+01
1.209200000000000053e+01
1.209500000000000064e+01
1.209600000000000009e+01
1.209099999999999930e+01
1.209500000000000064e+01
1.209099999999999930e+01
1.209800000000000075e+01
1.209399999999999942e+01
1.209500000000000064e+01
1.209600000000000009e+01
1.209800000000000075e+01
1.209399999999999942e+01
1.209200000000000053e+01
1.209600000000000009e+01
1.209399999999999942e+01
1.208999999999999986e+01
1.208999999999999986e+01
1.209500000000000064e+01
1.209999999999999964e+01
1.209200000000000053e+01
1.209800000000000075e+01
1.209399999999999942e+01
1.209600000000000009e+01
1.209399999999999942e+01
1.209399999999999942e+01
1.209200000000000053e+01
1.209299999999999997e+01
1.209600000000000009e+01
1.209299999999999997e+01
1.209699999999999953e+01
1.209600000000000009e+01
1.209299999999999997e+01
1.209299999999999997e+01
1.209099999999999930e+01
1.209299999999999997e+01
1.209500000000000064e+01
1.209299999999999997e+01
1.209299999999999997e+01
1.208999999999999986e+01
1.209600000000000009e+01
1.209099999999999930e+01
1.209299999999999997e+01
1.209099999999999930e+01
1.209500000000000064e+01
1.209600000000000009e+01
