1.149300265312194824e+01
1.156990003585815430e+01
1.150171422958374023e+01
1.167128539085388184e+01
1.161715269088745117e+01
1.167439699172973633e+01
1.155304479598999023e+01
1.160302257537841797e+01
1.155753684043884277e+01
1.144295883178710938e+01
1.154652094841003418e+01
1.163026595115661621e+01
1.148873567581176758e+01
1.159433889389038086e+01
1.151272678375244141e+01
1.156801676750183105e+01
1.157063126564025879e+01
1.157540965080261230e+01
1.156317853927612305e+01
1.150762653350830078e+01
1.152605462074279785e+01
1.145509386062622070e+01
1.156731009483337402e+01
1.161842131614685059e+01
1.151696276664733887e+01
1.161867570877075195e+01
1.155372905731201172e+01
1.152989864349365234e+01
1.153023028373718262e+01
1.154960751533508301e+01
1.156526422500610352e+01
1.151828479766845703e+01
1.153286790847778320e+01
1.154128837585449219e+01
1.152842330932617188e+01
1.165191721916198730e+01
1.153465747833251953e+01
1.159461188316345215e+01
1.157921242713928223e+01
1.154026746749877930e+01
1.158497524261474609e+01
1.160266470909118652e+01
1.156251406669616699e+01
1.160625863075256348e+01
1.157762217521667480e+01
1.164005756378173828e+01
1.164406156539916992e+01
1.159329104423522949e+01
1.148993825912475586e+01
1.153640079498291016e+01
1.149831581115722656e+01
1.149172306060791016e+01
1.160557985305786133e+01
1.159011673927307129e+01
1.150297141075134277e+01
1.150978851318359375e+01
1.156255006790161133e+01
1.154277396202087402e+01
1.163205122947692871e+01
1.151194047927856445e+01
1.151633191108703613e+01
1.153623008728027344e+01
1.150621700286865234e+01
1.153644871711730957e+01
1.174518394470214844e+01
1.157417583465576172e+01
1.149762678146362305e+01
1.151467037200927734e+01
1.156845879554748535e+01
1.158200907707214355e+01
1.156129169464111328e+01
1.154836463928222656e+01
1.155812501907348633e+01
1.145012974739074707e+01
1.156601977348327637e+01
1.164953708648681641e+01
1.156685471534729004e+01
1.147930812835693359e+01
1.150549769401550293e+01
1.152874660491943359e+01
1.153038668632507324e+01
1.154197692871093750e+01
1.152645015716552734e+01
1.152538490295410156e+01
1.146157884597778320e+01
1.148030853271484375e+01
1.149775791168212891e+01
1.154372072219848633e+01
1.152743077278137207e+01
1.151041674613952637e+01
1.155340218544006348e+01
1.157223629951477051e+01
1.150010299682617188e+01
1.150831222534179688e+01
1.154084396362304688e+01
1.169015097618103027e+01
1.151156997680664062e+01
1.148928809165954590e+01
1.156059980392456055e+01
1.154250812530517578e+01
1.159148573875427246e+01
1.144141507148742676e+01
1.156391215324401855e+01
1.153462672233581543e+01
1.151005268096923828e+01
1.151373147964477539e+01
1.159189772605895996e+01
1.168972754478454590e+01
1.155362629890441895e+01
1.152264070510864258e+01
1.150497269630432129e+01
1.148318409919738770e+01
1.149172782897949219e+01
1.164617562294006348e+01
1.150255537033081055e+01
1.162586808204650879e+01
1.151962232589721680e+01
1.161359310150146484e+01
1.155081653594970703e+01
1.162284564971923828e+01
1.156517601013183594e+01
1.154876542091369629e+01
1.154863357543945312e+01
1.152189612388610840e+01
1.162800335884094238e+01
1.153059458732604980e+01
1.154606342315673828e+01
1.155358123779296875e+01
1.158936691284179688e+01
1.152258825302124023e+01
1.158357596397399902e+01
1.160793161392211914e+01
1.162211441993713379e+01
1.151259922981262207e+01
1.153839087486267090e+01
1.153810667991638184e+01
1.173880195617675781e+01
1.154159522056579590e+01
1.158642911911010742e+01
1.156834411621093750e+01
1.155852675437927246e+01
1.159917759895324707e+01
1.150577735900878906e+01
1.156693363189697266e+01
1.158911776542663574e+01
1.149674630165100098e+01
1.156668376922607422e+01
1.158403730392456055e+01
1.151877522468566895e+01
1.150784635543823242e+01
1.155762100219726562e+01
1.167832159996032715e+01
1.156279134750366211e+01
1.155679249763488770e+01
1.161698842048645020e+01
1.157482552528381348e+01
1.159315061569213867e+01
1.161303615570068359e+01
1.159429550170898438e+01
1.161468219757080078e+01
1.153315138816833496e+01
1.150120830535888672e+01
1.157373809814453125e+01
1.150953269004821777e+01
1.150968480110168457e+01
1.159672474861145020e+01
1.165422034263610840e+01
1.152179431915283203e+01
1.144608354568481445e+01
1.150173306465148926e+01
1.160351634025573730e+01
1.160911107063293457e+01
1.160740852355957031e+01
1.154830336570739746e+01
1.162806916236877441e+01
1.153485298156738281e+01
1.156735777854919434e+01
1.156929659843444824e+01
1.154706573486328125e+01
1.157039928436279297e+01
1.149369645118713379e+01
1.169190454483032227e+01
1.161758708953857422e+01
1.155207419395446777e+01
1.151237225532531738e+01
1.160332107543945312e+01
1.155848121643066406e+01
1.148854804039001465e+01
1.154661083221435547e+01
1.156640791893005371e+01
1.158147573471069336e+01
1.149987363815307617e+01
1.153061556816101074e+01
1.156492972373962402e+01
1.159528732299804688e+01
1.150206613540649414e+01
1.159030246734619141e+01
1.157184958457946777e+01
1.153466391563415527e+01
1.157523322105407715e+01
1.160951066017150879e+01
1.146221470832824707e+01
1.153092622756958008e+01
1.157778930664062500e+01
1.164508628845214844e+01
1.153886771202087402e+01
1.151436805725097656e+01
1.151832723617553711e+01
1.166147232055664062e+01
1.152204394340515137e+01
1.154871153831481934e+01
1.148640465736389160e+01
1.167942833900451660e+01
1.144825839996337891e+01
1.150626945495605469e+01
1.159052062034606934e+01
1.157442188262939453e+01
1.150854706764221191e+01
1.158534955978393555e+01
1.162130331993103027e+01
1.151614856719970703e+01
1.155789422988891602e+01
1.150857830047607422e+01
1.161259531974792480e+01
1.152023673057556152e+01
1.161881923675537109e+01
1.150845360755920410e+01
1.158562254905700684e+01
1.152701735496520996e+01
1.153489279747009277e+01
1.160785531997680664e+01
1.155199027061462402e+01
1.157211399078369141e+01
1.154040813446044922e+01
1.165787267684936523e+01
1.173621463775634766e+01
1.158282899856567383e+01
1.158983063697814941e+01
1.161488389968872070e+01
1.153299951553344727e+01
1.155253648757934570e+01
