1.099499999999999922e+01
1.099699999999999989e+01
1.098499999999999943e+01
1.098199999999999932e+01
1.097400000000000020e+01
1.097199999999999953e+01
1.096899999999999942e+01
1.096400000000000041e+01
1.095899999999999963e+01
1.095899999999999963e+01
1.096100000000000030e+01
1.095500000000000007e+01
1.095400000000000063e+01
1.095400000000000063e+01
1.095100000000000051e+01
1.094800000000000040e+01
1.094400000000000084e+01
1.094999999999999929e+01
1.094800000000000040e+01
1.094999999999999929e+01
1.094299999999999962e+01
1.094599999999999973e+01
1.094999999999999929e+01
1.094999999999999929e+01
1.094800000000000040e+01
1.094800000000000040e+01
1.094800000000000040e+01
1.094800000000000040e+01
1.094699999999999918e+01
1.094800000000000040e+01
1.094699999999999918e+01
1.094800000000000040e+01
1.095199999999999996e+01
1.094699999999999918e+01
1.095100000000000051e+01
1.095899999999999963e+01
1.095100000000000051e+01
1.095199999999999996e+01
1.095100000000000051e+01
1.093500000000000050e+01
1.093900000000000006e+01
1.093599999999999994e+01
1.093900000000000006e+01
1.093900000000000006e+01
1.094100000000000072e+01
1.093900000000000006e+01
1.093999999999999950e+01
1.094400000000000084e+01
1.094400000000000084e+01
1.094100000000000072e+01
1.094800000000000040e+01
1.094299999999999962e+01
1.095100000000000051e+01
1.094699999999999918e+01
1.094800000000000040e+01
1.094100000000000072e+01
1.094800000000000040e+01
1.095100000000000051e+01
1.095199999999999996e+01
1.095100000000000051e+01
1.094899999999999984e+01
1.094800000000000040e+01
1.095700000000000074e+01
1.096000000000000085e+01
1.095100000000000051e+01
1.095299999999999940e+01
1.095599999999999952e+01
1.095400000000000063e+01
1.095800000000000018e+01
1.095700000000000074e+01
1.096100000000000030e+01
1.096100000000000030e+01
1.096100000000000030e+01
1.095800000000000018e+01
1.096499999999999986e+01
1.096499999999999986e+01
1.096400000000000041e+01
1.096599999999999930e+01
1.096799999999999997e+01
1.096899999999999942e+01
1.096899999999999942e+01
1.097000000000000064e+01
1.096799999999999997e+01
1.096899999999999942e+01
1.097000000000000064e+01
1.097100000000000009e+01
1.097300000000000075e+01
1.096899999999999942e+01
1.097100000000000009e+01
1.097300000000000075e+01
1.097400000000000020e+01
1.098000000000000043e+01
1.098300000000000054e+01
1.097799999999999976e+01
1.098000000000000043e+01
1.098099999999999987e+01
1.098799999999999955e+01
1.098499999999999943e+01
1.098700000000000010e+01
1.098900000000000077e+01
1.098499999999999943e+01
1.098499999999999943e+01
1.098700000000000010e+01
1.098900000000000077e+01
1.099099999999999966e+01
1.099300000000000033e+01
1.099300000000000033e+01
1.099300000000000033e+01
1.099600000000000044e+01
1.099499999999999922e+01
1.099600000000000044e+01
1.099600000000000044e+01
1.099300000000000033e+01
1.099600000000000044e+01
1.100000000000000000e+01
1.099200000000000088e+01
1.099600000000000044e+01
1.099200000000000088e+01
1.099699999999999989e+01
1.099600000000000044e+01
1.099600000000000044e+01
1.099600000000000044e+01
1.099600000000000044e+01
1.099699999999999989e+01
1.099499999999999922e+01
1.099799999999999933e+01
1.100099999999999945e+01
1.099699999999999989e+01
1.100000000000000000e+01
1.099699999999999989e+01
1.099799999999999933e+01
1.099600000000000044e+01
1.099799999999999933e+01
1.099699999999999989e+01
1.099799999999999933e+01
1.100099999999999945e+01
1.099799999999999933e+01
1.100099999999999945e+01
1.099499999999999922e+01
1.099699999999999989e+01
1.099600000000000044e+01
1.099499999999999922e+01
1.100099999999999945e+01
1.096400000000000041e+01
1.096799999999999997e+01
1.096400000000000041e+01
1.096599999999999930e+01
1.096100000000000030e+01
1.096799999999999997e+01
1.096499999999999986e+01
1.096199999999999974e+01
1.096799999999999997e+01
1.096199999999999974e+01
1.096499999999999986e+01
1.096499999999999986e+01
1.096400000000000041e+01
1.096199999999999974e+01
1.096499999999999986e+01
1.096400000000000041e+01
1.096599999999999930e+01
1.096199999999999974e+01
1.096499999999999986e+01
1.096499999999999986e+01
1.096400000000000041e+01
1.096799999999999997e+01
1.096599999999999930e+01
1.096499999999999986e+01
1.096199999999999974e+01
1.096599999999999930e+01
1.096400000000000041e+01
1.096599999999999930e+01
1.096799999999999997e+01
1.096499999999999986e+01
1.096799999999999997e+01
1.096400000000000041e+01
1.096599999999999930e+01
1.096799999999999997e+01
1.096499999999999986e+01
1.096599999999999930e+01
1.096400000000000041e+01
1.096799999999999997e+01
1.096899999999999942e+01
1.096199999999999974e+01
1.096199999999999974e+01
1.096400000000000041e+01
1.096799999999999997e+01
1.096199999999999974e+01
1.096599999999999930e+01
1.096499999999999986e+01
1.096599999999999930e+01
1.096799999999999997e+01
1.096599999999999930e+01
1.096400000000000041e+01
1.096599999999999930e+01
1.096599999999999930e+01
1.098399999999999999e+01
1.098099999999999987e+01
1.097899999999999920e+01
1.097899999999999920e+01
1.098000000000000043e+01
1.098300000000000054e+01
1.098300000000000054e+01
1.098300000000000054e+01
1.098300000000000054e+01
1.098799999999999955e+01
1.098300000000000054e+01
1.098399999999999999e+01
1.098399999999999999e+01
1.098099999999999987e+01
1.098499999999999943e+01
1.098399999999999999e+01
1.098399999999999999e+01
1.098099999999999987e+01
1.098000000000000043e+01
1.098600000000000065e+01
1.098399999999999999e+01
1.098000000000000043e+01
1.098499999999999943e+01
1.098399999999999999e+01
1.098099999999999987e+01
1.098300000000000054e+01
1.098000000000000043e+01
1.098399999999999999e+01
1.098799999999999955e+01
1.098300000000000054e+01
1.098399999999999999e+01
1.098300000000000054e+01
1.098900000000000077e+01
1.098300000000000054e+01
1.098099999999999987e+01
1.098399999999999999e+01
1.098000000000000043e+01
1.098600000000000065e+01
1.098600000000000065e+01
1.098300000000000054e+01
1.098600000000000065e+01
1.098600000000000065e+01
1.098499999999999943e+01
1.098399999999999999e+01
1.098300000000000054e+01
1.098499999999999943e+01
