3.500000000000000000e+02
3.800000000000000000e+02
3.740000000000000000e+02
3.620000000000000000e+02
4.020000000000000000e+02
3.600000000000000000e+02
3.820000000000000000e+02
3.280000000000000000e+02
3.680000000000000000e+02
3.440000000000000000e+02
3.360000000000000000e+02
3.800000000000000000e+02
4.100000000000000000e+02
4.040000000000000000e+02
3.720000000000000000e+02
4.100000000000000000e+02
3.700000000000000000e+02
4.040000000000000000e+02
3.860000000000000000e+02
4.120000000000000000e+02
4.040000000000000000e+02
4.200000000000000000e+02
4.340000000000000000e+02
4.500000000000000000e+02
5.020000000000000000e+02
4.280000000000000000e+02
4.520000000000000000e+02
5.080000000000000000e+02
4.500000000000000000e+02
4.980000000000000000e+02
6.040000000000000000e+02
6.320000000000000000e+02
6.060000000000000000e+02
5.040000000000000000e+02
6.080000000000000000e+02
5.720000000000000000e+02
6.100000000000000000e+02
6.300000000000000000e+02
6.140000000000000000e+02
6.560000000000000000e+02
6.780000000000000000e+02
7.160000000000000000e+02
6.820000000000000000e+02
7.180000000000000000e+02
7.640000000000000000e+02
8.280000000000000000e+02
9.100000000000000000e+02
7.840000000000000000e+02
9.680000000000000000e+02
9.380000000000000000e+02
1.014000000000000000e+03
1.078000000000000000e+03
1.036000000000000000e+03
1.138000000000000000e+03
1.054000000000000000e+03
1.038000000000000000e+03
1.096000000000000000e+03
1.190000000000000000e+03
1.164000000000000000e+03
1.533000000000000000e+03
1.908000000000000000e+03
2.066000000000000000e+03
1.840000000000000000e+03
1.650000000000000000e+03
1.690000000000000000e+03
2.296000000000000000e+03
2.278000000000000000e+03
2.648000000000000000e+03
2.524000000000000000e+03
1.638000000000000000e+03
1.064000000000000000e+03
8.700000000000000000e+02
7.560000000000000000e+02
7.700000000000000000e+02
6.620000000000000000e+02
5.920000000000000000e+02
5.560000000000000000e+02
4.940000000000000000e+02
5.180000000000000000e+02
5.360000000000000000e+02
5.340000000000000000e+02
5.040000000000000000e+02
4.200000000000000000e+02
4.440000000000000000e+02
4.600000000000000000e+02
4.380000000000000000e+02
4.440000000000000000e+02
3.960000000000000000e+02
4.440000000000000000e+02
3.760000000000000000e+02
4.820000000000000000e+02
4.860000000000000000e+02
3.880000000000000000e+02
4.120000000000000000e+02
3.760000000000000000e+02
4.200000000000000000e+02
6.140000000000000000e+02
9.620000000000000000e+02
7.580000000000000000e+02
4.760000000000000000e+02
4.140000000000000000e+02
4.020000000000000000e+02
4.060000000000000000e+02
3.800000000000000000e+02
4.020000000000000000e+02
3.840000000000000000e+02
3.400000000000000000e+02
4.100000000000000000e+02
3.580000000000000000e+02
3.820000000000000000e+02
4.300000000000000000e+02
3.780000000000000000e+02
3.540000000000000000e+02
3.440000000000000000e+02
4.160000000000000000e+02
3.720000000000000000e+02
4.620000000000000000e+02
4.160000000000000000e+02
5.060000000000000000e+02
4.760000000000000000e+02
4.900000000000000000e+02
5.280000000000000000e+02
4.740000000000000000e+02
5.760000000000000000e+02
4.580000000000000000e+02
5.040000000000000000e+02
5.240000000000000000e+02
5.200000000000000000e+02
4.680000000000000000e+02
4.840000000000000000e+02
4.900000000000000000e+02
4.880000000000000000e+02
4.900000000000000000e+02
5.140000000000000000e+02
4.580000000000000000e+02
5.100000000000000000e+02
5.280000000000000000e+02
5.220000000000000000e+02
4.480000000000000000e+02
4.560000000000000000e+02
5.000000000000000000e+02
4.940000000000000000e+02
4.740000000000000000e+02
5.300000000000000000e+02
4.400000000000000000e+02
5.460000000000000000e+02
4.900000000000000000e+02
4.920000000000000000e+02
5.020000000000000000e+02
4.500000000000000000e+02
4.740000000000000000e+02
3.900000000000000000e+02
4.400000000000000000e+02
5.240000000000000000e+02
5.500000000000000000e+02
5.420000000000000000e+02
5.780000000000000000e+02
6.100000000000000000e+02
6.220000000000000000e+02
5.820000000000000000e+02
6.700000000000000000e+02
7.760000000000000000e+02
8.100000000000000000e+02
9.900000000000000000e+02
9.840000000000000000e+02
7.760000000000000000e+02
7.980000000000000000e+02
8.980000000000000000e+02
8.720000000000000000e+02
1.062000000000000000e+03
1.400000000000000000e+03
2.356000000000000000e+03
1.998000000000000000e+03
1.726000000000000000e+03
1.604000000000000000e+03
1.444000000000000000e+03
1.092000000000000000e+03
8.980000000000000000e+02
8.810000000000000000e+02
7.040000000000000000e+02
5.440000000000000000e+02
5.420000000000000000e+02
5.180000000000000000e+02
4.660000000000000000e+02
4.540000000000000000e+02
5.060000000000000000e+02
4.900000000000000000e+02
4.340000000000000000e+02
3.760000000000000000e+02
4.180000000000000000e+02
5.100000000000000000e+02
5.620000000000000000e+02
5.780000000000000000e+02
6.100000000000000000e+02
6.540000000000000000e+02
6.760000000000000000e+02
7.780000000000000000e+02
1.018000000000000000e+03
1.156000000000000000e+03
1.002000000000000000e+03
6.500000000000000000e+02
7.320000000000000000e+02
8.940000000000000000e+02
1.120000000000000000e+03
1.014000000000000000e+03
6.800000000000000000e+02
6.260000000000000000e+02
6.940000000000000000e+02
6.660000000000000000e+02
6.000000000000000000e+02
4.340000000000000000e+02
4.240000000000000000e+02
4.560000000000000000e+02
4.360000000000000000e+02
4.360000000000000000e+02
3.720000000000000000e+02
4.480000000000000000e+02
4.120000000000000000e+02
4.660000000000000000e+02
4.020000000000000000e+02
3.500000000000000000e+02
4.320000000000000000e+02
4.060000000000000000e+02
3.560000000000000000e+02
4.040000000000000000e+02
4.320000000000000000e+02
4.180000000000000000e+02
4.240000000000000000e+02
4.000000000000000000e+02
4.300000000000000000e+02
3.480000000000000000e+02
3.540000000000000000e+02
4.380000000000000000e+02
5.740000000000000000e+02
6.600000000000000000e+02
5.060000000000000000e+02
5.580000000000000000e+02
3.820000000000000000e+02
3.600000000000000000e+02
3.580000000000000000e+02
3.480000000000000000e+02
