1.152415299415588379e+01
1.151836299896240234e+01
1.153461790084838867e+01
1.157635402679443359e+01
1.147822451591491699e+01
1.157572436332702637e+01
1.148015117645263672e+01
1.156655311584472656e+01
1.156314730644226074e+01
1.160528302192687988e+01
1.148375082015991211e+01
1.160380339622497559e+01
1.164227724075317383e+01
1.153672122955322266e+01
1.151265501976013184e+01
1.152372217178344727e+01
1.152352380752563477e+01
1.155481243133544922e+01
1.153152132034301758e+01
1.153441190719604492e+01
1.154336142539978027e+01
1.156145095825195312e+01
1.154605531692504883e+01
1.148602008819580078e+01
1.153250718116760254e+01
1.158208179473876953e+01
1.160020804405212402e+01
1.156595015525817871e+01
1.150737547874450684e+01
1.148420834541320801e+01
1.155508971214294434e+01
1.154888224601745605e+01
1.151559877395629883e+01
1.151619768142700195e+01
1.159848189353942871e+01
1.156054162979125977e+01
1.148448801040649414e+01
1.152731752395629883e+01
1.151160573959350586e+01
1.152428793907165527e+01
1.151986026763916016e+01
1.160966062545776367e+01
1.149150252342224121e+01
1.152039289474487305e+01
1.146320438385009766e+01
1.150971603393554688e+01
1.154566192626953125e+01
1.152707123756408691e+01
1.153765273094177246e+01
1.154264354705810547e+01
1.152221846580505371e+01
1.147069358825683594e+01
1.148265910148620605e+01
1.154492902755737305e+01
1.155266189575195312e+01
1.151066613197326660e+01
1.159310173988342285e+01
1.149308705329895020e+01
1.150665926933288574e+01
1.156119084358215332e+01
1.150123357772827148e+01
1.160934257507324219e+01
1.147654199600219727e+01
1.149253249168395996e+01
1.152567052841186523e+01
1.154261922836303711e+01
1.156462931632995605e+01
1.163918495178222656e+01
1.155640339851379395e+01
1.149758672714233398e+01
1.152634978294372559e+01
1.148279190063476562e+01
1.146977496147155762e+01
1.149966835975646973e+01
1.152426218986511230e+01
1.155777907371520996e+01
1.149687743186950684e+01
1.151859116554260254e+01
1.152540349960327148e+01
1.158355689048767090e+01
1.160826015472412109e+01
1.152835631370544434e+01
1.167052888870239258e+01
1.160297513008117676e+01
1.146995782852172852e+01
1.154882550239562988e+01
1.147366452217102051e+01
1.161500740051269531e+01
1.148575997352600098e+01
1.150650477409362793e+01
1.148581719398498535e+01
1.153168940544128418e+01
1.161796712875366211e+01
1.155627775192260742e+01
1.164771437644958496e+01
1.158110618591308594e+01
1.157401227951049805e+01
1.157654047012329102e+01
1.161945366859436035e+01
1.148355388641357422e+01
1.140279865264892578e+01
1.147097706794738770e+01
1.157041668891906738e+01
1.155784916877746582e+01
1.150504755973815918e+01
1.149185442924499512e+01
1.156266450881958008e+01
1.155723309516906738e+01
1.143068265914916992e+01
1.160065579414367676e+01
1.162176179885864258e+01
1.153745198249816895e+01
1.149658560752868652e+01
1.158996605873107910e+01
1.153000545501708984e+01
1.148591899871826172e+01
1.168395924568176270e+01
1.155911374092102051e+01
1.154753112792968750e+01
1.156377792358398438e+01
1.152096223831176758e+01
1.154901957511901855e+01
1.161683511734008789e+01
1.155601453781127930e+01
1.161836862564086914e+01
1.157355976104736328e+01
1.158884215354919434e+01
1.151121139526367188e+01
1.160513615608215332e+01
1.149862170219421387e+01
1.158011412620544434e+01
1.155196738243103027e+01
1.152407717704772949e+01
1.156309485435485840e+01
1.152210950851440430e+01
1.154817247390747070e+01
1.158283710479736328e+01
1.150144720077514648e+01
1.149108767509460449e+01
1.151434755325317383e+01
1.163554835319519043e+01
1.156025528907775879e+01
1.157161211967468262e+01
1.158091783523559570e+01
1.149177265167236328e+01
1.151161575317382812e+01
1.152836227416992188e+01
1.159149479866027832e+01
1.155142521858215332e+01
1.156442093849182129e+01
1.157276248931884766e+01
1.162901639938354492e+01
1.155521178245544434e+01
1.155882644653320312e+01
1.156545376777648926e+01
1.165661668777465820e+01
1.149370503425598145e+01
1.171727418899536133e+01
1.155068206787109375e+01
1.157366514205932617e+01
1.148979759216308594e+01
1.153252911567687988e+01
1.155696058273315430e+01
1.158354187011718750e+01
1.153575587272644043e+01
1.145032358169555664e+01
1.169733786582946777e+01
1.150070381164550781e+01
1.149407339096069336e+01
1.160281181335449219e+01
1.164240741729736328e+01
1.155812311172485352e+01
1.154379010200500488e+01
1.155325531959533691e+01
1.162872266769409180e+01
1.146216368675231934e+01
1.149459743499755859e+01
1.150676822662353516e+01
1.157246041297912598e+01
1.151089048385620117e+01
1.147068476676940918e+01
1.167705345153808594e+01
1.155541372299194336e+01
1.156127643585205078e+01
1.155068778991699219e+01
1.161060047149658203e+01
1.150548291206359863e+01
1.149773097038269043e+01
1.149910140037536621e+01
1.162662982940673828e+01
1.152475881576538086e+01
1.152386736869812012e+01
1.154233551025390625e+01
1.161592245101928711e+01
1.150017476081848145e+01
1.155177450180053711e+01
1.151837253570556641e+01
1.158900856971740723e+01
1.155370736122131348e+01
1.153839969635009766e+01
1.164194321632385254e+01
1.155894756317138672e+01
1.152196216583251953e+01
1.141809201240539551e+01
1.157070088386535645e+01
1.155354642868041992e+01
1.153124737739562988e+01
1.147887325286865234e+01
1.168215394020080566e+01
1.155307054519653320e+01
1.148738598823547363e+01
1.157985687255859375e+01
1.154451513290405273e+01
1.154914188385009766e+01
1.149476289749145508e+01
1.158970451354980469e+01
1.160762810707092285e+01
1.153277492523193359e+01
1.155044293403625488e+01
1.167284488677978516e+01
1.152508497238159180e+01
1.151660633087158203e+01
1.155080914497375488e+01
1.152502775192260742e+01
1.158412981033325195e+01
1.157000184059143066e+01
1.151479125022888184e+01
1.162888479232788086e+01
1.151511788368225098e+01
1.154410362243652344e+01
1.158904051780700684e+01
1.156193399429321289e+01
1.151513218879699707e+01
1.150034618377685547e+01
1.162807726860046387e+01
1.153011631965637207e+01
1.151500034332275391e+01
1.151240229606628418e+01
1.159156060218811035e+01
1.163351917266845703e+01
1.168637919425964355e+01
