1.156499999999999950e+01
1.156300000000000061e+01
1.155199999999999960e+01
1.154700000000000060e+01
1.154100000000000037e+01
1.153800000000000026e+01
1.153400000000000070e+01
1.152999999999999936e+01
1.152999999999999936e+01
1.152200000000000024e+01
1.152200000000000024e+01
1.151699999999999946e+01
1.151600000000000001e+01
1.151600000000000001e+01
1.150799999999999912e+01
1.150999999999999979e+01
1.150999999999999979e+01
1.150500000000000078e+01
1.150799999999999912e+01
1.150500000000000078e+01
1.150099999999999945e+01
1.150000000000000000e+01
1.150099999999999945e+01
1.150099999999999945e+01
1.150099999999999945e+01
1.150099999999999945e+01
1.149499999999999922e+01
1.149900000000000055e+01
1.149699999999999989e+01
1.149900000000000055e+01
1.149000000000000021e+01
1.149099999999999966e+01
1.149300000000000033e+01
1.149099999999999966e+01
1.149200000000000088e+01
1.149799999999999933e+01
1.149499999999999922e+01
1.150000000000000000e+01
1.149799999999999933e+01
1.149600000000000044e+01
1.149499999999999922e+01
1.149600000000000044e+01
1.150000000000000000e+01
1.149900000000000055e+01
1.149600000000000044e+01
1.149900000000000055e+01
1.149399999999999977e+01
1.149600000000000044e+01
1.149600000000000044e+01
1.149000000000000021e+01
1.149600000000000044e+01
1.149799999999999933e+01
1.149600000000000044e+01
1.150000000000000000e+01
1.149799999999999933e+01
1.149799999999999933e+01
1.149499999999999922e+01
1.149799999999999933e+01
1.149799999999999933e+01
1.149799999999999933e+01
1.149900000000000055e+01
1.149600000000000044e+01
1.149200000000000088e+01
1.149499999999999922e+01
1.149600000000000044e+01
1.149799999999999933e+01
1.149499999999999922e+01
1.149200000000000088e+01
1.149600000000000044e+01
1.149200000000000088e+01
1.149799999999999933e+01
1.149200000000000088e+01
1.149499999999999922e+01
1.149099999999999966e+01
1.149099999999999966e+01
1.149200000000000088e+01
1.149499999999999922e+01
1.149600000000000044e+01
1.149099999999999966e+01
1.149499999999999922e+01
1.148900000000000077e+01
1.149099999999999966e+01
1.148700000000000010e+01
1.148600000000000065e+01
1.149000000000000021e+01
1.148499999999999943e+01
1.148900000000000077e+01
1.148099999999999987e+01
1.148600000000000065e+01
1.148499999999999943e+01
1.148199999999999932e+01
1.148199999999999932e+01
1.148399999999999999e+01
1.148099999999999987e+01
1.147799999999999976e+01
1.148499999999999943e+01
1.148000000000000043e+01
1.148399999999999999e+01
1.148399999999999999e+01
1.148099999999999987e+01
1.148199999999999932e+01
1.148399999999999999e+01
1.148499999999999943e+01
1.148399999999999999e+01
1.148399999999999999e+01
1.148600000000000065e+01
1.148399999999999999e+01
1.148399999999999999e+01
1.148499999999999943e+01
1.148399999999999999e+01
1.148499999999999943e+01
1.148499999999999943e+01
1.148399999999999999e+01
1.148399999999999999e+01
1.148900000000000077e+01
1.148600000000000065e+01
1.148600000000000065e+01
1.148600000000000065e+01
1.148499999999999943e+01
1.148399999999999999e+01
1.148499999999999943e+01
1.148499999999999943e+01
1.148700000000000010e+01
1.148600000000000065e+01
1.148700000000000010e+01
1.148600000000000065e+01
1.148600000000000065e+01
1.148700000000000010e+01
1.148399999999999999e+01
1.148399999999999999e+01
1.148399999999999999e+01
1.149000000000000021e+01
1.148700000000000010e+01
1.148499999999999943e+01
1.148399999999999999e+01
1.148499999999999943e+01
1.148399999999999999e+01
1.148600000000000065e+01
1.148600000000000065e+01
1.149000000000000021e+01
1.148900000000000077e+01
1.149300000000000033e+01
1.149300000000000033e+01
1.149099999999999966e+01
1.149300000000000033e+01
1.148600000000000065e+01
1.149000000000000021e+01
1.148700000000000010e+01
1.148900000000000077e+01
1.149000000000000021e+01
1.148900000000000077e+01
1.148900000000000077e+01
1.148700000000000010e+01
1.149000000000000021e+01
1.148700000000000010e+01
1.148900000000000077e+01
1.148900000000000077e+01
1.148499999999999943e+01
1.148700000000000010e+01
1.148900000000000077e+01
1.148900000000000077e+01
1.148600000000000065e+01
1.148700000000000010e+01
1.148300000000000054e+01
1.148900000000000077e+01
1.149000000000000021e+01
1.149099999999999966e+01
1.148700000000000010e+01
1.148600000000000065e+01
1.148600000000000065e+01
1.148600000000000065e+01
1.148600000000000065e+01
1.148900000000000077e+01
1.148700000000000010e+01
1.149000000000000021e+01
1.148700000000000010e+01
1.148900000000000077e+01
1.148600000000000065e+01
1.148700000000000010e+01
1.148700000000000010e+01
1.149099999999999966e+01
1.148900000000000077e+01
1.148700000000000010e+01
1.148900000000000077e+01
1.148900000000000077e+01
1.148600000000000065e+01
1.149000000000000021e+01
1.149000000000000021e+01
1.148700000000000010e+01
1.148700000000000010e+01
1.149000000000000021e+01
1.148799999999999955e+01
1.149000000000000021e+01
1.149300000000000033e+01
1.148900000000000077e+01
1.148900000000000077e+01
1.148900000000000077e+01
1.149399999999999977e+01
1.149000000000000021e+01
1.149200000000000088e+01
1.148799999999999955e+01
1.149000000000000021e+01
1.149000000000000021e+01
1.149200000000000088e+01
1.149300000000000033e+01
1.149200000000000088e+01
1.149200000000000088e+01
1.149399999999999977e+01
1.149000000000000021e+01
1.149000000000000021e+01
1.149300000000000033e+01
1.149399999999999977e+01
1.149399999999999977e+01
1.149399999999999977e+01
1.149799999999999933e+01
1.149799999999999933e+01
1.149399999999999977e+01
1.149399999999999977e+01
1.149499999999999922e+01
1.149300000000000033e+01
1.149399999999999977e+01
1.149399999999999977e+01
1.149300000000000033e+01
1.149499999999999922e+01
1.149300000000000033e+01
1.149000000000000021e+01
1.149300000000000033e+01
1.149300000000000033e+01
1.149200000000000088e+01
1.149399999999999977e+01
1.149399999999999977e+01
1.149699999999999989e+01
1.149399999999999977e+01
1.149300000000000033e+01
1.149300000000000033e+01
1.149200000000000088e+01
1.149499999999999922e+01
1.149300000000000033e+01
1.149000000000000021e+01
1.149300000000000033e+01
1.149399999999999977e+01
