7.960000000000000000e+02
3.660000000000000000e+02
8.480000000000000000e+02
4.340000000000000000e+02
7.130000000000000000e+02
2.760000000000000000e+02
5.520000000000000000e+02
3.980000000000000000e+02
3.480000000000000000e+02
8.790000000000000000e+02
4.500000000000000000e+02
7.140000000000000000e+02
2.980000000000000000e+02
5.180000000000000000e+02
4.160000000000000000e+02
5.620000000000000000e+02
8.140000000000000000e+02
3.790000000000000000e+02
6.270000000000000000e+02
3.040000000000000000e+02
5.300000000000000000e+02
7.940000000000000000e+02
4.520000000000000000e+02
5.440000000000000000e+02
3.540000000000000000e+02
5.620000000000000000e+02
6.700000000000000000e+02
3.320000000000000000e+02
5.660000000000000000e+02
6.980000000000000000e+02
5.220000000000000000e+02
4.280000000000000000e+02
3.580000000000000000e+02
6.000000000000000000e+02
5.680000000000000000e+02
2.400000000000000000e+02
5.800000000000000000e+02
5.480000000000000000e+02
3.240000000000000000e+02
6.780000000000000000e+02
5.100000000000000000e+02
