1.303211206055640038e-02
1.079641559002411134e-02
1.173650123447955024e-02
1.080317740511915238e-02
1.149425287356321823e-02
1.168431115674680408e-02
1.191268701166742564e-02
1.149631758577330728e-02
1.195006579649322484e-02
1.147899702263514669e-02
1.210013404340107984e-02
1.106373982593988892e-02
1.249330715688024354e-02
1.341992895331730641e-02
1.080274332823993530e-02
1.262887517391459401e-02
1.353303964757709282e-02
1.278088424269787846e-02
1.234524602812752010e-02
1.396321366552078468e-02
1.284750722672281520e-02
1.426667147025975461e-02
1.283821093318608490e-02
1.356028976198122953e-02
1.316778187283071562e-02
1.289770905333665826e-02
1.426037355222427132e-02
1.347775464841407048e-02
1.428921654467131368e-02
1.574257082423107662e-02
1.522219494230297142e-02
1.611459265890778994e-02
1.521316115336989253e-02
1.536307835887863911e-02
1.793492185498334751e-02
1.959980623765696442e-02
1.986520042568286695e-02
1.761988325036708061e-02
1.971307306464625125e-02
1.810774105930285094e-02
2.143539315906759640e-02
2.007598201526611045e-02
1.968098333866211830e-02
2.088240464053436538e-02
1.850024666995559938e-02
2.463487594580327303e-02
2.039873485198478997e-02
2.632745626300173752e-02
2.691817837595951793e-02
2.653655796974270856e-02
2.959619625137816998e-02
2.937415765283201557e-02
2.787722896172964079e-02
2.731837494294041269e-02
2.627906185110800985e-02
2.773838757652267312e-02
2.837027017653383221e-02
2.924805531547104709e-02
3.016672866853799609e-02
3.519263154277073313e-02
4.917526833784849338e-02
4.955860799618255763e-02
4.713065550715192509e-02
4.692496717945265211e-02
4.545297312255698607e-02
3.753632830281172089e-02
3.400062450126634800e-02
3.884629928839079815e-02
4.029036851793963564e-02
4.766989288051527718e-02
4.779753103400845998e-02
5.060969396419958549e-02
5.515742281696837945e-02
5.748470054321666578e-02
5.884164072388901878e-02
5.643811280789860080e-02
4.825903138211941334e-02
4.608422289010950801e-02
4.077676624320675930e-02
3.674378748928877614e-02
3.287652506749598469e-02
2.830928749275214013e-02
2.708141478222313159e-02
2.370400906935999155e-02
1.990816771123102291e-02
1.926021710280055935e-02
1.751684970406103617e-02
1.674846415210900358e-02
1.627739971959101320e-02
1.654531159197347376e-02
1.738465282848301527e-02
1.689047419219471408e-02
1.440971626582495703e-02
1.354292623941958859e-02
1.454821250043093067e-02
1.455415100785787536e-02
1.448827548322861869e-02
1.372981681902560314e-02
1.267697819421957292e-02
1.240395548358198645e-02
1.450842255780699676e-02
2.241645244215938193e-02
2.572369561449124736e-02
2.349698535745047348e-02
1.777280201518385144e-02
1.368490168296644487e-02
1.133321745176429744e-02
1.278134765967906157e-02
1.477409379831644103e-02
1.357796887511750206e-02
1.296342462338402439e-02
1.100666552726029673e-02
1.087370571735291058e-02
1.211328676141642906e-02
1.205857019810508204e-02
1.383988215545887447e-02
1.288704677649681225e-02
1.367368674202081892e-02
1.348930340394140573e-02
1.539592008117848798e-02
1.285769190454561298e-02
1.538621478324150166e-02
1.554600171969045506e-02
1.325139894950049836e-02
1.385875271225589685e-02
1.448514747559567599e-02
1.397282285953819862e-02
1.488607239405961499e-02
1.445985121022667734e-02
1.398701717892622716e-02
1.322613205248686016e-02
1.322943722943722977e-02
1.609219633884965278e-02
1.510680157391793184e-02
1.643484756856746637e-02
1.392472168227601968e-02
1.521337101783034988e-02
1.636006429719592814e-02
1.564820516535661218e-02
1.696183586929408960e-02
1.643333215784462467e-02
1.453560867861341740e-02
1.407707196903044099e-02
1.445411170362054416e-02
1.578076015358061135e-02
1.628061349264577420e-02
1.522646738939760665e-02
1.343192941092415972e-02
1.508231545406266659e-02
1.353837608914499994e-02
1.534941031508537182e-02
1.568098768936034351e-02
1.603705111810043923e-02
1.542918979299752122e-02
1.717867904270425558e-02
1.629427602363718933e-02
1.735388522450707210e-02
1.652032068857807109e-02
1.726536581885634858e-02
1.972829711798364249e-02
2.130876613101726630e-02
2.013964422300972001e-02
1.708867354381577580e-02
1.987052999619205729e-02
2.611848357914745358e-02
2.558180849173920940e-02
2.817794371455743102e-02
2.495084897229669224e-02
2.424242424242424240e-02
2.211119379185712622e-02
2.181249777967245868e-02
2.129685130989739453e-02
2.242388143372691864e-02
1.851014230541734792e-02
2.424627999858622318e-02
2.871290655836984673e-02
3.306715446582474127e-02
4.066135100617859072e-02
6.534521001302678878e-02
9.962264150943396512e-02
6.063614765433850140e-02
4.022644959386757757e-02
3.470287427261505714e-02
2.818301210378731242e-02
3.019908766222285240e-02
3.128515185601799670e-02
2.503564101672519845e-02
2.697278073171590490e-02
2.113207547169811476e-02
1.884021634012679469e-02
1.898889394947973069e-02
1.930876072210458219e-02
2.231115203456457766e-02
1.656567105310337296e-02
1.667914038276488778e-02
1.606961159257569785e-02
2.131679321284711201e-02
2.270099842354177458e-02
2.447187533738798618e-02
2.498142316266232718e-02
2.217577668355237563e-02
2.397928416870632323e-02
2.330275879165633751e-02
2.071313384698082738e-02
2.590801595425505643e-02
2.748968239727256346e-02
2.374179046816281974e-02
1.723958152306141745e-02
1.555904413047270139e-02
1.482822235371923821e-02
1.795707303251398851e-02
2.306379124133365807e-02
2.410729838007315967e-02
2.350343648730458465e-02
1.795168472353704178e-02
2.072213500784929330e-02
2.070466030320045059e-02
2.386415787058283541e-02
2.654021727591210009e-02
2.063033158439519024e-02
1.616553507921112201e-02
1.284765835277229540e-02
1.455519750896122275e-02
1.285987790340642305e-02
1.362170778538564567e-02
1.219042281150383572e-02
1.226509826423755577e-02
1.276373147340889233e-02
1.263248046247725069e-02
1.193460682885491390e-02
1.211054391832423922e-02
1.214704315396909935e-02
1.250710631040363903e-02
1.175925595980472499e-02
1.370512119555312470e-02
1.311029122040333929e-02
1.203560232063709441e-02
1.164244134138066496e-02
1.234700067801448864e-02
1.228668941979522110e-02
1.258311289054121762e-02
