1.199000000000000000e+03
7.300000000000000000e+01
9.100000000000000000e+01
6.200000000000000000e+01
9.000000000000000000e+01
1.010000000000000000e+02
1.170000000000000000e+02
1.030000000000000000e+02
8.300000000000000000e+01
8.800000000000000000e+01
1.170000000000000000e+02
9.700000000000000000e+01
1.230000000000000000e+02
1.280000000000000000e+02
1.010000000000000000e+02
1.050000000000000000e+02
1.290000000000000000e+02
1.110000000000000000e+02
1.670000000000000000e+02
1.490000000000000000e+02
1.690000000000000000e+02
1.320000000000000000e+02
1.620000000000000000e+02
1.610000000000000000e+02
1.590000000000000000e+02
1.980000000000000000e+02
1.750000000000000000e+02
2.130000000000000000e+02
2.750000000000000000e+02
2.570000000000000000e+02
2.770000000000000000e+02
3.320000000000000000e+02
3.120000000000000000e+02
3.330000000000000000e+02
4.000000000000000000e+02
4.170000000000000000e+02
4.680000000000000000e+02
5.410000000000000000e+02
5.630000000000000000e+02
7.850000000000000000e+02
8.050000000000000000e+02
9.590000000000000000e+02
1.323000000000000000e+03
1.229000000000000000e+03
7.630000000000000000e+02
3.950000000000000000e+02
1.865000000000000000e+03
4.581000000000000000e+03
3.761000000000000000e+03
3.450000000000000000e+02
7.890000000000000000e+02
2.787000000000000000e+03
1.547000000000000000e+03
4.730000000000000000e+02
9.630000000000000000e+02
2.590000000000000000e+02
1.017000000000000000e+03
6.050000000000000000e+02
4.910000000000000000e+02
1.217000000000000000e+03
1.284000000000000000e+03
