2.473100000000000000e+04
2.666300000000000000e+04
2.689900000000000000e+04
2.765700000000000000e+04
2.781900000000000000e+04
2.740100000000000000e+04
2.695400000000000000e+04
2.735700000000000000e+04
2.703500000000000000e+04
2.753100000000000000e+04
2.751000000000000000e+04
2.727700000000000000e+04
2.715300000000000000e+04
2.758700000000000000e+04
2.783700000000000000e+04
2.790800000000000000e+04
2.713900000000000000e+04
2.749300000000000000e+04
2.763100000000000000e+04
2.777100000000000000e+04
2.738300000000000000e+04
2.699500000000000000e+04
2.716900000000000000e+04
2.734700000000000000e+04
2.712700000000000000e+04
2.757600000000000000e+04
2.685100000000000000e+04
2.680500000000000000e+04
2.717700000000000000e+04
2.725000000000000000e+04
2.685900000000000000e+04
2.722500000000000000e+04
2.769300000000000000e+04
2.736400000000000000e+04
2.733200000000000000e+04
2.745100000000000000e+04
2.811300000000000000e+04
2.733500000000000000e+04
2.730700000000000000e+04
2.795500000000000000e+04
2.750500000000000000e+04
2.753300000000000000e+04
2.751500000000000000e+04
2.750200000000000000e+04
2.764100000000000000e+04
2.748900000000000000e+04
2.785900000000000000e+04
2.795500000000000000e+04
2.782900000000000000e+04
2.833100000000000000e+04
2.695500000000000000e+04
2.748200000000000000e+04
2.811300000000000000e+04
2.756300000000000000e+04
2.749500000000000000e+04
2.688500000000000000e+04
2.512900000000000000e+04
2.512500000000000000e+04
2.513700000000000000e+04
2.542300000000000000e+04
2.544500000000000000e+04
2.520300000000000000e+04
2.569100000000000000e+04
2.567300000000000000e+04
2.565800000000000000e+04
2.545900000000000000e+04
2.568700000000000000e+04
2.608300000000000000e+04
2.528700000000000000e+04
2.537000000000000000e+04
2.545700000000000000e+04
2.528700000000000000e+04
2.544100000000000000e+04
2.540700000000000000e+04
2.542300000000000000e+04
2.543100000000000000e+04
2.514700000000000000e+04
2.525100000000000000e+04
2.527200000000000000e+04
2.593100000000000000e+04
2.579700000000000000e+04
2.568100000000000000e+04
2.572500000000000000e+04
2.609200000000000000e+04
2.585900000000000000e+04
2.594900000000000000e+04
2.580500000000000000e+04
2.540900000000000000e+04
2.555700000000000000e+04
2.511500000000000000e+04
2.534700000000000000e+04
2.526900000000000000e+04
2.540700000000000000e+04
2.533900000000000000e+04
2.553900000000000000e+04
2.575300000000000000e+04
2.571100000000000000e+04
2.559100000000000000e+04
2.570900000000000000e+04
2.525100000000000000e+04
2.550500000000000000e+04
2.536500000000000000e+04
2.564900000000000000e+04
2.555300000000000000e+04
2.581100000000000000e+04
2.551700000000000000e+04
2.586900000000000000e+04
2.552200000000000000e+04
2.602900000000000000e+04
2.519900000000000000e+04
2.565900000000000000e+04
2.550000000000000000e+04
2.528100000000000000e+04
2.554500000000000000e+04
2.529500000000000000e+04
2.543700000000000000e+04
2.524600000000000000e+04
2.554700000000000000e+04
2.574500000000000000e+04
2.531300000000000000e+04
2.527000000000000000e+04
2.568400000000000000e+04
2.599300000000000000e+04
2.529100000000000000e+04
2.537100000000000000e+04
2.566800000000000000e+04
2.517300000000000000e+04
2.537700000000000000e+04
2.589000000000000000e+04
2.596500000000000000e+04
2.548500000000000000e+04
2.541300000000000000e+04
2.590700000000000000e+04
2.550500000000000000e+04
2.603700000000000000e+04
2.619000000000000000e+04
2.622000000000000000e+04
2.609300000000000000e+04
2.623500000000000000e+04
2.572700000000000000e+04
2.616100000000000000e+04
2.619100000000000000e+04
2.624500000000000000e+04
2.629300000000000000e+04
2.619100000000000000e+04
2.630300000000000000e+04
2.649500000000000000e+04
2.631300000000000000e+04
2.643100000000000000e+04
2.624100000000000000e+04
2.636400000000000000e+04
2.624100000000000000e+04
2.630900000000000000e+04
2.665700000000000000e+04
2.671500000000000000e+04
2.629100000000000000e+04
2.721500000000000000e+04
2.647900000000000000e+04
2.653700000000000000e+04
2.681900000000000000e+04
2.624300000000000000e+04
2.655700000000000000e+04
2.632300000000000000e+04
2.633900000000000000e+04
2.622100000000000000e+04
2.565700000000000000e+04
2.601500000000000000e+04
2.626700000000000000e+04
2.573300000000000000e+04
2.617700000000000000e+04
2.621500000000000000e+04
2.591100000000000000e+04
2.590100000000000000e+04
2.635500000000000000e+04
2.627200000000000000e+04
2.623500000000000000e+04
2.638100000000000000e+04
2.625300000000000000e+04
2.625900000000000000e+04
2.594500000000000000e+04
2.595700000000000000e+04
2.627900000000000000e+04
2.616100000000000000e+04
2.649700000000000000e+04
2.580100000000000000e+04
2.548700000000000000e+04
2.620500000000000000e+04
2.609100000000000000e+04
2.595900000000000000e+04
2.586300000000000000e+04
2.600900000000000000e+04
2.594900000000000000e+04
2.594700000000000000e+04
2.599100000000000000e+04
2.567100000000000000e+04
2.565100000000000000e+04
2.577900000000000000e+04
2.593300000000000000e+04
2.613500000000000000e+04
2.587000000000000000e+04
2.583600000000000000e+04
2.637200000000000000e+04
2.571100000000000000e+04
2.625500000000000000e+04
2.599100000000000000e+04
2.599500000000000000e+04
2.622100000000000000e+04
2.606100000000000000e+04
2.577300000000000000e+04
2.612500000000000000e+04
2.627700000000000000e+04
2.655300000000000000e+04
2.601900000000000000e+04
2.560700000000000000e+04
2.628700000000000000e+04
2.636300000000000000e+04
2.564100000000000000e+04
2.604500000000000000e+04
2.637900000000000000e+04
2.601300000000000000e+04
2.535100000000000000e+04
2.574500000000000000e+04
2.554100000000000000e+04
2.538100000000000000e+04
2.607500000000000000e+04
2.566300000000000000e+04
2.556900000000000000e+04
2.601100000000000000e+04
2.601500000000000000e+04
2.571400000000000000e+04
2.534200000000000000e+04
2.542300000000000000e+04
2.615900000000000000e+04
2.565500000000000000e+04
2.558500000000000000e+04
2.537700000000000000e+04
2.532100000000000000e+04
2.516500000000000000e+04
2.517300000000000000e+04
2.534000000000000000e+04
2.497500000000000000e+04
