6.858897209167480469e+00
6.916994571685791016e+00
6.886950731277465820e+00
6.901093482971191406e+00
6.845500469207763672e+00
6.904088735580444336e+00
6.889728546142578125e+00
6.913083553314208984e+00
6.849271297454833984e+00
6.842920780181884766e+00
6.936040163040161133e+00
6.907344579696655273e+00
6.856254577636718750e+00
6.892665863037109375e+00
6.932124137878417969e+00
6.926553010940551758e+00
6.833685636520385742e+00
6.912814378738403320e+00
6.923829317092895508e+00
6.856976747512817383e+00
6.872458696365356445e+00
6.912486076354980469e+00
6.941978693008422852e+00
6.877756118774414062e+00
6.923276662826538086e+00
6.921352624893188477e+00
6.956134796142578125e+00
6.854901075363159180e+00
6.917088747024536133e+00
6.863576173782348633e+00
6.904330968856811523e+00
6.860233068466186523e+00
6.915366411209106445e+00
6.837285041809082031e+00
6.912558794021606445e+00
6.902499675750732422e+00
6.905288219451904297e+00
6.958115816116333008e+00
6.891879081726074219e+00
6.905933141708374023e+00
6.896650791168212891e+00
