8.700000000000000000e+01
1.750000000000000000e+02
1.510000000000000000e+02
1.790000000000000000e+02
2.010000000000000000e+02
2.230000000000000000e+02
3.100000000000000000e+02
2.910000000000000000e+02
3.850000000000000000e+02
3.810000000000000000e+02
5.370000000000000000e+02
6.930000000000000000e+02
8.310000000000000000e+02
1.133000000000000000e+03
1.453000000000000000e+03
2.091000000000000000e+03
3.299000000000000000e+03
4.321000000000000000e+03
3.555000000000000000e+03
2.581000000000000000e+03
1.827000000000000000e+03
1.199000000000000000e+03
8.670000000000000000e+02
8.630000000000000000e+02
6.810000000000000000e+02
5.610000000000000000e+02
4.470000000000000000e+02
3.710000000000000000e+02
3.490000000000000000e+02
3.930000000000000000e+02
4.430000000000000000e+02
5.050000000000000000e+02
4.610000000000000000e+02
4.830000000000000000e+02
3.770000000000000000e+02
5.070000000000000000e+02
4.050000000000000000e+02
4.790000000000000000e+02
4.590000000000000000e+02
4.360000000000000000e+02
4.990000000000000000e+02
4.240000000000000000e+02
4.450000000000000000e+02
4.330000000000000000e+02
4.420000000000000000e+02
4.830000000000000000e+02
4.250000000000000000e+02
4.390000000000000000e+02
3.990000000000000000e+02
3.930000000000000000e+02
3.830000000000000000e+02
3.210000000000000000e+02
4.510000000000000000e+02
5.090000000000000000e+02
4.890000000000000000e+02
5.670000000000000000e+02
3.630000000000000000e+02
4.570000000000000000e+02
3.690000000000000000e+02
2.910000000000000000e+02
2.510000000000000000e+02
