2.782900000000000000e+04
3.050900000000000000e+04
3.061500000000000000e+04
3.130900000000000000e+04
3.056100000000000000e+04
3.063100000000000000e+04
3.170300000000000000e+04
3.075700000000000000e+04
3.028300000000000000e+04
2.966100000000000000e+04
3.038500000000000000e+04
3.090100000000000000e+04
3.032900000000000000e+04
3.094500000000000000e+04
3.027700000000000000e+04
3.019100000000000000e+04
3.040100000000000000e+04
3.059300000000000000e+04
3.021300000000000000e+04
3.041700000000000000e+04
3.070900000000000000e+04
2.978500000000000000e+04
3.004100000000000000e+04
2.960100000000000000e+04
3.013900000000000000e+04
3.028500000000000000e+04
3.009500000000000000e+04
3.028900000000000000e+04
2.946300000000000000e+04
2.937800000000000000e+04
2.995600000000000000e+04
3.020500000000000000e+04
3.089300000000000000e+04
3.027100000000000000e+04
2.913900000000000000e+04
2.916300000000000000e+04
3.005300000000000000e+04
2.923500000000000000e+04
2.922300000000000000e+04
2.897900000000000000e+04
2.951900000000000000e+04
3.089500000000000000e+04
2.981100000000000000e+04
2.903500000000000000e+04
2.899100000000000000e+04
2.935800000000000000e+04
3.023800000000000000e+04
2.961300000000000000e+04
2.911900000000000000e+04
2.806100000000000000e+04
2.846200000000000000e+04
2.882900000000000000e+04
2.966500000000000000e+04
2.942700000000000000e+04
2.814700000000000000e+04
2.825900000000000000e+04
2.817500000000000000e+04
2.893700000000000000e+04
2.943500000000000000e+04
2.885000000000000000e+04
2.892900000000000000e+04
2.929700000000000000e+04
2.945700000000000000e+04
2.911100000000000000e+04
2.874100000000000000e+04
2.899900000000000000e+04
2.891900000000000000e+04
2.844900000000000000e+04
2.882100000000000000e+04
2.820100000000000000e+04
2.826700000000000000e+04
2.780100000000000000e+04
2.851300000000000000e+04
2.775300000000000000e+04
2.767500000000000000e+04
2.763300000000000000e+04
2.729900000000000000e+04
2.716900000000000000e+04
2.734700000000000000e+04
2.719900000000000000e+04
2.750900000000000000e+04
2.749900000000000000e+04
2.784100000000000000e+04
2.820500000000000000e+04
2.875900000000000000e+04
2.853700000000000000e+04
2.830700000000000000e+04
2.727300000000000000e+04
2.831300000000000000e+04
2.850900000000000000e+04
2.726200000000000000e+04
2.814300000000000000e+04
2.831500000000000000e+04
2.876800000000000000e+04
2.863700000000000000e+04
2.882700000000000000e+04
2.916800000000000000e+04
2.865900000000000000e+04
2.873800000000000000e+04
2.771700000000000000e+04
2.796500000000000000e+04
2.806500000000000000e+04
2.847500000000000000e+04
2.803500000000000000e+04
2.744900000000000000e+04
2.782700000000000000e+04
2.819700000000000000e+04
2.883500000000000000e+04
2.854300000000000000e+04
2.759500000000000000e+04
2.755700000000000000e+04
2.764300000000000000e+04
2.831700000000000000e+04
2.834700000000000000e+04
2.789500000000000000e+04
2.699300000000000000e+04
2.643600000000000000e+04
2.670100000000000000e+04
2.747500000000000000e+04
2.787100000000000000e+04
2.798100000000000000e+04
2.747100000000000000e+04
2.762900000000000000e+04
2.764900000000000000e+04
2.723000000000000000e+04
2.708900000000000000e+04
2.743100000000000000e+04
2.706900000000000000e+04
2.726100000000000000e+04
2.684300000000000000e+04
2.752700000000000000e+04
2.726300000000000000e+04
2.800300000000000000e+04
2.804300000000000000e+04
2.657500000000000000e+04
2.668100000000000000e+04
2.781700000000000000e+04
2.610700000000000000e+04
2.679700000000000000e+04
2.694900000000000000e+04
2.743100000000000000e+04
2.763700000000000000e+04
2.649700000000000000e+04
2.806000000000000000e+04
2.779300000000000000e+04
2.752100000000000000e+04
2.782300000000000000e+04
2.807900000000000000e+04
2.837300000000000000e+04
2.784100000000000000e+04
2.791700000000000000e+04
2.775500000000000000e+04
2.758500000000000000e+04
2.796700000000000000e+04
2.682100000000000000e+04
2.746700000000000000e+04
2.829300000000000000e+04
2.857500000000000000e+04
2.735500000000000000e+04
2.674100000000000000e+04
2.716700000000000000e+04
2.793100000000000000e+04
2.775300000000000000e+04
2.848500000000000000e+04
2.815200000000000000e+04
2.799400000000000000e+04
2.777100000000000000e+04
2.736100000000000000e+04
2.739500000000000000e+04
2.681700000000000000e+04
2.728100000000000000e+04
2.760100000000000000e+04
2.764100000000000000e+04
2.736700000000000000e+04
2.786000000000000000e+04
2.857100000000000000e+04
2.807900000000000000e+04
2.866900000000000000e+04
2.847900000000000000e+04
2.827700000000000000e+04
2.860000000000000000e+04
2.911100000000000000e+04
2.873500000000000000e+04
2.863100000000000000e+04
2.883700000000000000e+04
2.922700000000000000e+04
2.887500000000000000e+04
2.865300000000000000e+04
2.870700000000000000e+04
2.930700000000000000e+04
2.849500000000000000e+04
2.806500000000000000e+04
2.803500000000000000e+04
2.831700000000000000e+04
2.830800000000000000e+04
2.893300000000000000e+04
2.836300000000000000e+04
2.860300000000000000e+04
2.859100000000000000e+04
2.757900000000000000e+04
2.810700000000000000e+04
2.828300000000000000e+04
2.856900000000000000e+04
2.867900000000000000e+04
2.847300000000000000e+04
2.865500000000000000e+04
2.915700000000000000e+04
2.894500000000000000e+04
2.801500000000000000e+04
2.820300000000000000e+04
2.890900000000000000e+04
2.876100000000000000e+04
2.907900000000000000e+04
2.908100000000000000e+04
2.909100000000000000e+04
2.888500000000000000e+04
2.829500000000000000e+04
2.896300000000000000e+04
2.936100000000000000e+04
2.887900000000000000e+04
2.931700000000000000e+04
2.819300000000000000e+04
2.810700000000000000e+04
2.697700000000000000e+04
2.667100000000000000e+04
2.719100000000000000e+04
2.892500000000000000e+04
2.884500000000000000e+04
2.796300000000000000e+04
2.847500000000000000e+04
2.881500000000000000e+04
2.784700000000000000e+04
2.794500000000000000e+04
2.762800000000000000e+04
2.725700000000000000e+04
2.743300000000000000e+04
2.792400000000000000e+04
2.704300000000000000e+04
2.698300000000000000e+04
2.653300000000000000e+04
2.503100000000000000e+04
