1.152454583539627569e-01
1.156761621266138296e-01
1.148966892426169784e-01
1.150325914417913431e-01
1.148343634974651056e-01
1.084199979269598879e-01
1.177199078055660708e-01
1.173697528510520283e-01
1.162401339392489796e-01
1.136542474939272601e-01
1.153778835719536516e-01
1.122896728051687859e-01
1.169496844380905898e-01
1.196729866063663272e-01
1.145779344182993043e-01
1.127969027937637397e-01
1.098347649108282476e-01
1.125396446475462886e-01
1.129258688580722508e-01
1.104497126931149598e-01
1.129150008691117701e-01
1.112982504382497573e-01
1.121062277395483975e-01
1.153335828258428841e-01
1.126099706744868034e-01
1.113525820138673295e-01
1.167213577502558136e-01
1.052157338416219029e-01
1.107622235257582494e-01
1.090431960222368046e-01
1.106887854783133868e-01
1.146179983886222720e-01
1.055722527377621206e-01
1.108163054339960651e-01
1.089651800370202150e-01
1.093449781659388692e-01
1.075193987264692619e-01
1.052447430110912824e-01
1.102266642869891150e-01
1.073964391479644565e-01
1.036331995596121713e-01
1.037200504413619134e-01
1.078330918983853304e-01
1.057702525592433829e-01
1.017127985087750153e-01
1.045009920980262408e-01
1.043416872573243864e-01
1.032092973664569813e-01
1.036988352137875602e-01
9.714874125625820589e-02
9.859813084112149795e-02
9.828768352658218133e-02
1.048590623111648190e-01
9.719276805290967547e-02
1.003342128408091505e-01
9.855010812152149857e-02
9.605092867886250163e-02
9.701571232732257577e-02
9.509541644373105396e-02
9.115053649208541831e-02
8.118875847959512726e-02
7.630243510642181759e-02
8.452031459533905500e-02
8.983264351268670234e-02
8.555344401018322165e-02
9.274818794850528403e-02
9.666940349123620546e-02
9.879972931581008921e-02
9.546976908161466935e-02
9.326279648250009047e-02
8.767413154646447326e-02
8.033781625918172409e-02
8.531906655872725787e-02
8.239409249902837629e-02
8.146812347512463748e-02
7.422709288890444457e-02
6.751176069235464983e-02
5.951223026766094132e-02
5.848510388801348575e-02
6.671319936813489837e-02
6.961361911302273164e-02
7.552859245432028135e-02
8.294732306366475738e-02
8.627506857122502204e-02
9.232093540403858711e-02
1.000108786307430109e-01
9.447499726845613732e-02
1.015725702500644562e-01
1.029373920076467747e-01
1.035338785046728965e-01
1.047717472648872078e-01
1.116933562974092159e-01
1.011797215432033159e-01
1.055712195296049094e-01
1.097793614800417483e-01
1.074329885839029469e-01
1.016493366798135595e-01
1.089518955081236057e-01
1.110600868981595907e-01
1.070370238137741403e-01
1.140700808625336876e-01
1.121267519804996921e-01
1.067571959984109226e-01
1.113569589031158241e-01
9.464553672729934808e-02
8.398684543384771217e-02
7.390250081430277396e-02
7.728195448555860714e-02
1.006918033974428667e-01
1.107858757271480976e-01
1.110334938784514197e-01
1.128175889961871570e-01
1.124312199908877458e-01
1.104647062971581689e-01
1.115506042021990746e-01
1.175335120643431625e-01
1.060273874132911659e-01
1.110364106011818425e-01
1.105651974126047182e-01
1.111926477268756347e-01
1.125110913930789658e-01
1.078720345075485226e-01
1.113233386189995677e-01
1.129387946928889080e-01
1.088659203891134131e-01
1.087335778117990565e-01
1.106373674428774434e-01
1.087389380530973393e-01
1.129465435414443858e-01
1.098406475734146487e-01
1.096981012435269687e-01
1.082951725102247742e-01
1.118999682102363030e-01
1.067740241554349795e-01
1.046056114346214927e-01
1.126060563030281542e-01
1.049870627015914715e-01
1.087200730183247865e-01
1.053446395271102343e-01
1.090187615301611568e-01
1.136810495835269691e-01
1.099234486894556800e-01
1.101805717516519956e-01
1.107340284094884830e-01
1.073801905699518361e-01
1.085759789495551048e-01
1.059246587298816461e-01
1.114028638448342212e-01
1.102912344490785262e-01
1.100652212233386162e-01
1.037818207214442900e-01
1.028936623468844347e-01
1.057194206575747947e-01
1.033514712508231403e-01
1.115537848605577670e-01
1.067876461350549672e-01
1.039578020749641896e-01
1.045180396547365359e-01
1.039550389220511711e-01
1.047370863527647827e-01
1.039763945482647250e-01
1.048504936027656043e-01
9.884793428700706930e-02
1.065657815648976409e-01
1.056975971459550162e-01
1.014610676760887287e-01
1.079430458402868970e-01
1.035982601818900700e-01
1.017322946679472123e-01
1.002459805354532774e-01
9.956270771383592122e-02
1.019267280781942231e-01
1.073000400101844082e-01
1.031189862386986678e-01
1.017418141828372730e-01
1.000106545441630801e-01
1.025515038781455029e-01
1.038771031455742455e-01
9.961284922046667600e-02
9.818661156435926074e-02
9.288294924409835895e-02
8.005682827206535290e-02
5.194437564134319479e-02
3.816711590296496120e-02
7.592862993696357365e-02
8.526663587593703852e-02
8.761172313448346849e-02
9.130993299309099476e-02
9.472325881491298893e-02
9.591957834479387934e-02
9.617569102612646970e-02
1.009215788558511517e-01
1.047642453393252127e-01
1.026523801159318489e-01
1.102435198060398580e-01
1.070070034483984467e-01
1.050533310019234196e-01
1.074091085750627089e-01
9.887908921606521073e-02
9.837560958495597530e-02
9.980799317309059504e-02
1.020444571306240444e-01
9.879998600566770872e-02
1.056534482149793369e-01
1.011571875769406575e-01
1.019354385471916841e-01
8.691968225948808191e-02
1.027190332326284039e-01
9.312638580931263677e-02
9.294405619213168268e-02
9.950701024439705111e-02
1.073039093846536174e-01
1.065105159211392483e-01
1.089912511858332489e-01
1.083017128266959839e-01
1.039731591029489643e-01
1.063592947682143047e-01
1.035876524662875109e-01
1.024013540674918038e-01
1.058163733201650802e-01
1.070554432265616723e-01
1.036502929247408722e-01
1.040086673889490804e-01
9.791108730583823749e-02
1.065629837635453797e-01
1.013361838588989899e-01
1.090178347148957616e-01
1.109033828353733764e-01
9.993402548699607812e-02
1.135240803269948473e-01
1.084085678881217957e-01
1.127474038426746761e-01
1.108899424559371683e-01
1.091805165839268982e-01
1.144704586634454763e-01
1.167464114832535843e-01
1.122438106063296942e-01
1.134922602812511033e-01
1.092956578811012519e-01
1.121337141648154068e-01
1.172958735733099223e-01
