1.126800000000000068e+01
1.127200000000000024e+01
1.127299999999999969e+01
1.126500000000000057e+01
1.126999999999999957e+01
1.126900000000000013e+01
1.126800000000000068e+01
1.126999999999999957e+01
1.126099999999999923e+01
1.126699999999999946e+01
1.126900000000000013e+01
1.126699999999999946e+01
1.127200000000000024e+01
1.126800000000000068e+01
1.126500000000000057e+01
1.126500000000000057e+01
1.126800000000000068e+01
1.126399999999999935e+01
1.126699999999999946e+01
1.126900000000000013e+01
1.126999999999999957e+01
1.126500000000000057e+01
1.126800000000000068e+01
1.126800000000000068e+01
1.126699999999999946e+01
1.126900000000000013e+01
1.126299999999999990e+01
1.126500000000000057e+01
1.126900000000000013e+01
1.126699999999999946e+01
1.126699999999999946e+01
1.126299999999999990e+01
1.126900000000000013e+01
1.126299999999999990e+01
1.126999999999999957e+01
1.126800000000000068e+01
1.126900000000000013e+01
1.126699999999999946e+01
1.126900000000000013e+01
1.126800000000000068e+01
1.126900000000000013e+01
1.126900000000000013e+01
1.126699999999999946e+01
1.126800000000000068e+01
1.126800000000000068e+01
1.126699999999999946e+01
1.124200000000000088e+01
1.124499999999999922e+01
1.124699999999999989e+01
1.124499999999999922e+01
1.124499999999999922e+01
1.124300000000000033e+01
1.124900000000000055e+01
1.124300000000000033e+01
1.124699999999999989e+01
1.124900000000000055e+01
1.124600000000000044e+01
1.124900000000000055e+01
1.124499999999999922e+01
1.124499999999999922e+01
1.124499999999999922e+01
1.124499999999999922e+01
1.124300000000000033e+01
1.124600000000000044e+01
1.124600000000000044e+01
1.124900000000000055e+01
1.124600000000000044e+01
1.124900000000000055e+01
1.124499999999999922e+01
1.124200000000000088e+01
1.124300000000000033e+01
1.124699999999999989e+01
1.124600000000000044e+01
1.124600000000000044e+01
1.125000000000000000e+01
1.124900000000000055e+01
1.124900000000000055e+01
1.124900000000000055e+01
1.125000000000000000e+01
1.124900000000000055e+01
1.125300000000000011e+01
1.124300000000000033e+01
1.124900000000000055e+01
1.124900000000000055e+01
1.125000000000000000e+01
1.124900000000000055e+01
1.124900000000000055e+01
1.125000000000000000e+01
1.124600000000000044e+01
1.124900000000000055e+01
1.125000000000000000e+01
1.124699999999999989e+01
1.124600000000000044e+01
1.124699999999999989e+01
1.124699999999999989e+01
1.124699999999999989e+01
1.124300000000000033e+01
1.124600000000000044e+01
1.125200000000000067e+01
1.125300000000000011e+01
1.125200000000000067e+01
1.125399999999999956e+01
1.125399999999999956e+01
1.125300000000000011e+01
1.125600000000000023e+01
1.125600000000000023e+01
1.125799999999999912e+01
1.125600000000000023e+01
1.125300000000000011e+01
1.125200000000000067e+01
1.125300000000000011e+01
1.125300000000000011e+01
1.125300000000000011e+01
1.125300000000000011e+01
1.125300000000000011e+01
1.125300000000000011e+01
1.125000000000000000e+01
1.125600000000000023e+01
1.125699999999999967e+01
1.125699999999999967e+01
1.125600000000000023e+01
1.125699999999999967e+01
1.125699999999999967e+01
1.125399999999999956e+01
1.125799999999999912e+01
1.125699999999999967e+01
1.125600000000000023e+01
1.125799999999999912e+01
1.125799999999999912e+01
1.125699999999999967e+01
1.125399999999999956e+01
1.125699999999999967e+01
1.125699999999999967e+01
1.125600000000000023e+01
1.125799999999999912e+01
1.125699999999999967e+01
1.125999999999999979e+01
1.125999999999999979e+01
1.126099999999999923e+01
1.125799999999999912e+01
1.125999999999999979e+01
1.125999999999999979e+01
1.125999999999999979e+01
1.125999999999999979e+01
1.126099999999999923e+01
1.126200000000000045e+01
1.125999999999999979e+01
1.126200000000000045e+01
1.125600000000000023e+01
1.126099999999999923e+01
1.125200000000000067e+01
1.125500000000000078e+01
1.125200000000000067e+01
1.125300000000000011e+01
1.125099999999999945e+01
1.125300000000000011e+01
1.125200000000000067e+01
1.125600000000000023e+01
1.125300000000000011e+01
1.125300000000000011e+01
1.125099999999999945e+01
1.125500000000000078e+01
1.125600000000000023e+01
1.125300000000000011e+01
1.125200000000000067e+01
1.125200000000000067e+01
1.125600000000000023e+01
1.125900000000000034e+01
1.125200000000000067e+01
1.125500000000000078e+01
1.125099999999999945e+01
1.125300000000000011e+01
1.125600000000000023e+01
1.125500000000000078e+01
1.125500000000000078e+01
1.125699999999999967e+01
1.125099999999999945e+01
1.125500000000000078e+01
1.125500000000000078e+01
1.125300000000000011e+01
1.125699999999999967e+01
1.125600000000000023e+01
1.125300000000000011e+01
1.125099999999999945e+01
1.125099999999999945e+01
1.125600000000000023e+01
1.125500000000000078e+01
1.125300000000000011e+01
1.125200000000000067e+01
1.125300000000000011e+01
1.125600000000000023e+01
1.125300000000000011e+01
1.124900000000000055e+01
1.125300000000000011e+01
1.125500000000000078e+01
1.125099999999999945e+01
1.125099999999999945e+01
1.124900000000000055e+01
1.125300000000000011e+01
1.125099999999999945e+01
1.125200000000000067e+01
1.125099999999999945e+01
1.126800000000000068e+01
1.126600000000000001e+01
1.126699999999999946e+01
1.126600000000000001e+01
1.126600000000000001e+01
1.126500000000000057e+01
1.127200000000000024e+01
1.126600000000000001e+01
1.126600000000000001e+01
1.126999999999999957e+01
1.127500000000000036e+01
1.127100000000000080e+01
1.126600000000000001e+01
1.126600000000000001e+01
1.127200000000000024e+01
1.126600000000000001e+01
1.126699999999999946e+01
1.126699999999999946e+01
1.126699999999999946e+01
1.126500000000000057e+01
1.126999999999999957e+01
1.127100000000000080e+01
1.126999999999999957e+01
1.126800000000000068e+01
1.126800000000000068e+01
1.126699999999999946e+01
1.127200000000000024e+01
1.126800000000000068e+01
1.126699999999999946e+01
1.126999999999999957e+01
1.126999999999999957e+01
1.127200000000000024e+01
1.127500000000000036e+01
1.127500000000000036e+01
1.127100000000000080e+01
1.127399999999999913e+01
1.126999999999999957e+01
1.127200000000000024e+01
1.126999999999999957e+01
