1.125799999999999912e+01
1.125999999999999979e+01
1.125600000000000023e+01
1.125600000000000023e+01
1.125500000000000078e+01
1.125699999999999967e+01
1.125200000000000067e+01
1.125500000000000078e+01
1.125600000000000023e+01
1.125600000000000023e+01
1.125600000000000023e+01
1.125200000000000067e+01
1.125699999999999967e+01
1.125300000000000011e+01
1.125600000000000023e+01
1.125500000000000078e+01
1.125300000000000011e+01
1.125600000000000023e+01
1.125500000000000078e+01
1.125600000000000023e+01
1.125799999999999912e+01
1.125500000000000078e+01
1.126500000000000057e+01
1.126099999999999923e+01
1.125600000000000023e+01
1.125500000000000078e+01
1.125699999999999967e+01
1.125500000000000078e+01
1.125600000000000023e+01
1.125500000000000078e+01
1.125799999999999912e+01
1.126500000000000057e+01
1.126399999999999935e+01
1.126800000000000068e+01
1.126699999999999946e+01
1.126299999999999990e+01
1.126399999999999935e+01
1.126699999999999946e+01
1.126500000000000057e+01
1.126500000000000057e+01
1.126999999999999957e+01
