1.125300000000000011e+01
1.125699999999999967e+01
1.125999999999999979e+01
1.125699999999999967e+01
1.125099999999999945e+01
1.125300000000000011e+01
1.125600000000000023e+01
1.125799999999999912e+01
1.125799999999999912e+01
1.125500000000000078e+01
1.125600000000000023e+01
1.125600000000000023e+01
1.125699999999999967e+01
1.125500000000000078e+01
1.125600000000000023e+01
1.125500000000000078e+01
1.125600000000000023e+01
1.125600000000000023e+01
1.125799999999999912e+01
1.125699999999999967e+01
1.125600000000000023e+01
1.125500000000000078e+01
1.125500000000000078e+01
1.125699999999999967e+01
1.125699999999999967e+01
1.125200000000000067e+01
1.125300000000000011e+01
1.125300000000000011e+01
1.125500000000000078e+01
1.125099999999999945e+01
1.125200000000000067e+01
1.125300000000000011e+01
1.125300000000000011e+01
1.125699999999999967e+01
1.125300000000000011e+01
1.125300000000000011e+01
1.125099999999999945e+01
1.125600000000000023e+01
1.125500000000000078e+01
1.125300000000000011e+01
1.125500000000000078e+01
1.125500000000000078e+01
1.125200000000000067e+01
1.125500000000000078e+01
1.125500000000000078e+01
1.125600000000000023e+01
1.125699999999999967e+01
1.125699999999999967e+01
1.125099999999999945e+01
1.125500000000000078e+01
1.125200000000000067e+01
1.125300000000000011e+01
1.125500000000000078e+01
1.125200000000000067e+01
1.125300000000000011e+01
1.125300000000000011e+01
1.125600000000000023e+01
1.125600000000000023e+01
1.125300000000000011e+01
1.125600000000000023e+01
1.125600000000000023e+01
