1.798476028207676713e-02
1.744110373551997772e-02
1.591011604543404387e-02
1.559358200993064998e-02
1.601416328008690992e-02
1.599289204797867472e-02
1.613226855010232996e-02
1.479565024053037907e-02
1.504370807074608719e-02
1.405845357010728804e-02
1.693459320161982973e-02
1.546270066100094431e-02
1.579267058108928951e-02
1.534364192868784005e-02
1.786661227819702144e-02
1.518853326818144812e-02
1.738085702843412267e-02
1.600452653275673959e-02
1.783687368250364697e-02
1.600840845696729561e-02
1.562947506239515533e-02
1.690791372840117282e-02
1.888364343237989434e-02
1.761806822150645963e-02
1.823352943468266665e-02
1.996789475744880846e-02
1.583737146909348914e-02
1.999757114520503420e-02
2.100960555896178375e-02
2.457794431685402306e-02
2.492615222757253376e-02
2.744232698094282996e-02
2.771270893715011702e-02
2.931479642502482497e-02
3.193201039646850065e-02
3.202000241964753774e-02
3.360134405376215272e-02
3.671766342141863371e-02
4.076207354895879792e-02
4.452151469935879124e-02
4.513680846814459996e-02
5.100153476840738054e-02
5.327370444470597155e-02
5.714736136838371311e-02
6.332453825857520258e-02
7.034645221558831485e-02
7.745687926193341177e-02
7.734944780162533728e-02
7.807783635851410498e-02
8.746238716148445336e-02
7.473948975925261140e-02
7.299922773645491081e-02
5.802116444694805503e-02
4.311189496374681629e-02
3.451422223985400883e-02
3.072087998428599601e-02
3.204187651187690583e-02
3.455994973098221179e-02
2.463073694214548692e-02
4.229311820070896094e-02
6.948415651560847783e-02
7.420871695578298843e-02
5.591277606933184319e-02
3.408513465973497802e-02
3.263775286278577936e-02
3.521379805964786058e-02
2.879717643284001108e-02
2.160530600897573456e-02
2.254023594275753051e-02
1.799516429505727474e-02
1.831884057971014390e-02
1.571073303596099910e-02
1.738993586969351385e-02
1.713856967973778622e-02
1.494356836682527757e-02
1.560478337580866424e-02
1.554464251189049094e-02
1.746862336231656126e-02
1.657040430193188613e-02
1.665689149560117474e-02
1.739749317939187981e-02
2.345085257760642222e-02
4.024209387149785266e-02
2.163357151316568777e-02
1.961013190148243324e-02
1.639148597573105229e-02
1.445554721750464018e-02
1.658795983967617862e-02
1.538523017902813234e-02
1.367086595398005026e-02
1.560541742470183957e-02
1.409070893879348259e-02
1.531961937852884328e-02
1.631141404987983268e-02
1.453330224605580215e-02
1.358431981370075703e-02
1.437820232752115047e-02
1.539692823659438194e-02
1.423183108449663573e-02
1.604798815876602031e-02
1.524046498969713545e-02
1.609611459817474749e-02
1.615833623255634108e-02
1.453408868919710967e-02
1.535842932351660570e-02
1.505062842283597969e-02
1.403369672943508353e-02
1.633229947783754188e-02
1.839024587839753824e-02
1.645360325845868568e-02
1.784627864530521218e-02
1.470189964019035130e-02
1.477929326677410518e-02
1.879891453966256454e-02
1.895401895401895367e-02
1.891142109170476301e-02
2.277457101346841081e-02
2.147618857530637568e-02
2.361161305866762983e-02
2.418941811448607412e-02
2.666882827382158552e-02
2.200282087447108514e-02
2.574396755101196130e-02
2.566551767099962619e-02
2.514822330985635318e-02
2.371287327679755599e-02
2.445511929810631480e-02
2.615267725036989760e-02
2.023757149142102821e-02
2.194675878886405071e-02
1.946066166249652354e-02
2.029738022185508667e-02
2.006716025407614262e-02
2.095214982000566384e-02
2.020365937766237935e-02
1.794778089089211007e-02
1.774397972116603314e-02
1.669872713133876280e-02
1.719431202379497273e-02
1.772549651532852669e-02
1.753729792627685760e-02
1.777777777777777776e-02
1.837976569938319996e-02
1.593301629882534765e-02
1.568300312825860257e-02
1.856904344993281011e-02
1.885647230202727384e-02
1.894967000040490707e-02
1.978214598722924725e-02
2.293819655521783102e-02
3.162656631570519294e-02
3.799682681746063828e-02
5.001018122581958603e-02
6.569431538119671621e-02
3.038662988285154368e-02
1.633624758855641707e-02
1.544994944388270938e-02
1.690733325243700194e-02
1.533855555099864626e-02
1.845063046368287593e-02
2.599152105867902698e-02
3.358072758243095535e-02
3.039561922145946754e-02
2.825745682888540153e-02
3.389297369559234052e-02
1.995678648595560628e-02
1.825629022820362754e-02
2.135513833207636908e-02
2.103123411907275100e-02
1.854283554176117121e-02
1.994560290117860374e-02
2.083250821814725331e-02
2.170738445751272880e-02
2.051608285952844987e-02
2.235944626064495164e-02
1.802530008487248855e-02
1.585736262869314947e-02
1.352281468885379971e-02
1.582623440591061567e-02
1.416056642265690543e-02
1.514119767674744661e-02
1.460786270205547722e-02
1.450384754844688019e-02
1.486958967970100111e-02
1.777304557926204925e-02
1.693684974594725223e-02
1.768482254612993229e-02
1.739130434782608717e-02
1.432275589578960347e-02
1.420930137601567923e-02
1.520490991882795552e-02
1.415901046016783925e-02
1.438616342035076330e-02
1.440979866309090134e-02
1.539980256663376137e-02
1.624357515596186463e-02
1.679407454351012144e-02
1.579803913785575442e-02
1.797207043108682567e-02
1.595589156676830572e-02
1.525977958096160804e-02
1.379087866446227634e-02
1.627545595812545862e-02
1.904684384029953909e-02
2.484167517875383174e-02
3.055132375344834714e-02
2.629350324636044525e-02
1.781524635145345301e-02
1.955697465575733512e-02
1.894932064669596281e-02
1.691783353180306357e-02
1.700085410989547394e-02
1.639143730886850198e-02
1.620823186554353618e-02
1.574173958208478080e-02
1.682873586028973967e-02
1.892490436883430618e-02
1.675392670157068234e-02
1.706527678533899250e-02
1.595722461255691393e-02
1.887939067374306071e-02
1.749247081150212546e-02
1.453142317638849053e-02
1.531331855732419832e-02
1.637830677210870556e-02
1.466381984449905383e-02
1.467949763496982467e-02
1.535251741920245702e-02
1.515692576280601445e-02
1.396297458424851021e-02
1.327658245148190079e-02
1.337326168109283404e-02
1.508576990145585849e-02
1.519892713455520822e-02
1.423350644354683635e-02
1.616289664461434752e-02
1.409621857058008382e-02
1.625174268074088685e-02
1.686776159154190768e-02
1.585817102427520067e-02
1.538146860298629515e-02
