3.100000000000000000e+02
3.640000000000000000e+02
3.520000000000000000e+02
2.980000000000000000e+02
3.120000000000000000e+02
3.680000000000000000e+02
3.480000000000000000e+02
3.760000000000000000e+02
3.440000000000000000e+02
3.480000000000000000e+02
3.540000000000000000e+02
3.520000000000000000e+02
3.400000000000000000e+02
4.240000000000000000e+02
3.340000000000000000e+02
3.900000000000000000e+02
3.840000000000000000e+02
4.140000000000000000e+02
4.280000000000000000e+02
3.720000000000000000e+02
3.740000000000000000e+02
4.180000000000000000e+02
4.360000000000000000e+02
4.060000000000000000e+02
3.660000000000000000e+02
4.560000000000000000e+02
3.500000000000000000e+02
4.520000000000000000e+02
4.260000000000000000e+02
4.200000000000000000e+02
4.600000000000000000e+02
4.720000000000000000e+02
5.220000000000000000e+02
5.460000000000000000e+02
5.320000000000000000e+02
5.360000000000000000e+02
5.200000000000000000e+02
5.060000000000000000e+02
5.420000000000000000e+02
5.920000000000000000e+02
6.440000000000000000e+02
6.120000000000000000e+02
6.460000000000000000e+02
6.060000000000000000e+02
6.780000000000000000e+02
6.920000000000000000e+02
6.980000000000000000e+02
6.940000000000000000e+02
7.760000000000000000e+02
7.880000000000000000e+02
9.000000000000000000e+02
8.640000000000000000e+02
8.660000000000000000e+02
8.500000000000000000e+02
8.580000000000000000e+02
8.220000000000000000e+02
8.040000000000000000e+02
7.840000000000000000e+02
8.520000000000000000e+02
1.102000000000000000e+03
1.450000000000000000e+03
1.464000000000000000e+03
1.532000000000000000e+03
1.386000000000000000e+03
1.190000000000000000e+03
1.058000000000000000e+03
9.960000000000000000e+02
1.106000000000000000e+03
1.202000000000000000e+03
1.666000000000000000e+03
1.346000000000000000e+03
1.632000000000000000e+03
1.742000000000000000e+03
1.632000000000000000e+03
1.612000000000000000e+03
1.454000000000000000e+03
1.272000000000000000e+03
1.094000000000000000e+03
1.060000000000000000e+03
1.004000000000000000e+03
8.040000000000000000e+02
8.100000000000000000e+02
7.260000000000000000e+02
6.420000000000000000e+02
6.020000000000000000e+02
5.100000000000000000e+02
6.100000000000000000e+02
5.020000000000000000e+02
5.200000000000000000e+02
5.600000000000000000e+02
4.210000000000000000e+02
4.040000000000000000e+02
4.340000000000000000e+02
3.960000000000000000e+02
4.380000000000000000e+02
3.880000000000000000e+02
3.800000000000000000e+02
3.540000000000000000e+02
4.000000000000000000e+02
3.920000000000000000e+02
4.920000000000000000e+02
7.660000000000000000e+02
6.680000000000000000e+02
5.500000000000000000e+02
4.780000000000000000e+02
3.220000000000000000e+02
3.140000000000000000e+02
4.260000000000000000e+02
3.820000000000000000e+02
3.720000000000000000e+02
3.540000000000000000e+02
3.220000000000000000e+02
3.220000000000000000e+02
2.520000000000000000e+02
3.880000000000000000e+02
2.880000000000000000e+02
3.160000000000000000e+02
3.240000000000000000e+02
3.400000000000000000e+02
3.440000000000000000e+02
3.840000000000000000e+02
3.780000000000000000e+02
3.720000000000000000e+02
3.740000000000000000e+02
4.110000000000000000e+02
3.660000000000000000e+02
4.460000000000000000e+02
4.080000000000000000e+02
3.980000000000000000e+02
3.880000000000000000e+02
4.460000000000000000e+02
3.700000000000000000e+02
3.760000000000000000e+02
3.980000000000000000e+02
3.680000000000000000e+02
4.140000000000000000e+02
3.980000000000000000e+02
4.240000000000000000e+02
4.380000000000000000e+02
4.200000000000000000e+02
4.540000000000000000e+02
4.080000000000000000e+02
3.740000000000000000e+02
4.100000000000000000e+02
4.380000000000000000e+02
4.400000000000000000e+02
3.380000000000000000e+02
3.700000000000000000e+02
4.420000000000000000e+02
4.600000000000000000e+02
3.940000000000000000e+02
3.660000000000000000e+02
4.040000000000000000e+02
4.740000000000000000e+02
4.200000000000000000e+02
4.880000000000000000e+02
5.580000000000000000e+02
5.340000000000000000e+02
5.080000000000000000e+02
4.880000000000000000e+02
5.680000000000000000e+02
5.800000000000000000e+02
5.760000000000000000e+02
5.440000000000000000e+02
6.560000000000000000e+02
6.700000000000000000e+02
7.820000000000000000e+02
6.420000000000000000e+02
6.340000000000000000e+02
6.440000000000000000e+02
5.720000000000000000e+02
5.660000000000000000e+02
6.220000000000000000e+02
6.940000000000000000e+02
6.620000000000000000e+02
8.420000000000000000e+02
9.660000000000000000e+02
1.186000000000000000e+03
1.958000000000000000e+03
2.788000000000000000e+03
1.471000000000000000e+03
1.200000000000000000e+03
1.068000000000000000e+03
9.560000000000000000e+02
8.900000000000000000e+02
9.000000000000000000e+02
7.820000000000000000e+02
7.400000000000000000e+02
6.360000000000000000e+02
6.060000000000000000e+02
5.740000000000000000e+02
6.480000000000000000e+02
5.960000000000000000e+02
4.760000000000000000e+02
4.780000000000000000e+02
4.720000000000000000e+02
6.540000000000000000e+02
6.940000000000000000e+02
7.500000000000000000e+02
7.120000000000000000e+02
5.600000000000000000e+02
7.080000000000000000e+02
5.780000000000000000e+02
7.660000000000000000e+02
9.180000000000000000e+02
7.680000000000000000e+02
6.000000000000000000e+02
4.360000000000000000e+02
4.620000000000000000e+02
4.480000000000000000e+02
6.020000000000000000e+02
6.980000000000000000e+02
6.700000000000000000e+02
6.900000000000000000e+02
6.160000000000000000e+02
6.320000000000000000e+02
7.400000000000000000e+02
8.180000000000000000e+02
7.000000000000000000e+02
5.540000000000000000e+02
4.120000000000000000e+02
4.260000000000000000e+02
4.740000000000000000e+02
3.580000000000000000e+02
3.840000000000000000e+02
3.520000000000000000e+02
3.760000000000000000e+02
3.180000000000000000e+02
3.640000000000000000e+02
3.240000000000000000e+02
3.120000000000000000e+02
2.760000000000000000e+02
3.680000000000000000e+02
3.400000000000000000e+02
3.380000000000000000e+02
3.820000000000000000e+02
3.500000000000000000e+02
3.220000000000000000e+02
3.060000000000000000e+02
3.340000000000000000e+02
2.800000000000000000e+02
