4.925000000000000000e+03
5.082000000000000000e+03
5.003000000000000000e+03
4.904000000000000000e+03
5.026000000000000000e+03
5.016000000000000000e+03
5.064000000000000000e+03
5.079000000000000000e+03
5.017000000000000000e+03
5.062000000000000000e+03
5.064000000000000000e+03
4.969000000000000000e+03
4.956000000000000000e+03
4.787000000000000000e+03
4.814000000000000000e+03
4.968000000000000000e+03
4.880000000000000000e+03
4.798000000000000000e+03
4.972000000000000000e+03
4.760000000000000000e+03
4.888000000000000000e+03
4.854000000000000000e+03
4.649000000000000000e+03
4.776000000000000000e+03
4.781000000000000000e+03
4.651000000000000000e+03
4.718000000000000000e+03
4.676000000000000000e+03
4.410000000000000000e+03
4.348000000000000000e+03
4.456000000000000000e+03
4.520000000000000000e+03
4.432000000000000000e+03
4.606000000000000000e+03
4.564000000000000000e+03
4.312000000000000000e+03
4.246000000000000000e+03
4.130000000000000000e+03
4.076000000000000000e+03
4.059000000000000000e+03
4.142000000000000000e+03
4.136000000000000000e+03
4.062000000000000000e+03
4.154000000000000000e+03
4.288000000000000000e+03
4.260000000000000000e+03
4.284000000000000000e+03
4.166000000000000000e+03
4.020000000000000000e+03
3.896000000000000000e+03
3.792000000000000000e+03
4.030000000000000000e+03
4.194000000000000000e+03
4.338000000000000000e+03
4.650000000000000000e+03
4.616000000000000000e+03
4.778000000000000000e+03
4.784000000000000000e+03
4.928000000000000000e+03
4.968000000000000000e+03
4.878000000000000000e+03
4.894000000000000000e+03
4.876000000000000000e+03
4.998000000000000000e+03
5.059000000000000000e+03
4.890000000000000000e+03
4.858000000000000000e+03
4.982000000000000000e+03
5.006000000000000000e+03
4.766000000000000000e+03
4.946000000000000000e+03
4.924000000000000000e+03
4.862000000000000000e+03
4.700000000000000000e+03
4.850000000000000000e+03
4.888000000000000000e+03
4.963000000000000000e+03
4.959000000000000000e+03
4.854000000000000000e+03
5.050000000000000000e+03
4.788000000000000000e+03
5.080000000000000000e+03
5.126000000000000000e+03
4.958000000000000000e+03
4.974000000000000000e+03
4.846000000000000000e+03
4.920000000000000000e+03
4.966000000000000000e+03
4.904000000000000000e+03
