9.696348667144775391e+00
9.589439153671264648e+00
9.643608570098876953e+00
9.586107730865478516e+00
9.786341905593872070e+00
9.609627723693847656e+00
9.593419551849365234e+00
9.803702592849731445e+00
9.651602029800415039e+00
9.587361812591552734e+00
9.547048091888427734e+00
9.558607578277587891e+00
9.598044157028198242e+00
9.611611366271972656e+00
9.668114662170410156e+00
9.722105026245117188e+00
9.585790872573852539e+00
9.643781661987304688e+00
9.656495571136474609e+00
9.629122257232666016e+00
9.564514636993408203e+00
9.650906801223754883e+00
9.598336696624755859e+00
9.605785131454467773e+00
9.690072298049926758e+00
9.618050098419189453e+00
9.680496692657470703e+00
9.649592876434326172e+00
9.625874519348144531e+00
9.590787410736083984e+00
9.649202346801757812e+00
9.612224102020263672e+00
9.620383739471435547e+00
9.595595359802246094e+00
9.641981840133666992e+00
9.634956359863281250e+00
9.627789258956909180e+00
9.556928634643554688e+00
9.673605918884277344e+00
9.599347352981567383e+00
9.573157787322998047e+00
9.578125238418579102e+00
9.682259798049926758e+00
9.551709175109863281e+00
9.485895872116088867e+00
9.671617746353149414e+00
9.593950986862182617e+00
9.528396844863891602e+00
9.679864406585693359e+00
9.657066822052001953e+00
9.596829414367675781e+00
9.571997880935668945e+00
9.570495605468750000e+00
9.678744554519653320e+00
9.746057510375976562e+00
9.725296258926391602e+00
9.600442886352539062e+00
9.802116155624389648e+00
9.585953950881958008e+00
9.603155374526977539e+00
9.628908634185791016e+00
9.604531288146972656e+00
9.670414209365844727e+00
9.625774145126342773e+00
9.649876594543457031e+00
9.650252103805541992e+00
9.644612073898315430e+00
9.651486158370971680e+00
9.625290632247924805e+00
9.595144033432006836e+00
9.726343870162963867e+00
9.590553283691406250e+00
9.706965684890747070e+00
9.713499307632446289e+00
9.618978738784790039e+00
9.648004293441772461e+00
9.653635501861572266e+00
9.632985115051269531e+00
9.649544477462768555e+00
9.626082181930541992e+00
9.630719900131225586e+00
9.660110950469970703e+00
9.604042768478393555e+00
9.555284500122070312e+00
9.626433372497558594e+00
