1.168699999999999939e+01
1.168299999999999983e+01
1.168500000000000050e+01
1.168299999999999983e+01
1.168200000000000038e+01
1.168099999999999916e+01
1.167800000000000082e+01
1.167800000000000082e+01
1.167399999999999949e+01
1.167600000000000016e+01
1.166999999999999993e+01
1.167300000000000004e+01
1.166799999999999926e+01
1.166799999999999926e+01
1.166999999999999993e+01
1.167200000000000060e+01
1.166799999999999926e+01
1.166900000000000048e+01
1.166600000000000037e+01
1.166600000000000037e+01
1.166399999999999970e+01
1.166399999999999970e+01
1.166000000000000014e+01
1.166099999999999959e+01
1.166200000000000081e+01
1.165900000000000070e+01
1.166399999999999970e+01
1.165900000000000070e+01
1.166000000000000014e+01
1.165499999999999936e+01
1.165600000000000058e+01
1.165600000000000058e+01
1.165099999999999980e+01
1.165900000000000070e+01
1.166000000000000014e+01
1.165700000000000003e+01
1.165199999999999925e+01
1.165499999999999936e+01
1.165600000000000058e+01
1.165499999999999936e+01
1.166000000000000014e+01
1.165300000000000047e+01
1.165600000000000058e+01
1.165600000000000058e+01
1.165499999999999936e+01
1.165499999999999936e+01
1.165499999999999936e+01
1.165300000000000047e+01
1.165300000000000047e+01
1.165499999999999936e+01
1.165499999999999936e+01
1.165499999999999936e+01
1.164400000000000013e+01
1.164000000000000057e+01
1.164000000000000057e+01
1.164400000000000013e+01
1.163700000000000045e+01
1.164000000000000057e+01
1.164499999999999957e+01
1.164499999999999957e+01
1.164499999999999957e+01
1.164400000000000013e+01
1.164300000000000068e+01
1.164300000000000068e+01
1.164400000000000013e+01
1.164000000000000057e+01
1.164100000000000001e+01
1.164000000000000057e+01
1.164300000000000068e+01
1.164300000000000068e+01
1.164100000000000001e+01
1.163899999999999935e+01
1.164000000000000057e+01
1.164100000000000001e+01
1.164000000000000057e+01
1.164000000000000057e+01
1.164499999999999957e+01
1.164100000000000001e+01
1.164400000000000013e+01
1.164100000000000001e+01
1.164000000000000057e+01
1.164499999999999957e+01
1.164799999999999969e+01
1.164499999999999957e+01
1.164100000000000001e+01
1.164100000000000001e+01
1.164300000000000068e+01
1.164700000000000024e+01
1.164499999999999957e+01
1.164000000000000057e+01
1.164300000000000068e+01
1.164700000000000024e+01
1.164000000000000057e+01
1.164400000000000013e+01
1.164000000000000057e+01
1.164100000000000001e+01
1.164000000000000057e+01
1.163899999999999935e+01
1.163899999999999935e+01
1.164000000000000057e+01
1.163700000000000045e+01
1.163599999999999923e+01
1.163700000000000045e+01
1.164000000000000057e+01
1.163599999999999923e+01
1.164100000000000001e+01
1.163499999999999979e+01
1.164000000000000057e+01
1.163700000000000045e+01
1.164100000000000001e+01
1.163899999999999935e+01
1.163700000000000045e+01
1.163599999999999923e+01
1.163599999999999923e+01
1.162599999999999945e+01
1.163199999999999967e+01
1.163899999999999935e+01
1.163499999999999979e+01
1.163899999999999935e+01
1.163899999999999935e+01
1.163499999999999979e+01
1.163899999999999935e+01
1.164000000000000057e+01
1.163499999999999979e+01
1.163599999999999923e+01
1.164000000000000057e+01
1.163799999999999990e+01
1.163899999999999935e+01
1.163599999999999923e+01
1.163599999999999923e+01
1.163599999999999923e+01
1.164000000000000057e+01
1.163799999999999990e+01
1.163899999999999935e+01
1.164000000000000057e+01
1.164000000000000057e+01
1.163799999999999990e+01
1.164000000000000057e+01
1.163599999999999923e+01
1.163899999999999935e+01
1.164000000000000057e+01
1.164000000000000057e+01
1.163400000000000034e+01
1.164000000000000057e+01
1.164000000000000057e+01
1.163599999999999923e+01
1.163599999999999923e+01
1.163799999999999990e+01
1.163899999999999935e+01
1.163499999999999979e+01
1.163799999999999990e+01
1.163799999999999990e+01
1.163599999999999923e+01
1.163599999999999923e+01
1.163499999999999979e+01
1.164000000000000057e+01
1.163799999999999990e+01
