9.620064258575439453e+00
9.575506210327148438e+00
9.593497753143310547e+00
9.582970380783081055e+00
9.746580839157104492e+00
9.567712545394897461e+00
9.552427053451538086e+00
9.717313289642333984e+00
9.583333492279052734e+00
9.620067358016967773e+00
9.574055433273315430e+00
9.622746229171752930e+00
9.616368770599365234e+00
9.634434700012207031e+00
9.743115425109863281e+00
9.613684177398681641e+00
9.566019535064697266e+00
9.623457193374633789e+00
9.648152351379394531e+00
9.679845571517944336e+00
9.626600265502929688e+00
9.634316921234130859e+00
9.625508069992065430e+00
9.588335752487182617e+00
9.622910261154174805e+00
9.602778673171997070e+00
9.609985113143920898e+00
9.588942527770996094e+00
9.550847530364990234e+00
9.558982372283935547e+00
9.697425603866577148e+00
9.557440280914306641e+00
9.613870620727539062e+00
9.626476764678955078e+00
9.680721044540405273e+00
9.608724355697631836e+00
9.641833782196044922e+00
9.560058593750000000e+00
9.677672624588012695e+00
9.592236280441284180e+00
9.573544025421142578e+00
9.670450210571289062e+00
9.673621177673339844e+00
9.587034940719604492e+00
9.732219696044921875e+00
9.580980062484741211e+00
9.594938278198242188e+00
9.611851930618286133e+00
9.565305233001708984e+00
9.597281694412231445e+00
9.623743772506713867e+00
9.612367630004882812e+00
9.628802537918090820e+00
9.693403720855712891e+00
9.610522985458374023e+00
9.600717067718505859e+00
9.571924209594726562e+00
9.642914295196533203e+00
9.587827205657958984e+00
9.652233600616455078e+00
9.672550439834594727e+00
9.587760686874389648e+00
9.580215454101562500e+00
9.542183160781860352e+00
9.631525039672851562e+00
9.575865745544433594e+00
9.663090229034423828e+00
9.609916448593139648e+00
9.658740282058715820e+00
9.621490716934204102e+00
9.591710090637207031e+00
9.558453083038330078e+00
9.638202667236328125e+00
9.692253112792968750e+00
9.606735467910766602e+00
9.652630329132080078e+00
9.575553655624389648e+00
9.606195926666259766e+00
9.708256721496582031e+00
9.649718523025512695e+00
9.582714080810546875e+00
9.599266052246093750e+00
9.677666902542114258e+00
9.719611406326293945e+00
9.572911977767944336e+00
9.630706071853637695e+00
9.655218124389648438e+00
9.674904823303222656e+00
9.612058401107788086e+00
