1.179299999999999926e+01
1.178700000000000081e+01
1.178200000000000003e+01
1.177999999999999936e+01
1.178299999999999947e+01
1.177999999999999936e+01
1.177899999999999991e+01
1.177899999999999991e+01
1.177999999999999936e+01
1.178299999999999947e+01
1.178299999999999947e+01
1.178200000000000003e+01
1.178200000000000003e+01
1.178400000000000070e+01
1.178400000000000070e+01
1.177999999999999936e+01
1.177899999999999991e+01
1.178200000000000003e+01
1.177999999999999936e+01
1.177899999999999991e+01
1.177899999999999991e+01
1.178200000000000003e+01
1.178299999999999947e+01
1.177999999999999936e+01
1.177800000000000047e+01
1.177999999999999936e+01
1.178200000000000003e+01
1.178200000000000003e+01
1.177899999999999991e+01
1.177999999999999936e+01
1.177800000000000047e+01
1.177999999999999936e+01
1.177899999999999991e+01
1.177299999999999969e+01
1.177500000000000036e+01
1.177299999999999969e+01
1.177899999999999991e+01
1.177699999999999925e+01
1.177500000000000036e+01
1.177899999999999991e+01
1.177599999999999980e+01
1.177599999999999980e+01
1.177599999999999980e+01
1.177699999999999925e+01
1.177699999999999925e+01
1.177599999999999980e+01
1.177699999999999925e+01
1.177500000000000036e+01
1.177899999999999991e+01
1.177599999999999980e+01
1.177699999999999925e+01
1.177500000000000036e+01
1.177500000000000036e+01
1.177899999999999991e+01
1.178100000000000058e+01
1.177899999999999991e+01
1.177699999999999925e+01
1.177899999999999991e+01
1.177899999999999991e+01
1.177699999999999925e+01
1.177599999999999980e+01
1.177899999999999991e+01
1.177899999999999991e+01
1.177899999999999991e+01
1.177999999999999936e+01
1.177699999999999925e+01
1.177999999999999936e+01
1.177699999999999925e+01
1.177599999999999980e+01
1.177999999999999936e+01
1.178200000000000003e+01
1.177699999999999925e+01
1.177899999999999991e+01
1.177899999999999991e+01
1.177999999999999936e+01
1.177699999999999925e+01
1.177699999999999925e+01
1.177699999999999925e+01
1.177500000000000036e+01
1.177599999999999980e+01
1.177500000000000036e+01
