2.535500000000000000e+04
2.653500000000000000e+04
2.746900000000000000e+04
2.754900000000000000e+04
2.770400000000000000e+04
2.733100000000000000e+04
2.793100000000000000e+04
2.847700000000000000e+04
2.735100000000000000e+04
2.775200000000000000e+04
2.778400000000000000e+04
2.750500000000000000e+04
2.808700000000000000e+04
2.811300000000000000e+04
2.764000000000000000e+04
2.763300000000000000e+04
2.816400000000000000e+04
2.787700000000000000e+04
2.785900000000000000e+04
2.716100000000000000e+04
2.751700000000000000e+04
2.809900000000000000e+04
2.772700000000000000e+04
2.778400000000000000e+04
2.793500000000000000e+04
2.810400000000000000e+04
2.799100000000000000e+04
2.789500000000000000e+04
2.802600000000000000e+04
2.810100000000000000e+04
2.779100000000000000e+04
2.815300000000000000e+04
2.767300000000000000e+04
2.779800000000000000e+04
2.743700000000000000e+04
2.731800000000000000e+04
2.760100000000000000e+04
2.757300000000000000e+04
2.774300000000000000e+04
2.763100000000000000e+04
2.734300000000000000e+04
2.752700000000000000e+04
2.726300000000000000e+04
2.749300000000000000e+04
2.741500000000000000e+04
2.783200000000000000e+04
2.767300000000000000e+04
2.754600000000000000e+04
2.786900000000000000e+04
2.735500000000000000e+04
2.741200000000000000e+04
2.789500000000000000e+04
2.784500000000000000e+04
2.784500000000000000e+04
2.755900000000000000e+04
2.776300000000000000e+04
2.774300000000000000e+04
2.791700000000000000e+04
2.771100000000000000e+04
2.755300000000000000e+04
2.782100000000000000e+04
2.826100000000000000e+04
2.764100000000000000e+04
2.757700000000000000e+04
2.765100000000000000e+04
2.748900000000000000e+04
2.776500000000000000e+04
2.785900000000000000e+04
2.765700000000000000e+04
2.785900000000000000e+04
2.752300000000000000e+04
2.762100000000000000e+04
2.757300000000000000e+04
2.771900000000000000e+04
2.751500000000000000e+04
2.774700000000000000e+04
2.772900000000000000e+04
2.781100000000000000e+04
2.740700000000000000e+04
2.781500000000000000e+04
2.741500000000000000e+04
2.775100000000000000e+04
2.756500000000000000e+04
2.764300000000000000e+04
2.736900000000000000e+04
2.823100000000000000e+04
2.760500000000000000e+04
2.749700000000000000e+04
2.783100000000000000e+04
2.767100000000000000e+04
2.792500000000000000e+04
2.777900000000000000e+04
2.749500000000000000e+04
2.777400000000000000e+04
2.760700000000000000e+04
2.742300000000000000e+04
2.720900000000000000e+04
2.722900000000000000e+04
2.740800000000000000e+04
2.722700000000000000e+04
2.783300000000000000e+04
2.774900000000000000e+04
2.766200000000000000e+04
2.776700000000000000e+04
2.694300000000000000e+04
2.751300000000000000e+04
2.729900000000000000e+04
2.715700000000000000e+04
2.669500000000000000e+04
2.768500000000000000e+04
2.769500000000000000e+04
2.707100000000000000e+04
2.714400000000000000e+04
2.728900000000000000e+04
2.728300000000000000e+04
2.745700000000000000e+04
2.723500000000000000e+04
2.746500000000000000e+04
2.724300000000000000e+04
2.725500000000000000e+04
2.701900000000000000e+04
2.701500000000000000e+04
2.696500000000000000e+04
2.705300000000000000e+04
2.757100000000000000e+04
2.719300000000000000e+04
2.691300000000000000e+04
2.760900000000000000e+04
2.698100000000000000e+04
2.736500000000000000e+04
2.696400000000000000e+04
2.686500000000000000e+04
2.723300000000000000e+04
2.698500000000000000e+04
2.685900000000000000e+04
2.719900000000000000e+04
2.672400000000000000e+04
2.671700000000000000e+04
2.620900000000000000e+04
2.703100000000000000e+04
2.663100000000000000e+04
2.682300000000000000e+04
2.666700000000000000e+04
2.661900000000000000e+04
2.679400000000000000e+04
2.620900000000000000e+04
2.701700000000000000e+04
2.671100000000000000e+04
2.684700000000000000e+04
2.700300000000000000e+04
2.738300000000000000e+04
2.696300000000000000e+04
2.698300000000000000e+04
