1.466373888123860200e-02
1.616261424992059687e-02
1.535960148061023267e-02
1.471239314783911664e-02
1.435290019160424986e-02
1.479981849279207035e-02
1.427421894132876144e-02
1.334020973010142767e-02
1.425682854107405972e-02
1.300744781286058971e-02
1.400027184993883449e-02
1.424451933432929231e-02
1.503707535782031375e-02
1.618134263295553654e-02
1.448334756618275057e-02
1.449775629962029612e-02
1.496488193978752664e-02
1.644363411194055616e-02
1.617101016760939813e-02
1.684253944247757206e-02
2.153002048824530223e-02
1.949696444058976463e-02
2.182970078848603737e-02
2.461581742096564246e-02
2.370043749354094204e-02
2.539001694973883408e-02
2.730160946828195240e-02
2.721088435374149558e-02
3.124463519313304752e-02
2.988150437918598787e-02
3.323273320151247379e-02
3.108131339178270627e-02
3.579201934703748339e-02
3.549558899844317689e-02
3.737224267868818894e-02
4.010094375496940644e-02
4.320586120716217449e-02
4.560619088564058649e-02
4.638443698293467921e-02
4.814940577249575415e-02
5.140458067378912699e-02
5.252469624479400023e-02
5.586972814607889942e-02
5.745283340725324678e-02
6.510709299553921192e-02
6.702717597216960310e-02
7.466463308953516509e-02
8.890878413277779335e-02
7.917136703927801777e-02
3.655818100757913386e-02
3.429773803261441240e-02
2.700566912901563449e-02
2.319961333977766868e-02
2.235931695013463477e-02
2.147715893788198008e-02
1.914886367508262729e-02
1.975615652954788859e-02
1.824556625931851583e-02
1.892831331520803892e-02
2.094024453246082218e-02
1.845031152111803463e-02
1.939294615726040380e-02
1.841607971138979616e-02
2.073359738246943404e-02
1.896497428181532011e-02
1.965653527333776490e-02
1.927113802952613517e-02
1.752026211415761217e-02
2.081122710936162898e-02
1.921314369123188273e-02
1.825031972624520382e-02
1.839621010408382107e-02
1.550653538714878710e-02
1.740456956627257912e-02
2.027900646478393923e-02
1.896990619660355107e-02
1.940029270617065621e-02
2.132941711248645053e-02
1.780456545082961112e-02
2.054148471615720520e-02
1.999366397972473369e-02
1.933307834069334860e-02
2.056288295773185323e-02
1.952314547124247429e-02
2.018606886607847775e-02
1.858904923302701073e-02
1.910717387528226494e-02
1.776832572977051980e-02
2.026200873362445434e-02
1.835624978353479070e-02
1.749433699250740534e-02
1.870379920921437164e-02
1.814231021280999015e-02
1.625848231201129993e-02
1.668114682884448349e-02
1.747297903933146823e-02
1.534908992121706076e-02
1.469628815712666937e-02
1.348708611504484400e-02
1.385618238285382837e-02
1.420947071421286949e-02
1.390717299578059056e-02
1.516238090359594247e-02
1.673696642483549907e-02
1.711987349169789147e-02
1.934343259264394849e-02
2.079961431178759673e-02
2.241732310788770513e-02
2.308549056667454080e-02
2.619609452481105188e-02
2.707970048210072908e-02
2.816230740451005146e-02
3.038185412548121897e-02
3.103484430154125617e-02
2.952285248969125850e-02
3.135973299030003769e-02
3.226348512854982503e-02
3.131559929797997355e-02
2.966871081571825081e-02
2.966073000609466964e-02
3.032677956861008078e-02
3.283760503463066527e-02
2.849661645186520390e-02
2.690827344255594666e-02
2.594803491942997142e-02
2.299394718155074041e-02
2.382689034767809452e-02
2.076205809351311382e-02
2.130474607320962180e-02
1.993970124708784389e-02
1.870557426112981828e-02
1.721703798078578693e-02
1.622592004418973999e-02
1.570375450025715894e-02
1.482752702934614711e-02
1.473487599875479906e-02
1.388744947662970235e-02
1.383352073324474463e-02
1.372461119348943048e-02
1.302731644101899448e-02
1.472944866855330909e-02
1.368189591986318163e-02
1.164593598180753246e-02
1.455265944727223044e-02
1.474997415308267577e-02
1.537775031750935294e-02
1.394661811686304098e-02
1.292243158215215966e-02
1.415696971789648199e-02
1.584731456919419995e-02
1.663928409130632433e-02
1.734164432217849897e-02
1.601980129946027620e-02
