1.172300000000000075e+01
1.172400000000000020e+01
1.172300000000000075e+01
1.172000000000000064e+01
1.171599999999999930e+01
1.171599999999999930e+01
1.171499999999999986e+01
1.171599999999999930e+01
1.171499999999999986e+01
1.171000000000000085e+01
1.171199999999999974e+01
1.169899999999999984e+01
1.169999999999999929e+01
1.170199999999999996e+01
1.169599999999999973e+01
1.169800000000000040e+01
1.169899999999999984e+01
1.169999999999999929e+01
1.169800000000000040e+01
1.169599999999999973e+01
1.169800000000000040e+01
1.169599999999999973e+01
1.169500000000000028e+01
1.169599999999999973e+01
1.169599999999999973e+01
1.169400000000000084e+01
1.169599999999999973e+01
1.169599999999999973e+01
1.169599999999999973e+01
1.168999999999999950e+01
1.169200000000000017e+01
1.168900000000000006e+01
1.168900000000000006e+01
1.169400000000000084e+01
1.169200000000000017e+01
1.168999999999999950e+01
1.168900000000000006e+01
1.168999999999999950e+01
1.169100000000000072e+01
1.168900000000000006e+01
1.169599999999999973e+01
1.168900000000000006e+01
1.169100000000000072e+01
1.169200000000000017e+01
1.168900000000000006e+01
1.168999999999999950e+01
1.168699999999999939e+01
1.168500000000000050e+01
1.168999999999999950e+01
1.168599999999999994e+01
1.169100000000000072e+01
1.169100000000000072e+01
1.168999999999999950e+01
1.168900000000000006e+01
1.168599999999999994e+01
1.168299999999999983e+01
1.168999999999999950e+01
1.168999999999999950e+01
1.168999999999999950e+01
1.168599999999999994e+01
1.168999999999999950e+01
1.168599999999999994e+01
1.168500000000000050e+01
1.168599999999999994e+01
1.168699999999999939e+01
1.168500000000000050e+01
1.168500000000000050e+01
1.168500000000000050e+01
1.168699999999999939e+01
1.168699999999999939e+01
1.168500000000000050e+01
1.168900000000000006e+01
1.168599999999999994e+01
1.168500000000000050e+01
1.169400000000000084e+01
1.169599999999999973e+01
1.169299999999999962e+01
1.169599999999999973e+01
1.169400000000000084e+01
1.168999999999999950e+01
1.169400000000000084e+01
1.169299999999999962e+01
1.169599999999999973e+01
1.169800000000000040e+01
1.169500000000000028e+01
1.169500000000000028e+01
1.169800000000000040e+01
1.169899999999999984e+01
1.169599999999999973e+01
1.169800000000000040e+01
1.169400000000000084e+01
1.169500000000000028e+01
1.169899999999999984e+01
1.169899999999999984e+01
1.169899999999999984e+01
1.169500000000000028e+01
1.169899999999999984e+01
1.169500000000000028e+01
1.169800000000000040e+01
1.169899999999999984e+01
1.169500000000000028e+01
1.169599999999999973e+01
1.169899999999999984e+01
1.169599999999999973e+01
1.169899999999999984e+01
1.169800000000000040e+01
1.169500000000000028e+01
1.169500000000000028e+01
1.169500000000000028e+01
1.169599999999999973e+01
1.169400000000000084e+01
1.169599999999999973e+01
1.169500000000000028e+01
1.169299999999999962e+01
1.169400000000000084e+01
1.169599999999999973e+01
1.169400000000000084e+01
1.169400000000000084e+01
1.169500000000000028e+01
1.169400000000000084e+01
1.169500000000000028e+01
1.169400000000000084e+01
1.169599999999999973e+01
1.169500000000000028e+01
1.169500000000000028e+01
1.169299999999999962e+01
1.169299999999999962e+01
1.168999999999999950e+01
1.169400000000000084e+01
1.169599999999999973e+01
1.169400000000000084e+01
1.169599999999999973e+01
1.169400000000000084e+01
1.169299999999999962e+01
1.169400000000000084e+01
1.169500000000000028e+01
1.168200000000000038e+01
1.168500000000000050e+01
1.168800000000000061e+01
1.168099999999999916e+01
1.168399999999999928e+01
1.168599999999999994e+01
1.168500000000000050e+01
1.168500000000000050e+01
1.168599999999999994e+01
1.168200000000000038e+01
1.168200000000000038e+01
1.168599999999999994e+01
1.168599999999999994e+01
1.168500000000000050e+01
1.168500000000000050e+01
1.168800000000000061e+01
1.168599999999999994e+01
