3.180000000000000000e+02
3.400000000000000000e+02
3.620000000000000000e+02
3.100000000000000000e+02
3.240000000000000000e+02
3.860000000000000000e+02
3.380000000000000000e+02
3.540000000000000000e+02
3.160000000000000000e+02
3.500000000000000000e+02
3.620000000000000000e+02
3.200000000000000000e+02
3.540000000000000000e+02
4.120000000000000000e+02
3.260000000000000000e+02
3.440000000000000000e+02
3.680000000000000000e+02
4.440000000000000000e+02
4.100000000000000000e+02
4.060000000000000000e+02
4.860000000000000000e+02
4.580000000000000000e+02
5.020000000000000000e+02
4.900000000000000000e+02
5.040000000000000000e+02
5.960000000000000000e+02
6.040000000000000000e+02
6.520000000000000000e+02
6.020000000000000000e+02
6.240000000000000000e+02
6.500000000000000000e+02
6.420000000000000000e+02
6.380000000000000000e+02
6.500000000000000000e+02
6.080000000000000000e+02
6.240000000000000000e+02
7.220000000000000000e+02
6.960000000000000000e+02
7.260000000000000000e+02
8.000000000000000000e+02
9.160000000000000000e+02
9.580000000000000000e+02
1.002000000000000000e+03
8.240000000000000000e+02
8.800000000000000000e+02
8.860000000000000000e+02
9.680000000000000000e+02
1.002000000000000000e+03
1.104000000000000000e+03
1.094000000000000000e+03
1.066000000000000000e+03
1.018000000000000000e+03
1.044000000000000000e+03
1.032000000000000000e+03
1.014000000000000000e+03
9.960000000000000000e+02
1.062000000000000000e+03
1.102000000000000000e+03
1.100000000000000000e+03
1.236000000000000000e+03
1.188000000000000000e+03
1.192000000000000000e+03
1.092000000000000000e+03
1.088000000000000000e+03
1.020000000000000000e+03
8.340000000000000000e+02
8.220000000000000000e+02
7.380000000000000000e+02
6.520000000000000000e+02
6.260000000000000000e+02
5.600000000000000000e+02
5.260000000000000000e+02
4.780000000000000000e+02
5.340000000000000000e+02
5.320000000000000000e+02
4.640000000000000000e+02
4.940000000000000000e+02
4.980000000000000000e+02
5.560000000000000000e+02
5.100000000000000000e+02
5.500000000000000000e+02
5.980000000000000000e+02
5.760000000000000000e+02
5.220000000000000000e+02
5.380000000000000000e+02
4.860000000000000000e+02
4.920000000000000000e+02
4.840000000000000000e+02
4.640000000000000000e+02
4.940000000000000000e+02
4.300000000000000000e+02
4.340000000000000000e+02
4.500000000000000000e+02
4.940000000000000000e+02
4.600000000000000000e+02
4.380000000000000000e+02
4.400000000000000000e+02
3.920000000000000000e+02
4.540000000000000000e+02
4.540000000000000000e+02
4.100000000000000000e+02
