5.040000000000000000e+03
5.114000000000000000e+03
5.024000000000000000e+03
5.114000000000000000e+03
5.012000000000000000e+03
4.958000000000000000e+03
5.074000000000000000e+03
4.964000000000000000e+03
4.986000000000000000e+03
4.998000000000000000e+03
4.866000000000000000e+03
4.960000000000000000e+03
4.870000000000000000e+03
4.986000000000000000e+03
4.962000000000000000e+03
5.080000000000000000e+03
4.924000000000000000e+03
4.872000000000000000e+03
4.682000000000000000e+03
4.966000000000000000e+03
4.646000000000000000e+03
4.762000000000000000e+03
4.732000000000000000e+03
4.513000000000000000e+03
4.606000000000000000e+03
4.504000000000000000e+03
4.614000000000000000e+03
4.562000000000000000e+03
4.478000000000000000e+03
4.516000000000000000e+03
4.300000000000000000e+03
4.206000000000000000e+03
4.048000000000000000e+03
4.159000000000000000e+03
4.171000000000000000e+03
4.126000000000000000e+03
3.944000000000000000e+03
4.154000000000000000e+03
4.218000000000000000e+03
4.058000000000000000e+03
4.240000000000000000e+03
4.024000000000000000e+03
3.934000000000000000e+03
3.686000000000000000e+03
3.578000000000000000e+03
3.751000000000000000e+03
4.276000000000000000e+03
4.660000000000000000e+03
5.016000000000000000e+03
4.992000000000000000e+03
5.008000000000000000e+03
5.064000000000000000e+03
5.006000000000000000e+03
5.038000000000000000e+03
4.966000000000000000e+03
5.168000000000000000e+03
5.060000000000000000e+03
5.088000000000000000e+03
5.142000000000000000e+03
5.088000000000000000e+03
4.974000000000000000e+03
5.064000000000000000e+03
4.886000000000000000e+03
5.016000000000000000e+03
5.042000000000000000e+03
4.708000000000000000e+03
5.052000000000000000e+03
4.872000000000000000e+03
4.980000000000000000e+03
5.154000000000000000e+03
5.090000000000000000e+03
5.073000000000000000e+03
5.040000000000000000e+03
5.150000000000000000e+03
4.958000000000000000e+03
5.006000000000000000e+03
4.888000000000000000e+03
4.866000000000000000e+03
5.003000000000000000e+03
4.996000000000000000e+03
5.034000000000000000e+03
5.126000000000000000e+03
4.958000000000000000e+03
4.878000000000000000e+03
4.864000000000000000e+03
