9.663445234298706055e+00
9.594422101974487305e+00
9.629168510437011719e+00
9.636265754699707031e+00
9.595012426376342773e+00
9.613330841064453125e+00
9.614912509918212891e+00
9.566983938217163086e+00
9.651513099670410156e+00
9.636400461196899414e+00
9.604627609252929688e+00
9.705360651016235352e+00
9.616549730300903320e+00
9.657601594924926758e+00
9.613739252090454102e+00
9.685583591461181641e+00
9.585936546325683594e+00
9.683361530303955078e+00
9.805124044418334961e+00
9.615688085556030273e+00
9.671165704727172852e+00
9.714249849319458008e+00
9.661861181259155273e+00
9.684434890747070312e+00
9.704007148742675781e+00
9.574558973312377930e+00
9.701406478881835938e+00
9.563769102096557617e+00
9.649319648742675781e+00
9.604344606399536133e+00
9.595078706741333008e+00
9.565649747848510742e+00
9.592827320098876953e+00
9.555015325546264648e+00
9.593356609344482422e+00
9.651547193527221680e+00
9.629143238067626953e+00
9.561259031295776367e+00
9.662166118621826172e+00
9.620695829391479492e+00
9.553265810012817383e+00
9.722689390182495117e+00
9.621212244033813477e+00
9.589247941970825195e+00
9.612274169921875000e+00
9.621274232864379883e+00
9.583690643310546875e+00
9.565032243728637695e+00
9.686871290206909180e+00
9.592378854751586914e+00
9.598507881164550781e+00
9.719772815704345703e+00
9.602978467941284180e+00
9.660063743591308594e+00
9.625047922134399414e+00
9.627441167831420898e+00
9.657152414321899414e+00
9.610792398452758789e+00
9.628110408782958984e+00
9.561478137969970703e+00
9.665106534957885742e+00
9.642446279525756836e+00
9.563611507415771484e+00
9.598323345184326172e+00
9.660288810729980469e+00
9.669828653335571289e+00
9.617050647735595703e+00
9.656476020812988281e+00
9.707716941833496094e+00
9.692528009414672852e+00
9.591360807418823242e+00
9.594226360321044922e+00
9.623276948928833008e+00
9.599607467651367188e+00
9.689789772033691406e+00
9.640061616897583008e+00
9.627327442169189453e+00
9.632197380065917969e+00
9.640746355056762695e+00
9.661549091339111328e+00
9.605863094329833984e+00
9.620851278305053711e+00
9.668994188308715820e+00
9.690926551818847656e+00
9.637886762619018555e+00
9.527352809906005859e+00
9.632883071899414062e+00
9.752654075622558594e+00
9.609916687011718750e+00
