1.555055837176506396e-02
1.359567959515087417e-02
1.456256301108995246e-02
1.462780768516799661e-02
1.486594106716219825e-02
1.765304967749236134e-02
1.767856474025244345e-02
1.654925640165492637e-02
1.643288056552796167e-02
1.743414819025961709e-02
1.998114985862393944e-02
1.923438145685412576e-02
2.072345041708749391e-02
2.135501766918721650e-02
1.988794478869058621e-02
2.178953954875041329e-02
2.074642011500732811e-02
2.221399481673454190e-02
2.241932440083034550e-02
2.749140893470790326e-02
2.825947334617854786e-02
2.862429666553377786e-02
2.836563451399717883e-02
2.957444406817925225e-02
2.807927393961844736e-02
2.619825094771609936e-02
3.355730174999051185e-02
3.332222592469177153e-02
3.707433516094140596e-02
3.726754931915054331e-02
4.242674991537217360e-02
4.282962571288288084e-02
4.538195862888550619e-02
4.273023726526481436e-02
4.691592332510913232e-02
4.458527493010251697e-02
4.435619825422395385e-02
4.369608618676310008e-02
4.295372203339185152e-02
4.785299081192574688e-02
5.017138121963162639e-02
5.236074071291740156e-02
6.286940481120355251e-02
6.552952202436738982e-02
6.375522815479106598e-02
5.264939265164905735e-02
3.762413340828180824e-02
2.423105776444111140e-02
2.066409613296896555e-02
1.666417575848154128e-02
1.744403683461855092e-02
1.553603077039104018e-02
1.618183870846347933e-02
1.701965273802709400e-02
1.531844249924539658e-02
1.740512316016496960e-02
1.767628873800402081e-02
1.568627450980392135e-02
1.607994890483525549e-02
1.690288321304364225e-02
1.702191197879726614e-02
1.868307131465026319e-02
1.537937043069813325e-02
1.539327951942932177e-02
1.782925063811954813e-02
1.782531194295900248e-02
1.780194406167368015e-02
1.460395122132028545e-02
1.586948461253244458e-02
1.718020541549953456e-02
1.715622563036131934e-02
1.743517453722595242e-02
1.533431051978802542e-02
1.649453334846593192e-02
1.534409710294286008e-02
1.624017581107758609e-02
1.627123774927157970e-02
1.469863999696935201e-02
1.600476420888078191e-02
1.559113206829676468e-02
1.725366640411087407e-02
1.796339957336925974e-02
1.599703758563229133e-02
1.549795778142535468e-02
1.590359625264430379e-02
