3.940000000000000000e+02
3.420000000000000000e+02
3.700000000000000000e+02
3.720000000000000000e+02
4.000000000000000000e+02
3.520000000000000000e+02
3.980000000000000000e+02
3.900000000000000000e+02
3.860000000000000000e+02
4.460000000000000000e+02
4.380000000000000000e+02
4.480000000000000000e+02
4.560000000000000000e+02
4.040000000000000000e+02
4.900000000000000000e+02
5.520000000000000000e+02
5.880000000000000000e+02
6.480000000000000000e+02
5.780000000000000000e+02
6.640000000000000000e+02
6.760000000000000000e+02
7.240000000000000000e+02
7.810000000000000000e+02
8.160000000000000000e+02
9.760000000000000000e+02
1.028000000000000000e+03
1.040000000000000000e+03
1.148000000000000000e+03
1.162000000000000000e+03
1.282000000000000000e+03
1.406000000000000000e+03
1.518000000000000000e+03
1.564000000000000000e+03
1.532000000000000000e+03
1.764000000000000000e+03
1.872000000000000000e+03
2.002000000000000000e+03
2.060000000000000000e+03
1.802000000000000000e+03
1.886000000000000000e+03
2.094000000000000000e+03
2.302000000000000000e+03
1.292000000000000000e+03
8.040000000000000000e+02
7.020000000000000000e+02
6.640000000000000000e+02
6.080000000000000000e+02
5.620000000000000000e+02
5.980000000000000000e+02
5.080000000000000000e+02
5.660000000000000000e+02
5.540000000000000000e+02
5.300000000000000000e+02
5.120000000000000000e+02
4.860000000000000000e+02
4.900000000000000000e+02
5.540000000000000000e+02
5.600000000000000000e+02
5.100000000000000000e+02
5.060000000000000000e+02
5.220000000000000000e+02
4.800000000000000000e+02
4.620000000000000000e+02
5.020000000000000000e+02
5.580000000000000000e+02
4.440000000000000000e+02
5.360000000000000000e+02
5.360000000000000000e+02
4.860000000000000000e+02
5.660000000000000000e+02
5.200000000000000000e+02
5.060000000000000000e+02
5.560000000000000000e+02
4.620000000000000000e+02
5.060000000000000000e+02
4.140000000000000000e+02
4.960000000000000000e+02
4.320000000000000000e+02
4.660000000000000000e+02
4.640000000000000000e+02
4.880000000000000000e+02
4.840000000000000000e+02
5.180000000000000000e+02
4.620000000000000000e+02
4.360000000000000000e+02
4.400000000000000000e+02
4.800000000000000000e+02
3.980000000000000000e+02
4.220000000000000000e+02
4.420000000000000000e+02
3.500000000000000000e+02
3.880000000000000000e+02
3.840000000000000000e+02
4.040000000000000000e+02
4.500000000000000000e+02
4.820000000000000000e+02
4.880000000000000000e+02
5.560000000000000000e+02
5.380000000000000000e+02
5.940000000000000000e+02
6.000000000000000000e+02
7.700000000000000000e+02
6.900000000000000000e+02
7.840000000000000000e+02
7.680000000000000000e+02
8.340000000000000000e+02
9.540000000000000000e+02
9.700000000000000000e+02
9.560000000000000000e+02
9.740000000000000000e+02
9.300000000000000000e+02
1.028000000000000000e+03
1.048000000000000000e+03
1.026000000000000000e+03
1.072000000000000000e+03
1.042000000000000000e+03
1.052000000000000000e+03
9.660000000000000000e+02
8.600000000000000000e+02
7.800000000000000000e+02
7.280000000000000000e+02
6.260000000000000000e+02
5.860000000000000000e+02
5.640000000000000000e+02
5.260000000000000000e+02
4.980000000000000000e+02
4.740000000000000000e+02
3.920000000000000000e+02
4.040000000000000000e+02
3.780000000000000000e+02
3.780000000000000000e+02
3.940000000000000000e+02
3.900000000000000000e+02
4.060000000000000000e+02
4.360000000000000000e+02
4.120000000000000000e+02
3.540000000000000000e+02
3.220000000000000000e+02
3.960000000000000000e+02
3.620000000000000000e+02
3.780000000000000000e+02
3.780000000000000000e+02
4.280000000000000000e+02
3.620000000000000000e+02
3.500000000000000000e+02
3.980000000000000000e+02
3.680000000000000000e+02
3.880000000000000000e+02
4.100000000000000000e+02
4.100000000000000000e+02
3.960000000000000000e+02
3.940000000000000000e+02
3.920000000000000000e+02
