2.459300000000000000e+04
2.657900000000000000e+04
2.768600000000000000e+04
2.775100000000000000e+04
2.805700000000000000e+04
2.734700000000000000e+04
2.755300000000000000e+04
2.753100000000000000e+04
2.797500000000000000e+04
2.782700000000000000e+04
2.791700000000000000e+04
2.750300000000000000e+04
2.679100000000000000e+04
2.768500000000000000e+04
2.745300000000000000e+04
2.797100000000000000e+04
2.756100000000000000e+04
2.732600000000000000e+04
2.716100000000000000e+04
2.790900000000000000e+04
2.808700000000000000e+04
2.719500000000000000e+04
2.697400000000000000e+04
2.765500000000000000e+04
2.798700000000000000e+04
2.831100000000000000e+04
2.765200000000000000e+04
2.747500000000000000e+04
2.809500000000000000e+04
2.730900000000000000e+04
2.776900000000000000e+04
2.789100000000000000e+04
2.719400000000000000e+04
2.808100000000000000e+04
2.706500000000000000e+04
2.729700000000000000e+04
2.730900000000000000e+04
2.740300000000000000e+04
2.762100000000000000e+04
2.769300000000000000e+04
2.745100000000000000e+04
2.696300000000000000e+04
2.768300000000000000e+04
2.746700000000000000e+04
2.726900000000000000e+04
2.752500000000000000e+04
2.719500000000000000e+04
2.729500000000000000e+04
2.738100000000000000e+04
2.716300000000000000e+04
2.779900000000000000e+04
2.741700000000000000e+04
2.736300000000000000e+04
2.748500000000000000e+04
2.675900000000000000e+04
2.732400000000000000e+04
2.713300000000000000e+04
2.754700000000000000e+04
2.762100000000000000e+04
2.711900000000000000e+04
2.716900000000000000e+04
2.757500000000000000e+04
2.729500000000000000e+04
2.709500000000000000e+04
2.770100000000000000e+04
2.766900000000000000e+04
2.790500000000000000e+04
2.782300000000000000e+04
2.802500000000000000e+04
2.743300000000000000e+04
2.799300000000000000e+04
2.760700000000000000e+04
2.807300000000000000e+04
2.801900000000000000e+04
2.780900000000000000e+04
2.800500000000000000e+04
2.809300000000000000e+04
2.806300000000000000e+04
2.803700000000000000e+04
2.777700000000000000e+04
2.833100000000000000e+04
