9.677892684936523438e+00
9.583246946334838867e+00
9.674908638000488281e+00
9.681716442108154297e+00
9.632479906082153320e+00
9.536486387252807617e+00
9.594508647918701172e+00
9.606511354446411133e+00
9.587754011154174805e+00
9.652091503143310547e+00
9.681618452072143555e+00
9.656996250152587891e+00
9.555859804153442383e+00
9.575284719467163086e+00
9.739558935165405273e+00
9.606887102127075195e+00
9.625158548355102539e+00
9.610497236251831055e+00
9.577986717224121094e+00
9.637032508850097656e+00
9.621045827865600586e+00
9.600446224212646484e+00
9.640786170959472656e+00
9.637197256088256836e+00
9.654059886932373047e+00
9.693317174911499023e+00
9.637423753738403320e+00
9.697948455810546875e+00
9.543124198913574219e+00
9.712087392807006836e+00
9.633598327636718750e+00
9.571885347366333008e+00
9.562228202819824219e+00
9.626401901245117188e+00
9.630003213882446289e+00
9.586762666702270508e+00
9.595124721527099609e+00
9.698280811309814453e+00
9.605435371398925781e+00
9.607941150665283203e+00
9.574056148529052734e+00
9.635537385940551758e+00
9.688991785049438477e+00
9.601303577423095703e+00
9.604145765304565430e+00
9.679090499877929688e+00
9.580522060394287109e+00
9.772767543792724609e+00
9.586135149002075195e+00
9.631311178207397461e+00
9.593279838562011719e+00
9.633325099945068359e+00
9.624070167541503906e+00
9.604185581207275391e+00
9.667110443115234375e+00
9.687473297119140625e+00
9.640661478042602539e+00
9.656783819198608398e+00
9.597021102905273438e+00
9.633543968200683594e+00
9.754142761230468750e+00
9.612537145614624023e+00
9.573244571685791016e+00
9.639495849609375000e+00
9.680163145065307617e+00
9.574071645736694336e+00
9.582646131515502930e+00
9.620382308959960938e+00
9.670107364654541016e+00
9.633247852325439453e+00
9.634877443313598633e+00
9.572093963623046875e+00
9.676311254501342773e+00
9.586494207382202148e+00
9.653768062591552734e+00
9.633432388305664062e+00
9.627529621124267578e+00
9.594579458236694336e+00
9.676613092422485352e+00
9.674552917480468750e+00
9.500056505203247070e+00
