2.070548945940304739e-02
1.880999572500097194e-02
1.982726248591813734e-02
2.240380557793378649e-02
2.417145216379536915e-02
2.608526377262994009e-02
2.592692619314016650e-02
2.935050910212897227e-02
2.825413020445002518e-02
2.632915348255791127e-02
3.294388048266615882e-02
2.957906712172923835e-02
3.225681984797622998e-02
3.288178765775153639e-02
3.320876834765188607e-02
3.445219468958341663e-02
3.673201098093802075e-02
3.325014398157035561e-02
3.695007890381432625e-02
3.575256469147144317e-02
3.352253247495333432e-02
3.251908976940318108e-02
3.347216384547781892e-02
3.313699410982329230e-02
3.161967115541998441e-02
3.623975141327542837e-02
3.652454344320695684e-02
3.592547138234965937e-02
3.641655162120816663e-02
4.019383193719244102e-02
4.057904935597857199e-02
4.071945114036714525e-02
4.073838319541692871e-02
4.470192487385535318e-02
4.703839329533014008e-02
5.479347949994300276e-02
5.176148671759206454e-02
6.411789668608464110e-02
6.465500672688832828e-02
6.242091944327288200e-02
6.279132478138603479e-02
6.164409401290225216e-02
5.959584427446055349e-02
5.285468779835783559e-02
4.808548530721282188e-02
4.233648766769277511e-02
4.080226594197351037e-02
4.118077204325905349e-02
3.304916062643181718e-02
3.478724214051914787e-02
3.894243796694150939e-02
3.509035578765450775e-02
3.166723080973334742e-02
3.028822667318026296e-02
3.355072190598258619e-02
3.204424074845649978e-02
3.163062624142712331e-02
3.082865951045574496e-02
3.081920157117498324e-02
3.162769682593471327e-02
2.925904870191396723e-02
2.777255108568848010e-02
2.895145704649664670e-02
2.454306158009861641e-02
2.747019560939851016e-02
2.749556218604826824e-02
2.538013033039899363e-02
2.476197644225341596e-02
2.560348387581183952e-02
2.776075968754786183e-02
2.636051210393141817e-02
2.608326581008604469e-02
2.590330986737194099e-02
2.833666103517124696e-02
2.675095401457040431e-02
2.702597453171852460e-02
2.430029890144016005e-02
2.494610409608869622e-02
2.328944364106857318e-02
2.345636426353915269e-02
2.022823556352811025e-02
2.124015073655361255e-02
2.001592175594222797e-02
2.015074603907091380e-02
2.251681075888568515e-02
1.856235674294517621e-02
2.094240837696335206e-02
2.006260135007731024e-02
2.055981211257844679e-02
1.859271072387101709e-02
2.164975672311696131e-02
1.837776517300056603e-02
1.993807114266294214e-02
2.175396043356325401e-02
2.023968042609853440e-02
2.219076405096223614e-02
2.295869722741314053e-02
2.054454500324588706e-02
2.218129090410314586e-02
2.270025691169139798e-02
2.004311159853269450e-02
2.234422390294467722e-02
2.122322978969708521e-02
2.159863236459158564e-02
2.307856078347881798e-02
2.568823820002694505e-02
2.428417653390742628e-02
2.453572486145776110e-02
2.883501394550525704e-02
3.129825147101782112e-02
3.458001226241569359e-02
3.287359127710647033e-02
3.382715052678319373e-02
3.542088098088593678e-02
3.536472388931405364e-02
3.508771929824561209e-02
3.553360156156634697e-02
2.994106090373280932e-02
3.014873912520546831e-02
2.853364324930869958e-02
2.713531955409211743e-02
2.455161418891988953e-02
2.375649591685226325e-02
2.146959794018617543e-02
2.084067849727739424e-02
2.031292890474883234e-02
1.985228027668138606e-02
1.765953344900713165e-02
1.679169743848874657e-02
1.526420310735563182e-02
1.400931430085949024e-02
1.518739896996353436e-02
1.299459207096447834e-02
1.339843306460769892e-02
1.302269562271820592e-02
1.411057136247975859e-02
1.272914364114486122e-02
1.214574898785425114e-02
1.339616028661552195e-02
1.332261398874468733e-02
1.433610194561383590e-02
1.352280540912216382e-02
1.300898597586193882e-02
1.449331226149635707e-02
1.389574395383271974e-02
1.401568241221258330e-02
1.391613309152818327e-02
1.519496480578004516e-02
1.410854477187393347e-02
1.558143975558525830e-02
1.736282983665232357e-02
1.596359703106933758e-02
1.267190935857776500e-02
1.401155207751071316e-02
1.370739973639615965e-02
1.525674598656495511e-02
1.354131597650843483e-02
