2.455500000000000000e+04
2.624500000000000000e+04
2.705300000000000000e+04
2.699300000000000000e+04
2.762300000000000000e+04
2.797100000000000000e+04
2.726500000000000000e+04
2.764000000000000000e+04
2.719700000000000000e+04
2.781500000000000000e+04
2.762300000000000000e+04
2.785900000000000000e+04
2.738900000000000000e+04
2.716700000000000000e+04
2.778700000000000000e+04
2.739900000000000000e+04
2.772500000000000000e+04
2.788400000000000000e+04
2.755100000000000000e+04
2.751700000000000000e+04
2.769700000000000000e+04
2.745500000000000000e+04
2.768500000000000000e+04
2.792300000000000000e+04
2.771700000000000000e+04
2.744500000000000000e+04
2.740700000000000000e+04
2.764500000000000000e+04
2.751900000000000000e+04
2.773100000000000000e+04
2.719500000000000000e+04
2.713300000000000000e+04
2.683500000000000000e+04
2.725100000000000000e+04
2.726100000000000000e+04
2.677700000000000000e+04
2.720900000000000000e+04
2.736100000000000000e+04
2.726500000000000000e+04
2.705900000000000000e+04
2.696500000000000000e+04
2.709100000000000000e+04
2.713400000000000000e+04
2.695300000000000000e+04
2.683100000000000000e+04
2.708900000000000000e+04
2.708500000000000000e+04
2.637100000000000000e+04
2.717100000000000000e+04
2.657300000000000000e+04
2.682000000000000000e+04
2.703700000000000000e+04
2.698900000000000000e+04
2.724600000000000000e+04
2.670100000000000000e+04
2.664100000000000000e+04
2.668100000000000000e+04
2.698500000000000000e+04
2.690300000000000000e+04
2.676500000000000000e+04
2.702300000000000000e+04
2.710300000000000000e+04
2.665200000000000000e+04
2.674900000000000000e+04
2.641500000000000000e+04
2.673700000000000000e+04
2.676900000000000000e+04
2.633100000000000000e+04
2.653100000000000000e+04
2.601100000000000000e+04
2.665700000000000000e+04
2.665500000000000000e+04
2.597700000000000000e+04
2.601500000000000000e+04
2.595300000000000000e+04
2.590300000000000000e+04
2.646500000000000000e+04
2.583100000000000000e+04
2.610300000000000000e+04
2.593500000000000000e+04
2.598300000000000000e+04
2.596300000000000000e+04
2.573900000000000000e+04
2.555500000000000000e+04
2.619300000000000000e+04
2.588900000000000000e+04
2.561700000000000000e+04
2.558700000000000000e+04
2.587100000000000000e+04
2.578900000000000000e+04
2.578200000000000000e+04
2.566300000000000000e+04
2.545100000000000000e+04
2.548900000000000000e+04
2.548300000000000000e+04
2.553500000000000000e+04
2.491700000000000000e+04
2.581500000000000000e+04
2.636100000000000000e+04
2.627900000000000000e+04
2.576600000000000000e+04
2.561300000000000000e+04
2.576300000000000000e+04
2.598500000000000000e+04
2.645000000000000000e+04
2.577900000000000000e+04
2.636300000000000000e+04
2.627100000000000000e+04
2.634900000000000000e+04
2.597100000000000000e+04
2.597300000000000000e+04
2.604900000000000000e+04
2.630500000000000000e+04
2.580600000000000000e+04
2.573500000000000000e+04
2.622900000000000000e+04
2.601700000000000000e+04
2.581300000000000000e+04
2.594700000000000000e+04
2.621900000000000000e+04
2.641700000000000000e+04
2.643000000000000000e+04
2.652900000000000000e+04
2.607000000000000000e+04
2.643500000000000000e+04
2.612700000000000000e+04
2.605500000000000000e+04
2.625100000000000000e+04
2.603200000000000000e+04
2.629300000000000000e+04
2.630100000000000000e+04
2.655100000000000000e+04
2.663700000000000000e+04
2.618700000000000000e+04
2.633900000000000000e+04
2.611100000000000000e+04
2.612100000000000000e+04
2.613500000000000000e+04
2.624300000000000000e+04
2.622700000000000000e+04
2.655200000000000000e+04
2.648100000000000000e+04
2.666100000000000000e+04
2.678900000000000000e+04
2.645900000000000000e+04
2.609300000000000000e+04
2.629100000000000000e+04
2.595900000000000000e+04
2.627100000000000000e+04
2.649600000000000000e+04
2.602600000000000000e+04
2.629700000000000000e+04
2.604700000000000000e+04
2.596300000000000000e+04
2.613300000000000000e+04
2.607900000000000000e+04
2.579300000000000000e+04
