1.915457806894400317e-01
1.938312196649444319e-01
1.951513326306279217e-01
1.929850970946861421e-01
2.111026615969581743e-01
2.168939037768374822e-01
1.753369076945370253e-01
2.060098669457318121e-01
1.935820895522387952e-01
1.986496624156038893e-01
1.918002553553695422e-01
1.890430971512052638e-01
2.030844403725759750e-01
2.046673430932019200e-01
1.933774834437086143e-01
1.971074996272551005e-01
1.949490474080637914e-01
1.905035145603213298e-01
1.907284768211920667e-01
1.973550356052899413e-01
1.953252940300729545e-01
1.971090670170827786e-01
1.937831690674753637e-01
1.996166887807754586e-01
2.015734006234228826e-01
1.875825627476882529e-01
2.056195965417867422e-01
1.905476369092272970e-01
2.146892655367231562e-01
1.996183766329076847e-01
1.852557526014949330e-01
1.893456002374239444e-01
1.936054221305436862e-01
1.991329047690237608e-01
1.808056148916692141e-01
1.808526778940980073e-01
1.678422340578667182e-01
1.601061477222467944e-01
1.648974843681837998e-01
1.628080657206870674e-01
1.551109042965720386e-01
1.928841786525359592e-01
1.981382978723404131e-01
1.948449104412407207e-01
1.818709209572153818e-01
2.072249093107617901e-01
1.963658573828065412e-01
1.901334532913480369e-01
1.911956995496149891e-01
1.778767631774313407e-01
2.069700197838989508e-01
1.876918579155094358e-01
1.908408187306729620e-01
1.826866549088771441e-01
1.941079706893973356e-01
1.663482733284349646e-01
1.799615213852301387e-01
1.786973180076628365e-01
1.536384096024006052e-01
1.498192335502530614e-01
1.374981318188611690e-01
1.315286155656907596e-01
1.662329710699525509e-01
1.889104767598266399e-01
1.729490022172948949e-01
1.878118856797217628e-01
1.748407171432804774e-01
1.957204848122100771e-01
1.882889733840304169e-01
1.873185637891520150e-01
1.870395429258757958e-01
1.926014677250262042e-01
1.915685982422165867e-01
1.907627501128328629e-01
2.034690799396681737e-01
1.876316581402347194e-01
1.949656750572082431e-01
1.758831420479952390e-01
1.686325906509392736e-01
1.523070031357324217e-01
1.573033707865168496e-01
1.589885191105943896e-01
1.693704420300639890e-01
1.802018984480940056e-01
1.991197450295947857e-01
1.944652206432311015e-01
1.981470412432755623e-01
2.085683793261167984e-01
2.059090909090909027e-01
2.124553502096598878e-01
2.028309223829522501e-01
2.067606487797483683e-01
2.082514734774066900e-01
2.112352671054645581e-01
2.057975413568068068e-01
2.024567115583839061e-01
1.877158732542423825e-01
1.876936697653829034e-01
2.013878180416345531e-01
1.832579185520361864e-01
1.687788877292381029e-01
1.611993468903072657e-01
1.529285823520415977e-01
1.336859115616277349e-01
1.560931081697854994e-01
1.809075732281074655e-01
1.971914264597191546e-01
1.896371509631178121e-01
1.914417772476517121e-01
1.989255564082885730e-01
1.836201598033189997e-01
1.886449659348977959e-01
1.963988500529580961e-01
1.998516320474777452e-01
1.927155371138773721e-01
1.948780118199727185e-01
2.012262222920924437e-01
1.987886317751203502e-01
1.888676751358496220e-01
1.879864884711411332e-01
1.802562170308967537e-01
1.652318380909228168e-01
1.754595725601554301e-01
1.864432597105864509e-01
1.853584905660377313e-01
2.032801685224195076e-01
1.833383549261825840e-01
1.943457438591070507e-01
1.886792452830188815e-01
1.925247902364607133e-01
2.042199291544740392e-01
2.103505843071786230e-01
2.135629059054523493e-01
2.155172413793103314e-01
2.055988985773290478e-01
1.970131241514557208e-01
1.912786400591278690e-01
1.971572673085740524e-01
2.017693620984013780e-01
1.816796220088401081e-01
1.822745098039215694e-01
1.677517032551097687e-01
1.574059978687775974e-01
1.597377440023841355e-01
1.569553031420563571e-01
1.748139500948489578e-01
1.783709995449719310e-01
1.873557914167051086e-01
1.955073586367157279e-01
2.019667170953101387e-01
2.034414496726054400e-01
2.088566827697262429e-01
2.023492560689115205e-01
2.089271730618637302e-01
2.049364248317127879e-01
1.994197587417926298e-01
1.926101795518622983e-01
1.920149137797110550e-01
2.006423000458785744e-01
1.979639780736100196e-01
1.950251793071875461e-01
1.908688349366315373e-01
1.841085271317829397e-01
1.958339668541888290e-01
2.018391521197007432e-01
1.934099616858237503e-01
2.121623660781650766e-01
1.971873582337819453e-01
1.961084724988509387e-01
1.826790896593859792e-01
2.211039471615033891e-01
2.086682427107958981e-01
1.962402567629527861e-01
1.981414395967869002e-01
2.110334110334110280e-01
1.989708404802744413e-01
1.918560317218239997e-01
1.998497370398196749e-01
2.026792750197005388e-01
1.927278168487206456e-01
1.895515487748497541e-01
2.022198570776949922e-01
2.134349690328727900e-01
2.046338050069973491e-01
2.020417492000609605e-01
1.974590540333690525e-01
1.962305986696230575e-01
1.898830320522558179e-01
2.044856921887084344e-01
2.176680639652227855e-01
1.969059777711024417e-01
2.020050875355379194e-01
1.988932806324110736e-01
2.104848866498740534e-01
2.133209129017233363e-01
2.010497852711945199e-01
1.899669759396131474e-01
2.084453582160366858e-01
1.907652979709218710e-01
1.936293739212301968e-01
