1.840255591054313147e-02
2.184200946487076939e-02
2.196911353410887363e-02
2.230424256855974979e-02
2.432247412716949386e-02
2.449861895040230525e-02
2.541606011724436426e-02
2.626320296888381284e-02
3.037671915487343000e-02
2.932287837948215417e-02
3.337110702981516824e-02
3.779812188126203260e-02
3.430572690731086005e-02
3.862507450824557986e-02
4.011916583912611411e-02
4.227875313507703514e-02
3.928139978956392969e-02
4.076634406478372302e-02
4.843829603793549377e-02
4.668078813796411319e-02
4.290131913727639190e-02
4.426716721414046540e-02
4.372148383257290494e-02
4.495810000397156697e-02
4.509378084896347588e-02
4.758667573079537749e-02
4.862185207217925575e-02
4.925467308147329915e-02
4.739153887647375857e-02
5.376047857058522533e-02
4.733403747603958517e-02
5.418110832237759550e-02
5.787605787605787366e-02
6.187974314068885040e-02
5.818857120749022782e-02
6.682411243176274163e-02
6.616635888570193691e-02
7.044948646854375107e-02
7.269796184700418051e-02
7.327117327117327328e-02
6.990335765308071381e-02
6.450368427144013983e-02
5.464229604935433304e-02
4.884958462539718688e-02
4.157557626663598016e-02
3.822629969418959994e-02
3.670706993461553269e-02
3.391544475127377528e-02
3.271226324113721273e-02
2.970930013914482512e-02
2.881466928618205484e-02
3.011555970584802247e-02
3.145109088832197253e-02
3.146702240357829305e-02
3.227182809045420903e-02
2.959061156512645882e-02
3.044505558353023320e-02
2.913712270913247290e-02
2.910456519187888669e-02
3.036842311766783237e-02
3.117045855033872409e-02
2.851598083092399608e-02
2.666460563434710357e-02
2.941063543866385271e-02
2.720081056856708465e-02
2.485050865884911100e-02
2.628397613383769496e-02
2.294718323325811715e-02
2.488468545292453135e-02
2.364697356878599568e-02
2.560223437681834191e-02
2.465678839497530486e-02
2.747706963744439568e-02
2.943133341160815777e-02
2.496684091441054784e-02
2.699805455195140522e-02
2.575868584429105712e-02
2.422211219865178650e-02
2.106330693918945229e-02
2.188150088604669252e-02
2.235160798718299410e-02
2.170237861214861438e-02
2.239008328491187347e-02
2.165560600768424646e-02
2.132196162046908275e-02
2.238258789024813802e-02
2.037512339585390020e-02
1.600509615001791466e-02
1.921638117739712590e-02
1.803272317438109687e-02
1.872074882995319878e-02
2.006215333779158908e-02
2.102517488044895744e-02
1.841867054980518559e-02
1.764868821969846693e-02
1.759021889173733103e-02
1.756174049392395312e-02
1.772302801510033943e-02
1.918314399150910024e-02
1.810904286324952275e-02
1.723125122381045579e-02
1.970855231724796819e-02
2.235439703005867931e-02
2.283486494012809676e-02
2.829162132752992276e-02
3.011641304779689304e-02
3.134821179933961616e-02
3.544057418596163744e-02
3.429177468772095366e-02
3.934530683764087683e-02
4.208028475380660299e-02
4.342333807042476207e-02
4.729702692969468825e-02
4.825311021900711289e-02
4.840674236768692518e-02
5.174137310568195647e-02
5.345874030306684010e-02
4.901369973082640025e-02
4.553610590533913038e-02
4.865236190245282588e-02
4.025117984320761289e-02
3.190349589302012012e-02
3.006196282230661626e-02
2.799698616013007041e-02
2.389742368306141049e-02
2.413108628809403425e-02
2.234239924209529063e-02
1.940435007356157426e-02
2.007320817097650242e-02
1.670481468096213229e-02
1.383972956850268443e-02
1.553767489793491698e-02
1.283110953674184221e-02
1.421520236920039565e-02
1.497213068066235477e-02
1.389498901976442442e-02
1.596066260932650985e-02
1.525756979944946877e-02
1.367115549916090265e-02
1.360437227224472155e-02
1.396703779081368002e-02
1.398657610224669431e-02
1.478553073729986164e-02
1.379808270827483779e-02
1.514846299504451869e-02
1.529088519890096746e-02
1.381427475057559438e-02
1.537656482711427693e-02
1.377772468442639217e-02
1.577752101677357827e-02
1.363873400457298740e-02
1.460436534854953929e-02
1.633110515150302047e-02
1.558631326866095727e-02
1.558566119170363279e-02
1.486600506247739983e-02
1.650798839537449478e-02
