9.632804870605468750e+00
9.608994960784912109e+00
9.640877962112426758e+00
9.636106252670288086e+00
9.717467784881591797e+00
9.544377326965332031e+00
9.591101884841918945e+00
9.663944482803344727e+00
9.610102653503417969e+00
9.669803619384765625e+00
9.612040042877197266e+00
9.659002780914306641e+00
9.655897855758666992e+00
9.669347524642944336e+00
9.636503934860229492e+00
9.721167564392089844e+00
9.681415319442749023e+00
9.592249631881713867e+00
9.573709249496459961e+00
9.647108554840087891e+00
9.680049419403076172e+00
9.667881488800048828e+00
9.585204601287841797e+00
9.643499612808227539e+00
9.644944429397583008e+00
9.787638187408447266e+00
9.668576478958129883e+00
9.611064434051513672e+00
9.638703823089599609e+00
9.625102519989013672e+00
9.643642663955688477e+00
9.580691576004028320e+00
9.544758796691894531e+00
9.604278326034545898e+00
9.601037263870239258e+00
9.704697370529174805e+00
9.583078384399414062e+00
9.611389160156250000e+00
9.637332677841186523e+00
9.582492589950561523e+00
9.566165447235107422e+00
9.583681344985961914e+00
9.694001197814941406e+00
9.611577749252319336e+00
9.584830045700073242e+00
9.743421316146850586e+00
9.582868576049804688e+00
9.578598022460937500e+00
9.572123527526855469e+00
9.665949106216430664e+00
9.554977893829345703e+00
9.655010461807250977e+00
9.634664058685302734e+00
9.680939912796020508e+00
9.610071659088134766e+00
9.665479898452758789e+00
9.649139642715454102e+00
9.670022726058959961e+00
9.687248468399047852e+00
9.582895517349243164e+00
9.638812303543090820e+00
9.568696737289428711e+00
9.648677825927734375e+00
9.551649093627929688e+00
9.678587436676025391e+00
9.658977985382080078e+00
9.575316190719604492e+00
9.576729059219360352e+00
9.700789690017700195e+00
9.595311403274536133e+00
9.641274452209472656e+00
9.577614545822143555e+00
9.636914730072021484e+00
9.661897659301757812e+00
9.593033790588378906e+00
9.656067848205566406e+00
9.783054351806640625e+00
9.613094091415405273e+00
9.676602602005004883e+00
9.635222673416137695e+00
9.636332273483276367e+00
