2.032702035054699541e-01
1.964629407705995590e-01
1.977854420039934780e-01
2.094851448606754041e-01
1.990982867448151394e-01
2.006786926236827917e-01
1.972229271652829741e-01
1.984129833758213335e-01
2.048823335651282773e-01
1.983287307678513745e-01
2.015191331581410450e-01
2.007305870013381954e-01
1.963452427599472749e-01
1.994465806590721146e-01
2.064567556795535996e-01
1.978550163205279877e-01
2.062393564984238425e-01
1.935896979829959674e-01
1.996183343535088139e-01
1.912155694990960442e-01
1.944535310580452758e-01
1.940195972086632692e-01
1.955892340136540786e-01
1.858493641995435375e-01
1.861864012316946648e-01
1.931826414547562210e-01
1.835801791918083847e-01
1.843435261607824505e-01
1.876743596246512880e-01
1.773739995673804803e-01
1.815194772005403190e-01
1.794475217610243811e-01
1.758075551874392350e-01
1.760414045933220706e-01
1.749209694415173877e-01
1.671305164998012072e-01
1.689381135603581496e-01
1.729844776338483048e-01
1.651936715766502972e-01
1.556644880174291867e-01
1.560153817982054547e-01
1.565626001210352058e-01
1.610014028272364339e-01
1.657629188063346193e-01
1.772161039898898782e-01
1.698215251487290300e-01
1.742448788566079987e-01
1.813660118940349508e-01
1.773006355247567500e-01
1.755354930076119535e-01
1.801963816854296185e-01
1.816471949940318964e-01
1.818825946788535930e-01
1.873937074829931937e-01
1.903272804804377882e-01
1.867978032233748586e-01
1.783367881108808006e-01
1.900446030330062430e-01
1.920146082803666221e-01
1.926531187264466649e-01
1.934251035068473845e-01
1.890147105513811099e-01
1.978868511254814611e-01
1.914678033611683650e-01
1.948964105460064267e-01
1.929012890693978521e-01
1.980120417542484690e-01
2.013393976291945608e-01
1.959783068037751763e-01
2.012753375369598641e-01
2.007766021873107487e-01
1.921627997042565927e-01
1.937125855826791476e-01
2.020686446440714268e-01
1.956575992013975529e-01
1.940806797036828957e-01
1.977143261507978700e-01
2.011436740528949330e-01
1.999210649061748668e-01
1.967420750800408236e-01
2.019042185215561835e-01
