1.291720154043645742e-02
1.603687338107572663e-02
1.311106948866828936e-02
1.441781468201547463e-02
1.471373027369063044e-02
1.429518826910323483e-02
1.562910921591464247e-02
1.592835908540389880e-02
1.652398220494223982e-02
1.488889724405008039e-02
1.560975609756097560e-02
1.745360314012423322e-02
1.572078679153033134e-02
1.875679933976066166e-02
1.882053012409552750e-02
1.901528013582342788e-02
1.971265021418552518e-02
2.391821028407590394e-02
2.559834276624865790e-02
2.732547258094703349e-02
2.642382622975292944e-02
2.672423419064279618e-02
2.929228934520925615e-02
3.055211500206433256e-02
3.642891872685791177e-02
3.571428571428571230e-02
3.846873479773977450e-02
4.380156117050793690e-02
4.558125517968809187e-02
4.765645456925896722e-02
5.149408006013907191e-02
5.621670633571347608e-02
6.058113009984667646e-02
6.141654284299157690e-02
6.568229999628072413e-02
7.136725019596132369e-02
7.338092243961978622e-02
7.894442580789444441e-02
7.305831714470727156e-02
7.679976139879954311e-02
9.096051589546329252e-02
8.203168895381503234e-02
4.493633402428190426e-02
2.771016663546152503e-02
2.623048548753679349e-02
2.477081384471468625e-02
2.038911087045819359e-02
2.237372405740329154e-02
2.030835853212379152e-02
1.988625663816805458e-02
1.885878275129514517e-02
2.347926870303211622e-02
1.894437144108629054e-02
1.721739784218638547e-02
1.895344046147507192e-02
1.900112654900488335e-02
1.714307291469999509e-02
1.672577935411611108e-02
1.787634907094907966e-02
1.567076185766992646e-02
1.920542270758802614e-02
1.968820622821465527e-02
1.858610180969938810e-02
1.802415843083797140e-02
1.945334590009424949e-02
1.918538256566425584e-02
1.926090113501739004e-02
1.719392179782059521e-02
1.698148494482887641e-02
1.949229374433363721e-02
1.965156267714749869e-02
2.032596830654571571e-02
1.886722651770189954e-02
1.648495747630287361e-02
1.868665938288814263e-02
1.623036649214659732e-02
1.875118618333649484e-02
1.693448236932224363e-02
1.888716805802137869e-02
1.780194406167368015e-02
1.830970190912135920e-02
1.866735805029815995e-02
1.749508877274917606e-02
1.726757327602178663e-02
1.499999999999999944e-02
1.573349091446299419e-02
1.567032056352883618e-02
1.630211254440082358e-02
1.536098310291858678e-02
1.629845613248102898e-02
1.537547352001782629e-02
1.703319580604867670e-02
1.433797716270647851e-02
1.397765070822588537e-02
1.626262244241897040e-02
1.624854252078083289e-02
1.776001776001776000e-02
1.931290622098421478e-02
1.945962128583189968e-02
1.921272843258658991e-02
2.459960610902604816e-02
2.457802783535682420e-02
2.835715085258012913e-02
2.717411424975010176e-02
2.872209132727476799e-02
3.078906457361695742e-02
3.558586944434147942e-02
3.619132900529811042e-02
3.575586854460093694e-02
3.803878906103462521e-02
3.695064608093598379e-02
3.641572737211143385e-02
3.977547303074235180e-02
3.737347521411887169e-02
3.904075641465553498e-02
3.747125570173785031e-02
4.024008153712581304e-02
4.120972944256821174e-02
3.700545070265860714e-02
3.282349000781511345e-02
2.843170703969066446e-02
2.557752725928663998e-02
2.329463259022960739e-02
2.275023386342376122e-02
2.081778838979256654e-02
1.840879448481460776e-02
1.775838067647390883e-02
1.370119417512072856e-02
1.446963232293251196e-02
1.347821148676787983e-02
1.462563569546011279e-02
1.510231820584459657e-02
1.533350370559672868e-02
1.382471167211390441e-02
1.367308887507768730e-02
1.415955583709058337e-02
1.394370873141760961e-02
1.180158583809699444e-02
1.389658868315038660e-02
1.272142302429643893e-02
1.561157796451914138e-02
1.385300834924557342e-02
1.398178588973283433e-02
1.543312928955666886e-02
1.406922357343311572e-02
1.444532219839747209e-02
1.679860259412048820e-02
1.455930115354463032e-02
1.387179774023940097e-02
1.429901321913982538e-02
1.380692573210110310e-02
1.282195478573838754e-02
1.268343042548484602e-02
