3.240000000000000000e+02
3.260000000000000000e+02
3.300000000000000000e+02
3.570000000000000000e+02
3.560000000000000000e+02
3.040000000000000000e+02
3.480000000000000000e+02
3.860000000000000000e+02
3.640000000000000000e+02
4.220000000000000000e+02
3.900000000000000000e+02
3.900000000000000000e+02
4.040000000000000000e+02
4.060000000000000000e+02
4.420000000000000000e+02
5.040000000000000000e+02
5.540000000000000000e+02
5.040000000000000000e+02
5.560000000000000000e+02
6.000000000000000000e+02
5.680000000000000000e+02
5.680000000000000000e+02
5.500000000000000000e+02
5.700000000000000000e+02
5.700000000000000000e+02
5.960000000000000000e+02
6.340000000000000000e+02
6.860000000000000000e+02
7.740000000000000000e+02
8.420000000000000000e+02
8.780000000000000000e+02
7.880000000000000000e+02
8.020000000000000000e+02
8.100000000000000000e+02
9.300000000000000000e+02
8.600000000000000000e+02
9.060000000000000000e+02
9.480000000000000000e+02
1.004000000000000000e+03
1.030000000000000000e+03
1.008000000000000000e+03
1.096000000000000000e+03
9.360000000000000000e+02
9.800000000000000000e+02
9.400000000000000000e+02
1.110000000000000000e+03
1.012000000000000000e+03
1.106000000000000000e+03
1.242000000000000000e+03
1.280000000000000000e+03
1.264000000000000000e+03
1.127000000000000000e+03
1.024000000000000000e+03
9.760000000000000000e+02
8.120000000000000000e+02
6.720000000000000000e+02
6.620000000000000000e+02
6.200000000000000000e+02
5.480000000000000000e+02
5.160000000000000000e+02
4.900000000000000000e+02
5.180000000000000000e+02
5.300000000000000000e+02
4.840000000000000000e+02
4.460000000000000000e+02
5.620000000000000000e+02
5.400000000000000000e+02
5.460000000000000000e+02
5.120000000000000000e+02
5.120000000000000000e+02
5.420000000000000000e+02
5.320000000000000000e+02
5.220000000000000000e+02
5.340000000000000000e+02
4.340000000000000000e+02
4.200000000000000000e+02
4.460000000000000000e+02
4.720000000000000000e+02
4.200000000000000000e+02
3.980000000000000000e+02
3.660000000000000000e+02
4.380000000000000000e+02
3.520000000000000000e+02
3.980000000000000000e+02
4.240000000000000000e+02
3.920000000000000000e+02
3.460000000000000000e+02
4.140000000000000000e+02
3.760000000000000000e+02
