1.171700000000000053e+01
1.172000000000000064e+01
1.171799999999999997e+01
1.171799999999999997e+01
1.172899999999999920e+01
1.172199999999999953e+01
1.172199999999999953e+01
1.172499999999999964e+01
1.172100000000000009e+01
1.172000000000000064e+01
1.172199999999999953e+01
1.172000000000000064e+01
1.172199999999999953e+01
1.172100000000000009e+01
1.172000000000000064e+01
1.171599999999999930e+01
1.172100000000000009e+01
1.172000000000000064e+01
1.171700000000000053e+01
1.171799999999999997e+01
1.171799999999999997e+01
1.171799999999999997e+01
1.171599999999999930e+01
1.171799999999999997e+01
1.171700000000000053e+01
1.171599999999999930e+01
1.171599999999999930e+01
1.171499999999999986e+01
1.171599999999999930e+01
1.171799999999999997e+01
1.171799999999999997e+01
1.171499999999999986e+01
1.171100000000000030e+01
1.171700000000000053e+01
1.171499999999999986e+01
1.171199999999999974e+01
1.171299999999999919e+01
1.171599999999999930e+01
1.171499999999999986e+01
1.171199999999999974e+01
1.171499999999999986e+01
1.171499999999999986e+01
1.170899999999999963e+01
1.170299999999999940e+01
1.169999999999999929e+01
1.169800000000000040e+01
1.170199999999999996e+01
1.169800000000000040e+01
1.169899999999999984e+01
1.169800000000000040e+01
1.169800000000000040e+01
1.169999999999999929e+01
1.170199999999999996e+01
1.169800000000000040e+01
1.170199999999999996e+01
1.170199999999999996e+01
1.169999999999999929e+01
1.170199999999999996e+01
1.169800000000000040e+01
1.169999999999999929e+01
1.169999999999999929e+01
1.169999999999999929e+01
1.169899999999999984e+01
1.170400000000000063e+01
1.170199999999999996e+01
1.170299999999999940e+01
1.169800000000000040e+01
1.169500000000000028e+01
1.169899999999999984e+01
1.170299999999999940e+01
1.169899999999999984e+01
1.169899999999999984e+01
1.169599999999999973e+01
1.169899999999999984e+01
1.169899999999999984e+01
1.169800000000000040e+01
1.170199999999999996e+01
1.169999999999999929e+01
1.169999999999999929e+01
1.169899999999999984e+01
1.169999999999999929e+01
1.169800000000000040e+01
1.169999999999999929e+01
1.169800000000000040e+01
1.169899999999999984e+01
1.169500000000000028e+01
1.169899999999999984e+01
1.169800000000000040e+01
1.169899999999999984e+01
1.169800000000000040e+01
1.169999999999999929e+01
1.169999999999999929e+01
1.169599999999999973e+01
1.169400000000000084e+01
1.169899999999999984e+01
1.169599999999999973e+01
1.169999999999999929e+01
1.169800000000000040e+01
1.169599999999999973e+01
1.169400000000000084e+01
1.169999999999999929e+01
1.169899999999999984e+01
1.169800000000000040e+01
1.169599999999999973e+01
1.169599999999999973e+01
1.169800000000000040e+01
1.169599999999999973e+01
1.169599999999999973e+01
1.169599999999999973e+01
1.169200000000000017e+01
1.169500000000000028e+01
1.169599999999999973e+01
1.169599999999999973e+01
1.169599999999999973e+01
1.169200000000000017e+01
1.169200000000000017e+01
1.169400000000000084e+01
1.169599999999999973e+01
1.169800000000000040e+01
1.169500000000000028e+01
1.169500000000000028e+01
1.169500000000000028e+01
1.169899999999999984e+01
1.169500000000000028e+01
1.169899999999999984e+01
1.169200000000000017e+01
1.169400000000000084e+01
1.169500000000000028e+01
1.169500000000000028e+01
1.169599999999999973e+01
1.169400000000000084e+01
1.169400000000000084e+01
1.169599999999999973e+01
1.169400000000000084e+01
1.169400000000000084e+01
1.169200000000000017e+01
1.169200000000000017e+01
1.169400000000000084e+01
1.169500000000000028e+01
1.169400000000000084e+01
1.169500000000000028e+01
1.169500000000000028e+01
1.169599999999999973e+01
1.169100000000000072e+01
1.169400000000000084e+01
1.169400000000000084e+01
1.169400000000000084e+01
1.169100000000000072e+01
1.169400000000000084e+01
1.169200000000000017e+01
1.169200000000000017e+01
1.169500000000000028e+01
1.169200000000000017e+01
1.169400000000000084e+01
1.169400000000000084e+01
1.169400000000000084e+01
1.169400000000000084e+01
1.169400000000000084e+01
1.169400000000000084e+01
1.169100000000000072e+01
1.169599999999999973e+01
1.169500000000000028e+01
1.169599999999999973e+01
1.169200000000000017e+01
1.169500000000000028e+01
1.169400000000000084e+01
1.169100000000000072e+01
1.169400000000000084e+01
1.169200000000000017e+01
1.169599999999999973e+01
1.169400000000000084e+01
1.169599999999999973e+01
1.169400000000000084e+01
1.169100000000000072e+01
1.169100000000000072e+01
1.168999999999999950e+01
1.169100000000000072e+01
1.168999999999999950e+01
1.169200000000000017e+01
1.169599999999999973e+01
1.169400000000000084e+01
1.169200000000000017e+01
1.169599999999999973e+01
1.169100000000000072e+01
1.169100000000000072e+01
1.169899999999999984e+01
1.169599999999999973e+01
1.169200000000000017e+01
1.169500000000000028e+01
1.169400000000000084e+01
1.169400000000000084e+01
1.169100000000000072e+01
1.169100000000000072e+01
1.169200000000000017e+01
1.169200000000000017e+01
1.169200000000000017e+01
1.169599999999999973e+01
1.169400000000000084e+01
1.169100000000000072e+01
1.169400000000000084e+01
