2.049019179518546119e-01
2.030395136778115617e-01
2.066881711649177222e-01
1.976297118395497210e-01
2.035592881423715361e-01
1.941755372564772097e-01
2.042566584051300205e-01
1.982046110649740844e-01
2.019052136448080959e-01
1.961825207853546138e-01
1.987328322380071677e-01
1.992031872509960055e-01
1.999921386737942564e-01
2.018590178322096917e-01
2.056998300328076179e-01
1.961720615288269631e-01
1.981188236694844673e-01
1.915495201306200435e-01
1.948608995430129165e-01
1.966128710898585319e-01
1.878474823547967298e-01
1.865999757976685158e-01
1.900915670358670762e-01
1.820077808526852081e-01
1.800581603792375529e-01
1.766361438141673679e-01
1.708944193664363176e-01
1.652532297693588004e-01
1.688544866935322852e-01
1.600345341809905064e-01
1.583113456464380064e-01
1.650937761318838903e-01
1.666999162111479083e-01
1.719884177541549375e-01
1.633707953165994542e-01
1.616424321235764572e-01
1.581104821393714555e-01
1.539996869129618140e-01
1.577915583116623333e-01
1.722060407772413593e-01
1.738469538781551305e-01
1.709951552696370447e-01
1.817538618764985570e-01
1.781773438120187458e-01
1.792441792441792359e-01
1.764036567661945443e-01
1.871540636323816287e-01
1.801373278606774320e-01
1.808907200313910058e-01
1.900498684572191344e-01
1.830903334245397307e-01
1.893972289109067120e-01
1.906159490249082766e-01
1.928461568797570636e-01
1.951547247361972992e-01
1.917154112450757952e-01
2.000883924625336541e-01
1.957254451009159679e-01
2.000078914141414088e-01
1.943323011797906952e-01
1.937901072183028373e-01
1.972727629976028518e-01
2.006000857265323734e-01
1.956786965248533960e-01
1.913208130458304290e-01
1.990285511195356016e-01
1.977465902352243399e-01
1.975911080128577579e-01
1.964810533328108511e-01
1.991738788355625622e-01
1.986083264535912218e-01
1.937370822446671526e-01
1.990338923143384620e-01
1.924424034869240407e-01
1.964390072856196656e-01
2.069237753128330692e-01
2.049285630863861007e-01
2.014682212538766448e-01
2.039720456429897077e-01
2.014276241369895026e-01
2.071258164183190642e-01
