1.173300000000000054e+01
1.173000000000000043e+01
1.172400000000000020e+01
1.172000000000000064e+01
1.171599999999999930e+01
1.171799999999999997e+01
1.171400000000000041e+01
1.171299999999999919e+01
1.171299999999999919e+01
1.170899999999999963e+01
1.171000000000000085e+01
1.169299999999999962e+01
1.169200000000000017e+01
1.168699999999999939e+01
1.168500000000000050e+01
1.168699999999999939e+01
1.168699999999999939e+01
1.168500000000000050e+01
1.167999999999999972e+01
1.167999999999999972e+01
1.168299999999999983e+01
1.167900000000000027e+01
1.167999999999999972e+01
1.167699999999999960e+01
1.167900000000000027e+01
1.167999999999999972e+01
1.167600000000000016e+01
1.167900000000000027e+01
1.167600000000000016e+01
1.167500000000000071e+01
1.167699999999999960e+01
1.167500000000000071e+01
1.167399999999999949e+01
1.167099999999999937e+01
1.167600000000000016e+01
1.167099999999999937e+01
1.167099999999999937e+01
1.166999999999999993e+01
1.167099999999999937e+01
1.167099999999999937e+01
1.167099999999999937e+01
1.167399999999999949e+01
1.166699999999999982e+01
1.167200000000000060e+01
1.167200000000000060e+01
1.167500000000000071e+01
1.167200000000000060e+01
1.166999999999999993e+01
1.167099999999999937e+01
1.166799999999999926e+01
1.167200000000000060e+01
1.167399999999999949e+01
1.167200000000000060e+01
1.167099999999999937e+01
1.166999999999999993e+01
1.167399999999999949e+01
1.166999999999999993e+01
1.166999999999999993e+01
1.167099999999999937e+01
1.167200000000000060e+01
1.167500000000000071e+01
1.167099999999999937e+01
1.166699999999999982e+01
1.166999999999999993e+01
1.166600000000000037e+01
1.167200000000000060e+01
1.166600000000000037e+01
1.166600000000000037e+01
1.166600000000000037e+01
1.167200000000000060e+01
1.166999999999999993e+01
1.166600000000000037e+01
1.166699999999999982e+01
1.167200000000000060e+01
1.166900000000000048e+01
1.167200000000000060e+01
1.166900000000000048e+01
1.167099999999999937e+01
1.167099999999999937e+01
1.167300000000000004e+01
1.167399999999999949e+01
