2.877500000000000000e+04
2.863500000000000000e+04
2.936500000000000000e+04
2.895100000000000000e+04
2.972300000000000000e+04
2.971000000000000000e+04
2.950900000000000000e+04
2.909500000000000000e+04
2.886300000000000000e+04
2.911300000000000000e+04
2.894800000000000000e+04
2.972600000000000000e+04
2.904100000000000000e+04
2.968300000000000000e+04
2.954300000000000000e+04
2.933300000000000000e+04
2.897300000000000000e+04
2.967600000000000000e+04
2.924700000000000000e+04
2.948900000000000000e+04
2.941900000000000000e+04
2.940500000000000000e+04
2.934900000000000000e+04
2.943200000000000000e+04
3.009300000000000000e+04
3.007300000000000000e+04
2.967700000000000000e+04
2.968200000000000000e+04
2.948100000000000000e+04
2.975100000000000000e+04
2.961500000000000000e+04
2.998300000000000000e+04
2.934700000000000000e+04
2.929100000000000000e+04
2.945500000000000000e+04
2.955100000000000000e+04
2.966900000000000000e+04
2.992500000000000000e+04
2.991700000000000000e+04
2.976900000000000000e+04
2.966300000000000000e+04
2.966100000000000000e+04
2.971300000000000000e+04
2.944900000000000000e+04
2.982100000000000000e+04
2.984300000000000000e+04
3.004900000000000000e+04
2.938300000000000000e+04
2.908100000000000000e+04
3.011500000000000000e+04
2.978100000000000000e+04
2.968500000000000000e+04
2.982900000000000000e+04
2.976500000000000000e+04
2.923100000000000000e+04
2.950900000000000000e+04
2.927900000000000000e+04
2.957500000000000000e+04
2.973900000000000000e+04
2.937100000000000000e+04
2.958100000000000000e+04
2.995300000000000000e+04
2.988200000000000000e+04
2.941700000000000000e+04
2.960300000000000000e+04
2.964500000000000000e+04
2.975300000000000000e+04
2.940100000000000000e+04
2.933100000000000000e+04
2.980500000000000000e+04
2.979100000000000000e+04
2.920500000000000000e+04
2.927900000000000000e+04
2.946300000000000000e+04
2.997700000000000000e+04
2.943100000000000000e+04
3.027900000000000000e+04
2.933300000000000000e+04
2.929300000000000000e+04
3.013100000000000000e+04
3.029100000000000000e+04
