1.926631195743489233e-01
1.925170068027210746e-01
1.907348837209302261e-01
1.926699194371950530e-01
1.912946011582290218e-01
1.942738002159425104e-01
1.872130780427723740e-01
1.907985271692639595e-01
1.942568204973397217e-01
1.829804234918098182e-01
1.929037366615135307e-01
1.923353928964027237e-01
1.890295985442121407e-01
1.919098973094335581e-01
1.922699849170437514e-01
1.912090386997485070e-01
1.892390526751760171e-01
1.878469730730012444e-01
1.863668515691895289e-01
1.921756517146414045e-01
1.778562572791824725e-01
1.763675006525224631e-01
1.774235988422358246e-01
1.692965527680024285e-01
1.655162120816387472e-01
1.645725364453226869e-01
1.582903298182634089e-01
1.526819004023773352e-01
1.574126004860721684e-01
1.543040120550009386e-01
1.588707235846200383e-01
1.509065655617703450e-01
1.434132957621148674e-01
1.477865805579544056e-01
1.469780736394749598e-01
1.450906120023767176e-01
1.357387669014349652e-01
1.319681878995094260e-01
1.496036367734906170e-01
1.508261387317653968e-01
1.528581562931710380e-01
1.636152607735220366e-01
1.725968598215294192e-01
1.680437653272967291e-01
1.736649001222992372e-01
1.798322460391425792e-01
1.822706534444402671e-01
1.786137002515164884e-01
1.753796783462069353e-01
1.801668211306765577e-01
1.830153892463408094e-01
1.839659907452691756e-01
1.909600692484287321e-01
1.875443113549012941e-01
1.882896649398084210e-01
1.899098694790380959e-01
1.862405482921741795e-01
1.843225830340282090e-01
1.854775354457371683e-01
1.872226158952746689e-01
1.908864708285364087e-01
1.950863809737491683e-01
1.849612345587416939e-01
1.960413276312303610e-01
1.898823442081431223e-01
1.917208093558566973e-01
1.825458588104502400e-01
1.911099381692052401e-01
1.941963458473854043e-01
1.924733196030705973e-01
1.868241372947038181e-01
1.945247662323031368e-01
1.959601259181532051e-01
1.899600044854782566e-01
1.931421353740991054e-01
1.897142440589007217e-01
1.882781432341026628e-01
1.937724098886582369e-01
1.954397394136807853e-01
1.910324178464495593e-01
1.859243314239848177e-01
