4.754000000000000000e+03
4.828000000000000000e+03
4.940000000000000000e+03
4.901000000000000000e+03
4.978000000000000000e+03
4.948000000000000000e+03
5.084000000000000000e+03
4.946000000000000000e+03
4.850000000000000000e+03
4.877000000000000000e+03
4.818000000000000000e+03
4.878000000000000000e+03
4.739000000000000000e+03
4.922000000000000000e+03
4.742000000000000000e+03
4.846000000000000000e+03
4.790000000000000000e+03
4.788000000000000000e+03
4.598000000000000000e+03
4.566000000000000000e+03
4.606000000000000000e+03
4.558000000000000000e+03
4.828000000000000000e+03
4.548000000000000000e+03
4.694000000000000000e+03
4.526000000000000000e+03
4.482000000000000000e+03
4.660000000000000000e+03
4.508000000000000000e+03
4.482000000000000000e+03
4.452000000000000000e+03
4.442000000000000000e+03
4.404000000000000000e+03
4.320000000000000000e+03
4.444000000000000000e+03
4.100000000000000000e+03
4.110000000000000000e+03
3.898000000000000000e+03
3.816000000000000000e+03
3.810000000000000000e+03
3.804000000000000000e+03
3.879000000000000000e+03
3.948000000000000000e+03
4.320000000000000000e+03
4.208000000000000000e+03
4.042000000000000000e+03
4.214000000000000000e+03
4.052000000000000000e+03
4.010000000000000000e+03
3.949000000000000000e+03
3.988000000000000000e+03
3.912000000000000000e+03
4.050000000000000000e+03
4.372000000000000000e+03
4.295000000000000000e+03
4.563000000000000000e+03
4.579000000000000000e+03
4.642000000000000000e+03
4.761000000000000000e+03
4.846000000000000000e+03
4.720000000000000000e+03
4.840000000000000000e+03
4.900000000000000000e+03
4.812000000000000000e+03
4.894000000000000000e+03
4.802000000000000000e+03
4.865000000000000000e+03
4.906000000000000000e+03
4.832000000000000000e+03
4.780000000000000000e+03
4.922000000000000000e+03
4.756000000000000000e+03
4.988000000000000000e+03
4.900000000000000000e+03
4.788000000000000000e+03
4.924000000000000000e+03
4.986000000000000000e+03
4.874000000000000000e+03
4.890000000000000000e+03
4.892000000000000000e+03
4.820000000000000000e+03
4.912000000000000000e+03
4.984000000000000000e+03
4.754000000000000000e+03
4.958000000000000000e+03
4.884000000000000000e+03
5.032000000000000000e+03
4.830000000000000000e+03
4.912000000000000000e+03
