1.237230881933987225e-02
1.364327290253216154e-02
1.295975847722837838e-02
1.359609473874525375e-02
1.358676013586760170e-02
1.113545745177628443e-02
1.297543934695041465e-02
1.261603526755313356e-02
1.274392672242134587e-02
1.448173491184243794e-02
1.393878430809024349e-02
1.356568171158494852e-02
1.248872044757264044e-02
1.394256817771356328e-02
1.202964448104256942e-02
1.390332174723187680e-02
1.376526972001008986e-02
1.239007369957631673e-02
1.448080576364744326e-02
1.263666051398551829e-02
1.305045462649313641e-02
1.640110779412293565e-02
1.682073590719593975e-02
2.073348244399474474e-02
2.128822950461123353e-02
2.217374199778262417e-02
2.503418533712001640e-02
2.639881060303876301e-02
2.878868258178602854e-02
2.763360418083544989e-02
2.935739915189735857e-02
3.115574323125510151e-02
3.042531157375995277e-02
3.392231153287773165e-02
3.256888888888889028e-02
3.630646083476272296e-02
4.100081859273232293e-02
4.789127386473950726e-02
5.001962253380427131e-02
4.946920684848268163e-02
5.028514041820594804e-02
4.342404459766742442e-02
3.491959780754292503e-02
3.476154859849699130e-02
3.330262878197406962e-02
2.808333038588052208e-02
3.263674359440305039e-02
2.754623832862304611e-02
2.727961606466279207e-02
2.401809434910605334e-02
2.173913043478260809e-02
2.153992187214778462e-02
2.120450322439610888e-02
1.878441109791644317e-02
1.966060345136870849e-02
1.814609751741382351e-02
1.903032504085708926e-02
1.634681165160407554e-02
1.615450890292935079e-02
1.437969586943236081e-02
1.559218254957103755e-02
1.370505283658527730e-02
1.400761439551756297e-02
1.451062903576870108e-02
1.627192189477490517e-02
1.334713250776203494e-02
1.437424370210113253e-02
1.373496602594382471e-02
1.354222942553574664e-02
1.319989956598156301e-02
1.353552169664507324e-02
1.336319248136862668e-02
1.262170934006491205e-02
1.408246225319396104e-02
1.363257314818171889e-02
1.235683058134913470e-02
1.247982786444324851e-02
1.344173441734417343e-02
1.306140318873362689e-02
1.141329866002094816e-02
1.323082424459145340e-02
