4.610000000000000000e+03
4.734000000000000000e+03
4.970000000000000000e+03
4.830000000000000000e+03
5.000000000000000000e+03
4.804000000000000000e+03
4.908000000000000000e+03
4.712000000000000000e+03
4.794000000000000000e+03
4.832000000000000000e+03
4.612000000000000000e+03
4.854000000000000000e+03
4.546000000000000000e+03
4.676000000000000000e+03
4.591000000000000000e+03
4.424000000000000000e+03
4.658000000000000000e+03
4.546000000000000000e+03
4.484000000000000000e+03
4.396000000000000000e+03
4.466000000000000000e+03
4.654000000000000000e+03
4.481000000000000000e+03
4.446000000000000000e+03
4.412000000000000000e+03
4.386000000000000000e+03
4.428000000000000000e+03
4.358000000000000000e+03
4.254000000000000000e+03
4.378000000000000000e+03
4.314000000000000000e+03
4.271000000000000000e+03
4.258000000000000000e+03
4.130000000000000000e+03
4.122000000000000000e+03
3.854000000000000000e+03
3.894000000000000000e+03
3.878000000000000000e+03
3.756000000000000000e+03
3.726000000000000000e+03
3.610000000000000000e+03
3.680000000000000000e+03
3.938000000000000000e+03
4.140000000000000000e+03
4.434000000000000000e+03
4.202000000000000000e+03
4.391000000000000000e+03
4.396000000000000000e+03
4.596000000000000000e+03
4.674000000000000000e+03
4.654000000000000000e+03
4.520000000000000000e+03
4.566000000000000000e+03
4.499000000000000000e+03
4.450000000000000000e+03
4.386000000000000000e+03
4.446000000000000000e+03
4.608000000000000000e+03
4.504000000000000000e+03
4.742000000000000000e+03
4.826000000000000000e+03
4.783000000000000000e+03
4.510000000000000000e+03
4.695000000000000000e+03
4.742000000000000000e+03
4.690000000000000000e+03
4.526000000000000000e+03
4.792000000000000000e+03
4.692000000000000000e+03
4.752000000000000000e+03
4.630000000000000000e+03
4.810000000000000000e+03
4.668000000000000000e+03
4.757000000000000000e+03
4.698000000000000000e+03
4.850000000000000000e+03
4.764000000000000000e+03
4.678000000000000000e+03
4.680000000000000000e+03
4.824000000000000000e+03
4.900000000000000000e+03
4.716000000000000000e+03
4.733000000000000000e+03
4.718000000000000000e+03
4.618000000000000000e+03
4.850000000000000000e+03
4.653000000000000000e+03
4.882000000000000000e+03
4.754000000000000000e+03
4.720000000000000000e+03
4.836000000000000000e+03
4.844000000000000000e+03
4.794000000000000000e+03
4.933000000000000000e+03
4.940000000000000000e+03
4.792000000000000000e+03
4.932000000000000000e+03
4.900000000000000000e+03
4.944000000000000000e+03
4.944000000000000000e+03
4.940000000000000000e+03
4.802000000000000000e+03
4.866000000000000000e+03
4.888000000000000000e+03
4.744000000000000000e+03
4.630000000000000000e+03
4.540000000000000000e+03
4.602000000000000000e+03
4.304000000000000000e+03
4.448000000000000000e+03
4.398000000000000000e+03
4.264000000000000000e+03
4.119000000000000000e+03
4.124000000000000000e+03
4.070000000000000000e+03
4.010000000000000000e+03
4.059000000000000000e+03
4.170000000000000000e+03
4.286000000000000000e+03
4.264000000000000000e+03
4.312000000000000000e+03
4.508000000000000000e+03
4.444000000000000000e+03
4.546000000000000000e+03
4.706000000000000000e+03
4.680000000000000000e+03
4.691000000000000000e+03
4.976000000000000000e+03
4.940000000000000000e+03
4.904000000000000000e+03
4.970000000000000000e+03
5.059000000000000000e+03
5.070000000000000000e+03
5.030000000000000000e+03
5.015000000000000000e+03
4.985000000000000000e+03
4.976000000000000000e+03
5.186000000000000000e+03
5.075000000000000000e+03
4.930000000000000000e+03
5.162000000000000000e+03
4.922000000000000000e+03
4.976000000000000000e+03
4.902000000000000000e+03
5.108000000000000000e+03
5.231000000000000000e+03
4.952000000000000000e+03
4.914000000000000000e+03
5.052000000000000000e+03
5.032000000000000000e+03
5.046000000000000000e+03
4.906000000000000000e+03
4.982000000000000000e+03
5.004000000000000000e+03
5.028000000000000000e+03
4.954000000000000000e+03
5.168000000000000000e+03
