4.622000000000000000e+03
4.975000000000000000e+03
5.070000000000000000e+03
5.106000000000000000e+03
5.089000000000000000e+03
4.962000000000000000e+03
5.102000000000000000e+03
4.912000000000000000e+03
4.884000000000000000e+03
4.946000000000000000e+03
4.926000000000000000e+03
5.126000000000000000e+03
5.088000000000000000e+03
4.824000000000000000e+03
5.062000000000000000e+03
4.954000000000000000e+03
4.880000000000000000e+03
4.878000000000000000e+03
4.782000000000000000e+03
4.724000000000000000e+03
4.856000000000000000e+03
4.756000000000000000e+03
4.591000000000000000e+03
4.499000000000000000e+03
4.522000000000000000e+03
4.426000000000000000e+03
4.564000000000000000e+03
4.556000000000000000e+03
4.152000000000000000e+03
4.282000000000000000e+03
4.248000000000000000e+03
4.062000000000000000e+03
4.028000000000000000e+03
3.992000000000000000e+03
3.804000000000000000e+03
3.704000000000000000e+03
3.790000000000000000e+03
3.510000000000000000e+03
3.193000000000000000e+03
2.442000000000000000e+03
2.994000000000000000e+03
4.219000000000000000e+03
4.400000000000000000e+03
4.509000000000000000e+03
4.576000000000000000e+03
4.632000000000000000e+03
4.811000000000000000e+03
4.836000000000000000e+03
4.916000000000000000e+03
4.740000000000000000e+03
5.110000000000000000e+03
4.780000000000000000e+03
4.795000000000000000e+03
5.002000000000000000e+03
4.994000000000000000e+03
4.882000000000000000e+03
4.818000000000000000e+03
5.142000000000000000e+03
4.990000000000000000e+03
5.091000000000000000e+03
5.014000000000000000e+03
5.064000000000000000e+03
4.958000000000000000e+03
5.128000000000000000e+03
4.946000000000000000e+03
5.060000000000000000e+03
5.131000000000000000e+03
5.020000000000000000e+03
4.872000000000000000e+03
4.995000000000000000e+03
5.120000000000000000e+03
4.976000000000000000e+03
5.108000000000000000e+03
4.928000000000000000e+03
4.884000000000000000e+03
5.182000000000000000e+03
4.846000000000000000e+03
4.930000000000000000e+03
5.070000000000000000e+03
4.932000000000000000e+03
4.978000000000000000e+03
5.002000000000000000e+03
5.024000000000000000e+03
4.934000000000000000e+03
4.996000000000000000e+03
4.888000000000000000e+03
5.006000000000000000e+03
5.028000000000000000e+03
5.110000000000000000e+03
5.354000000000000000e+03
5.022000000000000000e+03
5.061000000000000000e+03
4.880000000000000000e+03
5.224000000000000000e+03
4.926000000000000000e+03
5.098000000000000000e+03
4.922000000000000000e+03
4.812000000000000000e+03
4.582000000000000000e+03
4.700000000000000000e+03
4.572000000000000000e+03
4.764000000000000000e+03
4.685000000000000000e+03
4.616000000000000000e+03
4.626000000000000000e+03
4.524000000000000000e+03
4.832000000000000000e+03
4.748000000000000000e+03
4.572000000000000000e+03
4.728000000000000000e+03
4.696000000000000000e+03
4.662000000000000000e+03
4.792000000000000000e+03
4.856000000000000000e+03
5.020000000000000000e+03
4.822000000000000000e+03
4.782000000000000000e+03
5.118000000000000000e+03
5.021000000000000000e+03
5.090000000000000000e+03
4.936000000000000000e+03
4.998000000000000000e+03
4.866000000000000000e+03
4.852000000000000000e+03
5.040000000000000000e+03
4.990000000000000000e+03
5.032000000000000000e+03
5.088000000000000000e+03
4.820000000000000000e+03
5.078000000000000000e+03
5.056000000000000000e+03
5.110000000000000000e+03
4.956000000000000000e+03
5.060000000000000000e+03
4.986000000000000000e+03
4.908000000000000000e+03
4.988000000000000000e+03
5.071000000000000000e+03
5.193000000000000000e+03
4.826000000000000000e+03
4.875000000000000000e+03
4.840000000000000000e+03
5.108000000000000000e+03
4.806000000000000000e+03
5.052000000000000000e+03
5.094000000000000000e+03
4.798000000000000000e+03
4.976000000000000000e+03
5.019000000000000000e+03
