1.223295032548385626e-02
1.256332320162107351e-02
1.314768690539381765e-02
1.197035157953149111e-02
1.375724855028994179e-02
1.213094998995782256e-02
1.361186514024942049e-02
1.257563174753826077e-02
1.525752006008142606e-02
1.334946719231820157e-02
1.298650190862224961e-02
1.333280738432409025e-02
1.375732086002908611e-02
1.499980053456735976e-02
1.581090161666469027e-02
1.714352812243140692e-02
1.698614914473945206e-02
1.807972601648679886e-02
1.940190812154253194e-02
2.223550508069336434e-02
2.547218169630535017e-02
2.831672784478237934e-02
2.958934783477948013e-02
3.369028997713872930e-02
3.640999083774847794e-02
4.090855036270662354e-02
4.346262932928534467e-02
4.822858048664500213e-02
4.484698559629732989e-02
4.846558354917196443e-02
5.064387823415902184e-02
4.730617608409987129e-02
5.147029485696046069e-02
4.720161834120027017e-02
5.270783568939186453e-02
5.288253142609449647e-02
5.145422603943002049e-02
5.612085159674389673e-02
5.625125025005001111e-02
5.075210469616565911e-02
4.456178247129885528e-02
3.895639742673338152e-02
3.545458118784639012e-02
3.342065571167738419e-02
3.159003159003159061e-02
2.715109663750147131e-02
2.731652928761995822e-02
2.539414630403927925e-02
2.581910927996861060e-02
2.497349511132053099e-02
2.259312824922800333e-02
2.321083172147002036e-02
2.085344661131492694e-02
1.877193674330559711e-02
1.778445243646998436e-02
1.886116748239226315e-02
1.864277391618787347e-02
1.673341528212855464e-02
1.665088383838383979e-02
1.567828166033002901e-02
1.514607995535892197e-02
1.351829292254489757e-02
1.332657912169270958e-02
1.558502892675823516e-02
1.437514491073498685e-02
1.492714133396516943e-02
1.478553073729986164e-02
1.339994578056620533e-02
1.363689799757043797e-02
1.298190401258851254e-02
1.478161732908754925e-02
1.583278087587255620e-02
1.256725444762989488e-02
1.346513075965130764e-02
1.231152842170880890e-02
1.271069356175739094e-02
1.183478023903141753e-02
1.303340792211360975e-02
1.192403363998894433e-02
1.310605765105121549e-02
1.282803394735812855e-02
