9.685148954391479492e+00
9.643120765686035156e+00
9.685561656951904297e+00
9.650239229202270508e+00
9.675407409667968750e+00
9.618326902389526367e+00
9.661423921585083008e+00
9.675235509872436523e+00
9.613260269165039062e+00
9.612602710723876953e+00
9.757127046585083008e+00
9.608499526977539062e+00
9.647519350051879883e+00
9.735929250717163086e+00
9.542830944061279297e+00
9.639260292053222656e+00
9.601847410202026367e+00
9.638187408447265625e+00
9.634744405746459961e+00
9.661318063735961914e+00
9.586052179336547852e+00
9.653527259826660156e+00
9.596249818801879883e+00
9.729725837707519531e+00
9.605049133300781250e+00
9.563801765441894531e+00
9.663439750671386719e+00
9.576828718185424805e+00
9.654344558715820312e+00
9.647473096847534180e+00
9.572336673736572266e+00
9.596399545669555664e+00
9.602408170700073242e+00
9.833073377609252930e+00
9.711825370788574219e+00
9.523065328598022461e+00
9.693419694900512695e+00
9.648622035980224609e+00
9.705500125885009766e+00
9.704715013504028320e+00
9.568863153457641602e+00
9.586750268936157227e+00
9.594252109527587891e+00
9.633171558380126953e+00
9.625084161758422852e+00
9.681853294372558594e+00
9.610644578933715820e+00
9.672558307647705078e+00
9.645710706710815430e+00
9.676040887832641602e+00
9.609344482421875000e+00
9.604112863540649414e+00
9.615355253219604492e+00
9.690247774124145508e+00
9.625542879104614258e+00
9.637670516967773438e+00
9.606173276901245117e+00
9.718093633651733398e+00
9.596770286560058594e+00
9.728343248367309570e+00
9.681698799133300781e+00
9.609421730041503906e+00
9.673502445220947266e+00
9.639709234237670898e+00
9.665639877319335938e+00
9.625170946121215820e+00
9.608692646026611328e+00
9.659925937652587891e+00
9.798719882965087891e+00
9.659723520278930664e+00
9.646797418594360352e+00
9.703470706939697266e+00
9.711563348770141602e+00
9.624059438705444336e+00
9.823376893997192383e+00
9.629559278488159180e+00
9.657235383987426758e+00
9.775317668914794922e+00
9.619434833526611328e+00
9.647001504898071289e+00
9.763232469558715820e+00
9.608603477478027344e+00
9.626781463623046875e+00
9.633076429367065430e+00
9.632854223251342773e+00
