1.884040404040404071e-01
1.931082065238222956e-01
1.883455924387362201e-01
1.912886617309932646e-01
1.893639824088103885e-01
1.817366276679250880e-01
1.803507448613992092e-01
1.900860303154444930e-01
1.834924708457561227e-01
1.779777620765311819e-01
1.755321117897464256e-01
1.742948084732740544e-01
1.737346611465443169e-01
1.719837694970777764e-01
1.714605484051482942e-01
1.731824801165005034e-01
1.699302018487078014e-01
1.687210222775076263e-01
1.696572997780536329e-01
1.710432128998229384e-01
1.574229066696425372e-01
1.606484893146646886e-01
1.575000923429246968e-01
1.590782795539584238e-01
1.635768811341330453e-01
1.588072887907233666e-01
1.642176107683679109e-01
1.549763209904165273e-01
1.582574724505214914e-01
1.534988713318284348e-01
1.561646909240492209e-01
1.461380978968918609e-01
1.536686148233629978e-01
1.497039858214864738e-01
1.432221275965490370e-01
1.398153936674879638e-01
1.336856600543377127e-01
1.371216104559453142e-01
1.333581672564723430e-01
1.307625942458456869e-01
1.271994273011567145e-01
1.391206735266604377e-01
1.540725091485267984e-01
1.635510510510510551e-01
1.712091271764661915e-01
1.745527878403107247e-01
1.730376314127567983e-01
1.793065289561047715e-01
1.737571433907294793e-01
1.799004241194910592e-01
1.692484861993387435e-01
1.826717241897322375e-01
1.821046707934721454e-01
1.838329683606433618e-01
1.869798198609052553e-01
1.912141779788838480e-01
1.847464593998729421e-01
1.836089946106671533e-01
1.846495283891252115e-01
1.850398115958281908e-01
1.805654371840479389e-01
1.793994964488369592e-01
1.788371146230430531e-01
1.897892482813028359e-01
1.861033782258671165e-01
1.884269117262505067e-01
1.867395455055969322e-01
1.919150673744385582e-01
1.830563677412191392e-01
1.820440429136081228e-01
1.859390471999119721e-01
1.810967621186599374e-01
1.802762656001185015e-01
1.847619756578702532e-01
1.821797036203338938e-01
1.770272777880868564e-01
1.886478094588965870e-01
1.868522467916339247e-01
1.905649822860339404e-01
1.870104560956414308e-01
1.902122328106609916e-01
1.879881900063534728e-01
1.893358278765201186e-01
1.922138378946578186e-01
1.845911122797791182e-01
1.875256616027770606e-01
1.927443511704448886e-01
1.883977491485265832e-01
1.837704434949167520e-01
1.876712829319983900e-01
1.818384401114206128e-01
1.785489192896600186e-01
1.869207578069750908e-01
1.900248083830118062e-01
1.816363569021074986e-01
1.915327817149641842e-01
1.931210000374265490e-01
1.864930232558139611e-01
1.855747841496060146e-01
1.868613138686131270e-01
1.904655576643965731e-01
1.843162043578493448e-01
1.875961430232994387e-01
1.795531684756256630e-01
1.844906981027813475e-01
1.812375549460870927e-01
1.788757022210647751e-01
1.753175355450236894e-01
1.721047104710471121e-01
1.578809923521730940e-01
1.650492740540134007e-01
1.588268052719510048e-01
1.595057462630511402e-01
1.500774959361887151e-01
1.492192449595647064e-01
1.423857386686895599e-01
1.410183822141697907e-01
1.426100037608123428e-01
1.432324386065105537e-01
1.486652977412731003e-01
1.480331654866921531e-01
1.591522011623048571e-01
1.640528037910413961e-01
1.696199668225003843e-01
1.726581339269152304e-01
1.782925063811954813e-01
1.766732101188932813e-01
1.853407499905399825e-01
1.914183998501030604e-01
1.772114277222573142e-01
1.819612545434106388e-01
1.927928606393794486e-01
1.940052454102660084e-01
1.908062078372101678e-01
1.982139464183925448e-01
1.864514918371176500e-01
1.867305317516745888e-01
1.896583770120069956e-01
1.959493089321949488e-01
1.957523317226654569e-01
1.866621983914209248e-01
1.923379395573530937e-01
1.943094026757113124e-01
1.991565669997340526e-01
1.880766238097002496e-01
1.781318969064452085e-01
1.813913626709393878e-01
1.929147141518275654e-01
1.873434754980749795e-01
1.939721502833764988e-01
1.927791646484593446e-01
1.850612334963774863e-01
1.938608255103561329e-01
1.928542277297518037e-01
1.938855500391951925e-01
1.915044644524974693e-01
1.887527631036678977e-01
