5.004000000000000000e+03
5.234000000000000000e+03
5.285000000000000000e+03
5.194000000000000000e+03
5.288000000000000000e+03
5.078000000000000000e+03
5.098000000000000000e+03
5.128000000000000000e+03
5.268000000000000000e+03
5.112000000000000000e+03
5.016000000000000000e+03
5.056000000000000000e+03
4.916000000000000000e+03
5.000000000000000000e+03
4.806000000000000000e+03
4.898000000000000000e+03
4.894000000000000000e+03
4.716000000000000000e+03
4.958000000000000000e+03
4.811000000000000000e+03
4.782000000000000000e+03
4.900000000000000000e+03
4.916000000000000000e+03
4.870000000000000000e+03
4.929000000000000000e+03
4.802000000000000000e+03
4.906000000000000000e+03
4.874000000000000000e+03
4.868000000000000000e+03
4.662000000000000000e+03
4.670000000000000000e+03
4.524000000000000000e+03
4.514000000000000000e+03
4.392000000000000000e+03
4.330000000000000000e+03
4.292000000000000000e+03
4.134000000000000000e+03
4.206000000000000000e+03
4.076000000000000000e+03
3.982000000000000000e+03
4.016000000000000000e+03
4.064000000000000000e+03
4.122000000000000000e+03
4.296000000000000000e+03
4.406000000000000000e+03
4.400000000000000000e+03
4.617000000000000000e+03
4.630000000000000000e+03
4.468000000000000000e+03
4.751000000000000000e+03
4.642000000000000000e+03
4.734000000000000000e+03
4.898000000000000000e+03
4.920000000000000000e+03
4.718000000000000000e+03
4.662000000000000000e+03
4.754000000000000000e+03
4.572000000000000000e+03
5.132000000000000000e+03
4.888000000000000000e+03
4.916000000000000000e+03
4.748000000000000000e+03
4.974000000000000000e+03
4.894000000000000000e+03
4.630000000000000000e+03
4.892000000000000000e+03
5.042000000000000000e+03
4.916000000000000000e+03
4.802000000000000000e+03
4.968000000000000000e+03
5.028000000000000000e+03
4.754000000000000000e+03
4.804000000000000000e+03
4.921000000000000000e+03
4.828000000000000000e+03
4.712000000000000000e+03
4.844000000000000000e+03
4.977000000000000000e+03
4.835000000000000000e+03
5.132000000000000000e+03
4.962000000000000000e+03
5.026000000000000000e+03
4.924000000000000000e+03
4.949000000000000000e+03
4.912000000000000000e+03
4.932000000000000000e+03
5.012000000000000000e+03
4.984000000000000000e+03
5.004000000000000000e+03
5.056000000000000000e+03
5.022000000000000000e+03
5.046000000000000000e+03
4.941000000000000000e+03
4.885000000000000000e+03
4.994000000000000000e+03
4.912000000000000000e+03
4.786000000000000000e+03
4.836000000000000000e+03
4.918000000000000000e+03
4.624000000000000000e+03
4.974000000000000000e+03
4.838000000000000000e+03
4.942000000000000000e+03
4.642000000000000000e+03
4.630000000000000000e+03
4.404000000000000000e+03
4.566000000000000000e+03
4.444000000000000000e+03
4.384000000000000000e+03
4.380000000000000000e+03
4.206000000000000000e+03
4.216000000000000000e+03
4.382000000000000000e+03
4.248000000000000000e+03
4.134000000000000000e+03
4.234000000000000000e+03
4.246000000000000000e+03
4.439000000000000000e+03
4.578000000000000000e+03
4.654000000000000000e+03
4.636000000000000000e+03
4.819000000000000000e+03
4.710000000000000000e+03
4.926000000000000000e+03
4.960000000000000000e+03
5.110000000000000000e+03
5.274000000000000000e+03
5.074000000000000000e+03
4.984000000000000000e+03
5.370000000000000000e+03
5.252000000000000000e+03
5.300000000000000000e+03
5.496000000000000000e+03
5.434000000000000000e+03
5.274000000000000000e+03
5.273000000000000000e+03
5.310000000000000000e+03
5.423000000000000000e+03
5.182000000000000000e+03
5.568000000000000000e+03
5.318000000000000000e+03
5.365000000000000000e+03
5.322000000000000000e+03
5.456000000000000000e+03
5.342000000000000000e+03
5.178000000000000000e+03
5.340000000000000000e+03
5.294000000000000000e+03
5.302000000000000000e+03
5.196000000000000000e+03
5.284000000000000000e+03
5.260000000000000000e+03
5.282000000000000000e+03
5.274000000000000000e+03
5.312000000000000000e+03
5.254000000000000000e+03
5.302000000000000000e+03
