2.565500000000000000e+04
2.646100000000000000e+04
2.649500000000000000e+04
2.707500000000000000e+04
2.684700000000000000e+04
2.691700000000000000e+04
2.672700000000000000e+04
2.693900000000000000e+04
2.708900000000000000e+04
2.711700000000000000e+04
2.707100000000000000e+04
2.764500000000000000e+04
2.746500000000000000e+04
2.758900000000000000e+04
2.692500000000000000e+04
2.716900000000000000e+04
2.709700000000000000e+04
2.712100000000000000e+04
2.719700000000000000e+04
2.677100000000000000e+04
2.697300000000000000e+04
2.708300000000000000e+04
2.693900000000000000e+04
2.709500000000000000e+04
2.674100000000000000e+04
2.739600000000000000e+04
2.777700000000000000e+04
2.720900000000000000e+04
2.701300000000000000e+04
2.670500000000000000e+04
2.731500000000000000e+04
2.722900000000000000e+04
2.726100000000000000e+04
2.680900000000000000e+04
2.688500000000000000e+04
2.771500000000000000e+04
2.725100000000000000e+04
2.785100000000000000e+04
2.749900000000000000e+04
2.738300000000000000e+04
2.753700000000000000e+04
2.706500000000000000e+04
2.738900000000000000e+04
2.697100000000000000e+04
2.724100000000000000e+04
2.774700000000000000e+04
2.719500000000000000e+04
2.784500000000000000e+04
2.736900000000000000e+04
2.749500000000000000e+04
2.769800000000000000e+04
2.749900000000000000e+04
2.719100000000000000e+04
2.756500000000000000e+04
2.771600000000000000e+04
2.673500000000000000e+04
2.794600000000000000e+04
2.725500000000000000e+04
2.774900000000000000e+04
2.751100000000000000e+04
2.745100000000000000e+04
2.669900000000000000e+04
2.715700000000000000e+04
2.679300000000000000e+04
2.728300000000000000e+04
2.718700000000000000e+04
2.755700000000000000e+04
2.720500000000000000e+04
2.688700000000000000e+04
2.696700000000000000e+04
2.679500000000000000e+04
2.749300000000000000e+04
2.765300000000000000e+04
2.691100000000000000e+04
2.753900000000000000e+04
2.696700000000000000e+04
2.753100000000000000e+04
2.748700000000000000e+04
2.686100000000000000e+04
2.707100000000000000e+04
2.693900000000000000e+04
2.653600000000000000e+04
2.703500000000000000e+04
2.723100000000000000e+04
2.724900000000000000e+04
2.710800000000000000e+04
2.725900000000000000e+04
2.754900000000000000e+04
2.749100000000000000e+04
2.725300000000000000e+04
2.756400000000000000e+04
2.772900000000000000e+04
2.795300000000000000e+04
2.756900000000000000e+04
2.793900000000000000e+04
2.768300000000000000e+04
2.820500000000000000e+04
2.785100000000000000e+04
2.715700000000000000e+04
2.727500000000000000e+04
2.728300000000000000e+04
