2.740900000000000000e+04
2.698900000000000000e+04
2.716600000000000000e+04
2.740900000000000000e+04
2.721500000000000000e+04
2.764300000000000000e+04
2.757500000000000000e+04
2.738900000000000000e+04
2.739500000000000000e+04
2.737300000000000000e+04
2.758900000000000000e+04
2.746300000000000000e+04
2.764100000000000000e+04
2.798500000000000000e+04
2.748100000000000000e+04
2.774100000000000000e+04
2.705100000000000000e+04
2.741700000000000000e+04
2.721300000000000000e+04
2.725100000000000000e+04
2.769900000000000000e+04
2.663100000000000000e+04
2.739700000000000000e+04
2.699300000000000000e+04
2.743100000000000000e+04
2.695300000000000000e+04
2.726300000000000000e+04
2.741300000000000000e+04
2.715500000000000000e+04
2.686500000000000000e+04
2.732300000000000000e+04
2.719900000000000000e+04
2.733300000000000000e+04
2.737600000000000000e+04
2.736300000000000000e+04
2.735300000000000000e+04
2.706700000000000000e+04
2.721300000000000000e+04
2.716900000000000000e+04
2.724900000000000000e+04
2.761500000000000000e+04
2.693100000000000000e+04
2.751400000000000000e+04
2.711700000000000000e+04
2.706000000000000000e+04
2.733600000000000000e+04
2.709100000000000000e+04
2.751300000000000000e+04
2.692100000000000000e+04
2.705900000000000000e+04
2.748500000000000000e+04
2.733500000000000000e+04
2.758700000000000000e+04
2.781900000000000000e+04
2.757700000000000000e+04
2.721200000000000000e+04
2.714800000000000000e+04
2.697700000000000000e+04
2.730000000000000000e+04
2.759500000000000000e+04
2.730800000000000000e+04
2.711300000000000000e+04
2.715100000000000000e+04
2.740500000000000000e+04
2.768300000000000000e+04
2.687100000000000000e+04
2.721500000000000000e+04
2.762900000000000000e+04
2.709700000000000000e+04
2.707400000000000000e+04
2.672500000000000000e+04
2.703500000000000000e+04
2.706700000000000000e+04
2.731700000000000000e+04
2.709500000000000000e+04
2.700100000000000000e+04
2.699100000000000000e+04
2.697000000000000000e+04
2.688700000000000000e+04
2.695300000000000000e+04
2.676600000000000000e+04
2.691100000000000000e+04
2.696300000000000000e+04
2.719500000000000000e+04
2.711800000000000000e+04
2.713400000000000000e+04
2.712700000000000000e+04
2.725500000000000000e+04
2.730100000000000000e+04
2.750100000000000000e+04
2.725500000000000000e+04
2.673300000000000000e+04
2.706300000000000000e+04
2.656700000000000000e+04
2.696300000000000000e+04
2.710900000000000000e+04
2.800300000000000000e+04
2.762300000000000000e+04
2.754300000000000000e+04
2.724900000000000000e+04
2.746700000000000000e+04
