1.174499999999999922e+01
1.174300000000000033e+01
1.174900000000000055e+01
1.173700000000000010e+01
1.173799999999999955e+01
1.173399999999999999e+01
1.173600000000000065e+01
1.173199999999999932e+01
1.172600000000000087e+01
1.172899999999999920e+01
1.172600000000000087e+01
1.172400000000000020e+01
1.172499999999999964e+01
1.172300000000000075e+01
1.172000000000000064e+01
1.171899999999999942e+01
1.171700000000000053e+01
1.172000000000000064e+01
1.171700000000000053e+01
1.171599999999999930e+01
1.171499999999999986e+01
1.171299999999999919e+01
1.171599999999999930e+01
1.171299999999999919e+01
1.171199999999999974e+01
1.171199999999999974e+01
1.171199999999999974e+01
1.171199999999999974e+01
1.171100000000000030e+01
1.171199999999999974e+01
1.171100000000000030e+01
1.171100000000000030e+01
1.171199999999999974e+01
1.170800000000000018e+01
1.171100000000000030e+01
1.171199999999999974e+01
1.171000000000000085e+01
1.171000000000000085e+01
1.171100000000000030e+01
1.171100000000000030e+01
1.170800000000000018e+01
1.170800000000000018e+01
1.171000000000000085e+01
1.171199999999999974e+01
1.171000000000000085e+01
1.169599999999999973e+01
1.169800000000000040e+01
1.169999999999999929e+01
1.170199999999999996e+01
1.169899999999999984e+01
1.169999999999999929e+01
1.169800000000000040e+01
1.169599999999999973e+01
1.169899999999999984e+01
1.169800000000000040e+01
1.169599999999999973e+01
1.169800000000000040e+01
1.169999999999999929e+01
1.169999999999999929e+01
1.169899999999999984e+01
1.169999999999999929e+01
1.169999999999999929e+01
1.169999999999999929e+01
1.170199999999999996e+01
1.169599999999999973e+01
1.169500000000000028e+01
1.169599999999999973e+01
1.169599999999999973e+01
1.169500000000000028e+01
1.169599999999999973e+01
1.169599999999999973e+01
1.169599999999999973e+01
1.169599999999999973e+01
1.169500000000000028e+01
1.169400000000000084e+01
1.169400000000000084e+01
1.169599999999999973e+01
1.169400000000000084e+01
1.169500000000000028e+01
1.169400000000000084e+01
1.169899999999999984e+01
