1.342331378839842215e-02
1.558108925331720684e-02
1.381338256915239093e-02
1.454315523237432843e-02
1.447900193287647228e-02
1.542325515582440056e-02
1.312454428665671413e-02
1.401038819026790595e-02
1.435324155539454208e-02
1.379548197965166367e-02
1.363970202497114675e-02
1.554987212276214871e-02
1.414369170851696202e-02
1.573072299501974969e-02
1.617029986695323052e-02
1.484912471902458987e-02
1.507657673022478467e-02
1.597610530337234894e-02
1.723728410980285633e-02
1.749524222897399020e-02
2.069372591229471162e-02
2.027839835023199921e-02
2.253425816274742116e-02
2.341263049803183130e-02
2.790442562819238359e-02
2.852755502473980700e-02
3.046753070502816046e-02
2.996818446170161979e-02
3.146379579788157604e-02
3.158872716011149051e-02
3.464085583290881648e-02
3.681697977126764665e-02
3.812812985667415194e-02
4.088925540322303764e-02
4.219409282700421759e-02
4.460563332542453324e-02
4.700256191289495927e-02
5.544609215665941004e-02
5.659925401225062574e-02
5.666202965425982951e-02
6.172455503715224001e-02
6.252854182035338937e-02
7.337693967016908903e-02
7.506509524462107175e-02
9.046838489170996866e-02
9.597577720663309775e-02
4.548784316461436383e-02
3.184512327710167096e-02
2.729261432688635108e-02
2.688855911243021729e-02
2.411569959923331660e-02
2.011433410967605404e-02
2.027337265567054000e-02
2.017138625383503234e-02
1.832397616505355986e-02
1.540023100346505150e-02
1.808101140657555547e-02
1.794700355421050691e-02
1.649615915607632183e-02
1.789034272284000318e-02
1.752725488134048576e-02
1.821058182457373914e-02
2.204230124478367969e-02
1.895734597156398249e-02
1.800275336227893583e-02
1.802753424175205024e-02
1.989837615037487115e-02
1.849743881616391569e-02
1.797626571167755191e-02
1.867749003268560914e-02
1.757063751242368341e-02
1.930818282212960063e-02
2.030237580993520669e-02
2.094937817481170098e-02
1.946230067123628366e-02
1.946639975149276960e-02
1.934686672550750206e-02
2.070080121041229654e-02
2.055056062762522853e-02
1.889861894707694362e-02
2.022495098545041767e-02
1.993922633070436060e-02
1.969222294901366854e-02
1.980538458893511822e-02
1.961393694533650894e-02
2.047781569965870241e-02
1.829498951133120069e-02
1.903096735146767027e-02
1.721732621048691764e-02
1.726364439611227999e-02
1.890359168241965981e-02
1.500017045648245964e-02
1.542990559334077826e-02
1.601526561488397435e-02
1.686422227597884904e-02
1.636786073447307407e-02
1.636033815929082216e-02
1.529147206365680592e-02
1.626909215719924556e-02
1.493918108617440545e-02
1.663415135024129757e-02
1.689618462172464558e-02
1.500528595300617239e-02
1.509668079826284766e-02
1.789271125215219013e-02
1.855846601609313640e-02
2.096365173288250103e-02
2.349913655910337504e-02
2.557214268711531166e-02
2.729443875810303594e-02
2.993826095954195757e-02
3.235982497201587288e-02
2.921227587133167630e-02
3.193003158296602029e-02
3.023951066973643367e-02
3.071056484287222263e-02
3.402492444565180518e-02
3.173951706683083435e-02
3.064560065377281567e-02
3.300820142428026460e-02
3.416350654231150447e-02
2.932348984027322719e-02
2.578669841809831664e-02
2.758715817786820332e-02
2.536867072290398956e-02
2.212895841281953616e-02
2.361234686195332402e-02
2.140057931504515260e-02
1.812405952181909280e-02
1.802595466404635291e-02
1.657967454712926114e-02
1.784540895728860613e-02
1.691607026675341630e-02
1.406217688012683514e-02
1.408890585418329407e-02
1.505316945173318550e-02
1.256048594666941270e-02
1.415564336024737954e-02
1.437141985560790383e-02
1.394510390803033878e-02
1.336134164399600463e-02
1.410886891639816926e-02
1.290278768123323538e-02
1.518131318359038084e-02
1.601664066562662539e-02
1.568948463453733247e-02
1.648483190259584716e-02
1.644736842105263067e-02
1.643648763853367348e-02
1.596997099471079984e-02
1.493924477642766084e-02
1.423970164434650021e-02
1.296573838485936409e-02
