3.780000000000000000e+02
4.100000000000000000e+02
3.910000000000000000e+02
3.960000000000000000e+02
3.520000000000000000e+02
4.140000000000000000e+02
4.520000000000000000e+02
3.980000000000000000e+02
4.560000000000000000e+02
4.980000000000000000e+02
4.920000000000000000e+02
5.100000000000000000e+02
5.140000000000000000e+02
5.360000000000000000e+02
5.620000000000000000e+02
6.520000000000000000e+02
6.120000000000000000e+02
6.000000000000000000e+02
6.920000000000000000e+02
8.300000000000000000e+02
7.080000000000000000e+02
8.560000000000000000e+02
9.100000000000000000e+02
9.180000000000000000e+02
8.860000000000000000e+02
9.720000000000000000e+02
9.540000000000000000e+02
1.048000000000000000e+03
1.024000000000000000e+03
1.150000000000000000e+03
1.184000000000000000e+03
1.304000000000000000e+03
1.320000000000000000e+03
1.398000000000000000e+03
1.390000000000000000e+03
1.532000000000000000e+03
1.702000000000000000e+03
1.968000000000000000e+03
2.260000000000000000e+03
2.862000000000000000e+03
2.016000000000000000e+03
1.072000000000000000e+03
9.780000000000000000e+02
8.720000000000000000e+02
8.580000000000000000e+02
7.360000000000000000e+02
6.900000000000000000e+02
6.160000000000000000e+02
6.800000000000000000e+02
6.120000000000000000e+02
5.660000000000000000e+02
6.240000000000000000e+02
5.820000000000000000e+02
6.180000000000000000e+02
5.360000000000000000e+02
5.680000000000000000e+02
5.480000000000000000e+02
5.280000000000000000e+02
5.300000000000000000e+02
5.280000000000000000e+02
5.200000000000000000e+02
6.120000000000000000e+02
5.680000000000000000e+02
5.580000000000000000e+02
5.120000000000000000e+02
6.040000000000000000e+02
5.940000000000000000e+02
6.040000000000000000e+02
4.920000000000000000e+02
5.700000000000000000e+02
5.080000000000000000e+02
5.180000000000000000e+02
5.320000000000000000e+02
5.380000000000000000e+02
5.380000000000000000e+02
4.980000000000000000e+02
4.780000000000000000e+02
4.720000000000000000e+02
4.220000000000000000e+02
4.300000000000000000e+02
4.620000000000000000e+02
