9.631380319595336914e+00
9.613213062286376953e+00
9.569005489349365234e+00
9.691991329193115234e+00
9.672533750534057617e+00
9.583808422088623047e+00
9.796414375305175781e+00
9.711710929870605469e+00
9.604322433471679688e+00
9.784002065658569336e+00
9.588595867156982422e+00
9.668054342269897461e+00
9.810308933258056641e+00
9.597674846649169922e+00
9.673091411590576172e+00
9.840713977813720703e+00
9.601769447326660156e+00
9.687041282653808594e+00
9.691460609436035156e+00
9.686230421066284180e+00
9.643468379974365234e+00
9.665043830871582031e+00
9.745661973953247070e+00
9.678560495376586914e+00
9.638278722763061523e+00
9.594433546066284180e+00
9.704480886459350586e+00
9.613765239715576172e+00
9.654417991638183594e+00
9.578025102615356445e+00
9.647151231765747070e+00
9.622771263122558594e+00
9.537243127822875977e+00
9.635200738906860352e+00
9.790123224258422852e+00
9.588253498077392578e+00
9.586382389068603516e+00
9.573581218719482422e+00
9.667741537094116211e+00
9.615260362625122070e+00
9.611933946609497070e+00
9.607428550720214844e+00
9.614323616027832031e+00
9.623811244964599609e+00
9.768208980560302734e+00
9.626726865768432617e+00
9.558900833129882812e+00
9.582108974456787109e+00
9.601379394531250000e+00
9.675941467285156250e+00
9.628527641296386719e+00
9.630449056625366211e+00
9.644950151443481445e+00
9.683412075042724609e+00
9.563488960266113281e+00
9.567039251327514648e+00
9.577956438064575195e+00
9.714722633361816406e+00
9.579150438308715820e+00
9.606196880340576172e+00
9.638465642929077148e+00
9.579758644104003906e+00
9.615458250045776367e+00
9.702966451644897461e+00
9.647415161132812500e+00
9.600764751434326172e+00
9.611044645309448242e+00
9.721346616744995117e+00
9.613812446594238281e+00
9.604211330413818359e+00
9.645181894302368164e+00
9.656871080398559570e+00
9.645267724990844727e+00
9.613976716995239258e+00
9.631234407424926758e+00
9.540210008621215820e+00
9.771594762802124023e+00
9.681970834732055664e+00
9.650521993637084961e+00
9.687927007675170898e+00
9.578143835067749023e+00
9.634172439575195312e+00
9.652715206146240234e+00
9.701702117919921875e+00
9.568831205368041992e+00
9.695401906967163086e+00
9.603981494903564453e+00
9.641431808471679688e+00
9.634772062301635742e+00
9.605890512466430664e+00
9.660528898239135742e+00
9.712473630905151367e+00
9.664145946502685547e+00
9.667055130004882812e+00
9.564928531646728516e+00
9.692404747009277344e+00
9.759500741958618164e+00
9.657302856445312500e+00
9.740013837814331055e+00
9.730980634689331055e+00
9.618159055709838867e+00
