2.418900000000000000e+04
2.608900000000000000e+04
2.656900000000000000e+04
2.693700000000000000e+04
2.706300000000000000e+04
2.688900000000000000e+04
2.694700000000000000e+04
2.720300000000000000e+04
2.715900000000000000e+04
2.715100000000000000e+04
2.730300000000000000e+04
2.743500000000000000e+04
2.708600000000000000e+04
2.719900000000000000e+04
2.687900000000000000e+04
2.665300000000000000e+04
2.724700000000000000e+04
2.689200000000000000e+04
2.685700000000000000e+04
2.694000000000000000e+04
2.693100000000000000e+04
2.685200000000000000e+04
2.667100000000000000e+04
2.700900000000000000e+04
2.689600000000000000e+04
2.695900000000000000e+04
2.709700000000000000e+04
2.680700000000000000e+04
2.712100000000000000e+04
2.679100000000000000e+04
2.718900000000000000e+04
2.723900000000000000e+04
2.715500000000000000e+04
2.741700000000000000e+04
2.677300000000000000e+04
2.749700000000000000e+04
2.679100000000000000e+04
2.644900000000000000e+04
2.689800000000000000e+04
2.716100000000000000e+04
2.666100000000000000e+04
2.735500000000000000e+04
2.698900000000000000e+04
2.674600000000000000e+04
2.698500000000000000e+04
2.671900000000000000e+04
2.725300000000000000e+04
2.718300000000000000e+04
2.702400000000000000e+04
2.723900000000000000e+04
2.690300000000000000e+04
2.722900000000000000e+04
2.667300000000000000e+04
2.691700000000000000e+04
2.662700000000000000e+04
2.713100000000000000e+04
2.699900000000000000e+04
2.686900000000000000e+04
2.712300000000000000e+04
2.691900000000000000e+04
2.750700000000000000e+04
2.717100000000000000e+04
2.744600000000000000e+04
2.677100000000000000e+04
2.683300000000000000e+04
2.698100000000000000e+04
2.660900000000000000e+04
2.622900000000000000e+04
2.730300000000000000e+04
2.720900000000000000e+04
2.723300000000000000e+04
2.683500000000000000e+04
2.743900000000000000e+04
2.689400000000000000e+04
2.671900000000000000e+04
2.706500000000000000e+04
2.723600000000000000e+04
2.699500000000000000e+04
2.698300000000000000e+04
2.698300000000000000e+04
2.723100000000000000e+04
2.681900000000000000e+04
2.736100000000000000e+04
2.678600000000000000e+04
2.696100000000000000e+04
2.699300000000000000e+04
2.662500000000000000e+04
2.727500000000000000e+04
2.702700000000000000e+04
2.741300000000000000e+04
2.733300000000000000e+04
2.725400000000000000e+04
2.731700000000000000e+04
2.686300000000000000e+04
2.726800000000000000e+04
2.746100000000000000e+04
2.748300000000000000e+04
2.725700000000000000e+04
2.675900000000000000e+04
2.756700000000000000e+04
2.740900000000000000e+04
2.737200000000000000e+04
2.812500000000000000e+04
2.671900000000000000e+04
2.722500000000000000e+04
2.691900000000000000e+04
2.747400000000000000e+04
2.673700000000000000e+04
2.697400000000000000e+04
2.713300000000000000e+04
2.750600000000000000e+04
2.690700000000000000e+04
2.737300000000000000e+04
2.709100000000000000e+04
2.709300000000000000e+04
2.733300000000000000e+04
2.702300000000000000e+04
2.670900000000000000e+04
2.672700000000000000e+04
2.731000000000000000e+04
2.736300000000000000e+04
2.698900000000000000e+04
2.707400000000000000e+04
2.707200000000000000e+04
2.710500000000000000e+04
2.664000000000000000e+04
2.707500000000000000e+04
2.684400000000000000e+04
2.666300000000000000e+04
2.663300000000000000e+04
2.647900000000000000e+04
2.699300000000000000e+04
2.704100000000000000e+04
2.695300000000000000e+04
2.680500000000000000e+04
2.659500000000000000e+04
2.749100000000000000e+04
2.683500000000000000e+04
2.675500000000000000e+04
2.717300000000000000e+04
2.680500000000000000e+04
2.675100000000000000e+04
2.676100000000000000e+04
2.700500000000000000e+04
2.689300000000000000e+04
2.662300000000000000e+04
2.719100000000000000e+04
2.641300000000000000e+04
2.688600000000000000e+04
2.673300000000000000e+04
2.725100000000000000e+04
2.659300000000000000e+04
2.692700000000000000e+04
2.669500000000000000e+04
2.650400000000000000e+04
2.677100000000000000e+04
2.672100000000000000e+04
