2.623700000000000000e+04
2.647900000000000000e+04
2.678100000000000000e+04
2.693500000000000000e+04
2.636900000000000000e+04
2.651100000000000000e+04
2.669900000000000000e+04
2.682900000000000000e+04
2.701900000000000000e+04
2.638500000000000000e+04
2.652500000000000000e+04
2.661900000000000000e+04
2.673300000000000000e+04
2.631700000000000000e+04
2.695100000000000000e+04
2.716900000000000000e+04
2.660700000000000000e+04
2.701000000000000000e+04
2.649500000000000000e+04
2.648100000000000000e+04
2.646900000000000000e+04
2.648100000000000000e+04
2.693400000000000000e+04
2.657700000000000000e+04
2.699500000000000000e+04
2.664300000000000000e+04
2.634300000000000000e+04
2.700900000000000000e+04
2.681100000000000000e+04
2.651100000000000000e+04
2.658700000000000000e+04
2.647700000000000000e+04
2.692700000000000000e+04
2.667900000000000000e+04
2.634500000000000000e+04
2.682500000000000000e+04
2.669300000000000000e+04
2.654700000000000000e+04
2.677300000000000000e+04
2.666500000000000000e+04
2.654900000000000000e+04
2.662300000000000000e+04
2.656300000000000000e+04
2.667500000000000000e+04
2.653900000000000000e+04
2.659100000000000000e+04
2.668500000000000000e+04
2.666000000000000000e+04
2.671300000000000000e+04
2.676400000000000000e+04
2.671400000000000000e+04
2.651900000000000000e+04
2.657300000000000000e+04
2.620500000000000000e+04
2.650400000000000000e+04
2.642900000000000000e+04
2.636300000000000000e+04
2.677500000000000000e+04
2.661700000000000000e+04
2.674100000000000000e+04
2.678900000000000000e+04
2.633400000000000000e+04
2.639900000000000000e+04
2.663500000000000000e+04
2.624900000000000000e+04
2.636700000000000000e+04
2.685100000000000000e+04
2.697900000000000000e+04
2.697000000000000000e+04
2.677500000000000000e+04
2.692900000000000000e+04
2.695700000000000000e+04
2.660700000000000000e+04
2.643300000000000000e+04
2.619900000000000000e+04
2.684700000000000000e+04
2.642700000000000000e+04
2.639700000000000000e+04
2.686700000000000000e+04
2.629700000000000000e+04
2.666100000000000000e+04
2.672100000000000000e+04
2.700500000000000000e+04
2.619700000000000000e+04
2.647200000000000000e+04
