5.294000000000000000e+03
5.596000000000000000e+03
5.746000000000000000e+03
5.556000000000000000e+03
5.552000000000000000e+03
5.476000000000000000e+03
5.398000000000000000e+03
5.696000000000000000e+03
5.546000000000000000e+03
5.510000000000000000e+03
5.559000000000000000e+03
5.644000000000000000e+03
5.494000000000000000e+03
5.536000000000000000e+03
5.668000000000000000e+03
5.649000000000000000e+03
5.686000000000000000e+03
5.462000000000000000e+03
5.612000000000000000e+03
5.428000000000000000e+03
5.328000000000000000e+03
5.442000000000000000e+03
5.580000000000000000e+03
5.378000000000000000e+03
5.430000000000000000e+03
5.316000000000000000e+03
5.188000000000000000e+03
5.165000000000000000e+03
5.328000000000000000e+03
5.258000000000000000e+03
5.168000000000000000e+03
5.050000000000000000e+03
5.082000000000000000e+03
4.856000000000000000e+03
4.932000000000000000e+03
5.058000000000000000e+03
4.878000000000000000e+03
4.710000000000000000e+03
4.644000000000000000e+03
4.609000000000000000e+03
4.406000000000000000e+03
4.232000000000000000e+03
4.223000000000000000e+03
4.284000000000000000e+03
4.170000000000000000e+03
3.922000000000000000e+03
3.620000000000000000e+03
2.994000000000000000e+03
3.022000000000000000e+03
4.630000000000000000e+03
5.168000000000000000e+03
5.136000000000000000e+03
5.347000000000000000e+03
5.210000000000000000e+03
5.458000000000000000e+03
5.300000000000000000e+03
5.346000000000000000e+03
5.418000000000000000e+03
5.222000000000000000e+03
5.546000000000000000e+03
5.484000000000000000e+03
5.626000000000000000e+03
5.494000000000000000e+03
5.586000000000000000e+03
5.574000000000000000e+03
5.558000000000000000e+03
5.472000000000000000e+03
5.468000000000000000e+03
5.498000000000000000e+03
5.494000000000000000e+03
5.460000000000000000e+03
5.366000000000000000e+03
5.358000000000000000e+03
5.396000000000000000e+03
5.473000000000000000e+03
5.484000000000000000e+03
5.576000000000000000e+03
5.542000000000000000e+03
5.476000000000000000e+03
5.610000000000000000e+03
5.566000000000000000e+03
5.496000000000000000e+03
5.398000000000000000e+03
5.554000000000000000e+03
5.428000000000000000e+03
5.556000000000000000e+03
5.458000000000000000e+03
5.578000000000000000e+03
5.572000000000000000e+03
5.594000000000000000e+03
5.414000000000000000e+03
5.498000000000000000e+03
5.654000000000000000e+03
5.546000000000000000e+03
5.554000000000000000e+03
5.632000000000000000e+03
5.465000000000000000e+03
5.452000000000000000e+03
5.751000000000000000e+03
5.636000000000000000e+03
5.558000000000000000e+03
5.772000000000000000e+03
5.736000000000000000e+03
5.550000000000000000e+03
5.568000000000000000e+03
5.574000000000000000e+03
5.548000000000000000e+03
5.512000000000000000e+03
5.266000000000000000e+03
5.344000000000000000e+03
4.960000000000000000e+03
5.134000000000000000e+03
5.186000000000000000e+03
5.102000000000000000e+03
5.228000000000000000e+03
5.272000000000000000e+03
5.046000000000000000e+03
5.192000000000000000e+03
5.046000000000000000e+03
5.147000000000000000e+03
5.172000000000000000e+03
5.188000000000000000e+03
5.158000000000000000e+03
5.118000000000000000e+03
5.386000000000000000e+03
5.320000000000000000e+03
5.368000000000000000e+03
5.254000000000000000e+03
5.336000000000000000e+03
5.507000000000000000e+03
5.616000000000000000e+03
5.288000000000000000e+03
5.455000000000000000e+03
5.724000000000000000e+03
5.686000000000000000e+03
5.682000000000000000e+03
5.546000000000000000e+03
5.648000000000000000e+03
5.554000000000000000e+03
5.428000000000000000e+03
5.598000000000000000e+03
5.496000000000000000e+03
5.630000000000000000e+03
5.496000000000000000e+03
5.778000000000000000e+03
5.718000000000000000e+03
5.804000000000000000e+03
5.730000000000000000e+03
5.706000000000000000e+03
5.802000000000000000e+03
5.500000000000000000e+03
5.454000000000000000e+03
5.558000000000000000e+03
