1.587498449708545090e-02
2.069837862700754996e-02
2.213105498889683317e-02
2.049225971711771815e-02
2.335291726711746785e-02
2.521477183978578646e-02
2.523472000593758244e-02
2.610006249310737811e-02
2.614234691998968893e-02
3.012780376413391747e-02
2.849503717540197156e-02
3.083652268999453189e-02
3.219375323045115672e-02
3.272179124232508368e-02
3.683172737080992604e-02
3.564326717442689585e-02
3.405879546372077987e-02
3.584709207199167358e-02
3.574487098335629720e-02
3.797327394209354390e-02
3.705766588689614338e-02
3.731565618948309154e-02
3.936860260207716150e-02
3.621015217149838733e-02
3.718024985127899723e-02
4.006083311695537996e-02
3.904491272096542037e-02
4.066102137501399066e-02
3.960030972309280806e-02
3.859505057668619760e-02
4.207583949391297679e-02
4.185175667241822217e-02
4.455901307309887566e-02
4.369551737972790506e-02
4.736114742464422878e-02
5.120558606393424417e-02
5.591429957821656554e-02
6.049378048319407203e-02
6.052494609264629649e-02
6.465152240344611279e-02
6.368853381343535236e-02
6.353500274172911577e-02
5.631924117232946919e-02
5.182083302176026390e-02
5.099129145821752751e-02
4.408847636513342494e-02
4.227057571643488831e-02
3.855350770702277441e-02
3.441385435168738821e-02
3.282058812731744601e-02
3.516336468051890068e-02
3.106981527048367428e-02
3.291718216923480989e-02
3.440205074859754159e-02
3.319938408382468870e-02
3.361468430946150387e-02
3.051964887588429209e-02
3.290036845435259649e-02
3.074881097223758353e-02
2.815854972324380659e-02
2.733849565565128759e-02
2.841264583563357995e-02
3.009546017634627882e-02
2.764185125695715547e-02
2.601274549994410032e-02
2.779733886809235971e-02
2.615656356871735172e-02
2.813679515040603749e-02
2.798227301029190817e-02
2.433018486530192162e-02
2.474938493739213541e-02
2.623439537916899544e-02
2.973869310106053501e-02
2.796162712872759734e-02
2.836932519929638227e-02
2.741548124884537335e-02
2.834483771478924982e-02
2.452305982589368313e-02
2.319979246192046748e-02
2.342215468998999281e-02
2.225404869450258935e-02
2.535515865617659140e-02
2.375644165052447077e-02
2.434107369521391895e-02
2.218018619487407625e-02
2.170933204904975516e-02
2.336150234741784029e-02
2.045829514207149480e-02
2.301402301402301342e-02
2.028234779119396022e-02
1.917096549957926152e-02
1.856608204300286280e-02
1.610718600139107379e-02
1.965528794252317454e-02
1.965674050168695827e-02
2.039255671679836984e-02
1.979405450642215264e-02
1.995817588142495547e-02
1.943271422698904932e-02
1.821017883701527354e-02
2.145280747199825033e-02
2.162794096156656423e-02
2.005333333333333273e-02
2.552490736928777343e-02
2.483011937557392038e-02
2.474088933467067861e-02
2.344034359758316935e-02
2.670456670531473273e-02
2.691480685104174347e-02
2.918954778314230072e-02
2.944812041009234327e-02
3.820567138662801787e-02
3.485186132320169244e-02
3.624820050939426413e-02
3.794338020891004776e-02
3.482969304503713559e-02
3.352699552233282670e-02
3.264817102849226771e-02
3.187787630486025453e-02
2.951299890150128197e-02
2.777473230274458277e-02
2.549186705694912736e-02
2.829282706655832091e-02
2.253250591016548593e-02
2.257885998893193261e-02
2.289789789789789878e-02
1.861495844875346237e-02
2.048874981373863952e-02
1.762742377076847999e-02
1.847332256974430070e-02
1.578609464103629401e-02
1.667098877486755670e-02
1.508819940090972908e-02
1.432122583756910254e-02
1.432568550643536706e-02
1.549163376574544046e-02
1.404095885926303147e-02
1.244643189863983528e-02
1.420295271911792105e-02
1.413167482427409548e-02
1.507181495989554261e-02
1.360696796381443731e-02
1.337767646948918171e-02
1.355304573227180190e-02
1.375822704793068854e-02
1.532509484280509399e-02
1.456364238167040526e-02
1.665846363533108818e-02
1.391058543479877993e-02
1.286799087270414782e-02
1.365087519724046856e-02
1.481592900387319889e-02
1.626620121068073077e-02
1.393519385652743948e-02
1.260187141563537568e-02
1.419446415897799782e-02
1.781370457692451476e-02
