9.671029806137084961e+00
9.624459028244018555e+00
9.664125919342041016e+00
9.593312501907348633e+00
9.648433923721313477e+00
9.606705188751220703e+00
9.625215768814086914e+00
9.654297113418579102e+00
9.613992691040039062e+00
9.592200517654418945e+00
9.643560171127319336e+00
9.640697717666625977e+00
9.618244647979736328e+00
9.631798267364501953e+00
9.684279918670654297e+00
9.657907962799072266e+00
9.586291551589965820e+00
9.641101360321044922e+00
9.619748115539550781e+00
9.759144067764282227e+00
9.618730068206787109e+00
9.595948219299316406e+00
9.647435426712036133e+00
9.633211612701416016e+00
9.590203762054443359e+00
9.634017229080200195e+00
9.726207494735717773e+00
9.627364158630371094e+00
9.607073545455932617e+00
9.590341806411743164e+00
9.706205606460571289e+00
9.672226190567016602e+00
9.658246517181396484e+00
9.653594493865966797e+00
9.640543222427368164e+00
9.641991853713989258e+00
9.566578149795532227e+00
9.571424484252929688e+00
9.666173458099365234e+00
9.588256835937500000e+00
9.614705801010131836e+00
9.621454000473022461e+00
9.675901889801025391e+00
9.627974748611450195e+00
9.619520902633666992e+00
9.685540437698364258e+00
9.564785718917846680e+00
9.602312326431274414e+00
9.641241788864135742e+00
9.696320295333862305e+00
9.651355028152465820e+00
9.583354473114013672e+00
9.622809648513793945e+00
9.626933336257934570e+00
9.618822097778320312e+00
9.660920619964599609e+00
9.665860891342163086e+00
9.670601606369018555e+00
9.664088010787963867e+00
9.592054367065429688e+00
9.608283758163452148e+00
9.638812541961669922e+00
9.661517381668090820e+00
9.648535728454589844e+00
9.692046165466308594e+00
9.550589561462402344e+00
9.629803419113159180e+00
9.654472827911376953e+00
9.681013584136962891e+00
9.607481241226196289e+00
9.667631149291992188e+00
9.691815614700317383e+00
9.674276113510131836e+00
9.680444240570068359e+00
9.724356174468994141e+00
9.617796659469604492e+00
9.654230356216430664e+00
9.591796398162841797e+00
9.643238782882690430e+00
9.603842973709106445e+00
9.664827108383178711e+00
9.666588544845581055e+00
9.662916183471679688e+00
9.631927967071533203e+00
9.707056045532226562e+00
