2.085263032893955593e-01
2.015743286505216336e-01
2.045688640376692180e-01
1.964176307348542150e-01
2.086658649466127391e-01
2.042245733033508925e-01
2.035460729286696635e-01
2.047129733851348887e-01
2.039626609600413143e-01
2.048258543509116625e-01
1.975819627491558761e-01
1.963932183866671510e-01
1.991363982727965554e-01
1.997446653291993501e-01
2.027485145627528906e-01
1.950478944514729696e-01
1.989073475303824168e-01
2.011078909717891328e-01
2.008857132224330933e-01
2.002574002574002698e-01
1.974809628640513959e-01
2.005519779208831677e-01
1.943805034893492656e-01
1.913534115536955349e-01
1.985255789708839091e-01
1.943552850027670253e-01
1.939583101103555807e-01
1.894216218211346170e-01
1.814329034379452699e-01
1.883797653958944329e-01
1.874522084258820886e-01
1.871217712177121739e-01
1.894952901073928830e-01
1.881380117814935304e-01
1.901865519415495420e-01
1.832222343641860540e-01
1.836410047722984717e-01
1.832686980609418148e-01
1.813934815139238710e-01
1.811265004616805230e-01
1.772376343688818190e-01
1.777834599649327774e-01
1.728399562522785204e-01
1.771078143360751977e-01
1.755979634445624660e-01
1.761006289308175987e-01
1.570059663713614106e-01
1.566165060806178067e-01
1.620534743859140536e-01
1.612426568638050950e-01
1.565056450120303477e-01
1.590683663348150256e-01
1.568811648661343483e-01
1.683319095197414739e-01
1.661976847729296491e-01
1.652655989564461303e-01
1.605665353903963644e-01
1.744483589838679849e-01
1.676030994087620851e-01
1.645298369229651614e-01
1.584351021290392181e-01
1.653546190179780995e-01
1.699864274971571165e-01
1.734286237859629931e-01
1.758926953054196218e-01
1.785963238801041852e-01
1.799229216369976070e-01
1.844685147787773205e-01
1.888263636029276493e-01
1.909540377220289298e-01
1.924664791202367331e-01
1.955937667920472911e-01
1.937475037217239737e-01
2.015538127324275619e-01
1.979619416340991367e-01
2.022471910112359494e-01
2.045595025997163918e-01
2.009252642268777866e-01
1.850446347898370147e-01
1.930468267519163117e-01
1.950395002755833107e-01
1.923796252154461039e-01
1.987559131374082855e-01
1.927252787424602321e-01
1.891680333979424422e-01
1.937822695814566676e-01
1.932477905557815345e-01
1.983262680894606056e-01
2.025812654857438722e-01
2.017485613103142950e-01
1.901204731041048757e-01
2.056703507928880348e-01
1.950570763604122793e-01
2.034068883256299476e-01
1.991287187697806937e-01
1.972340033191960218e-01
2.012484581168467179e-01
1.946223257167806753e-01
2.080835570593211059e-01
1.987020211385128743e-01
1.976272825318903525e-01
