3.340000000000000000e+02
3.740000000000000000e+02
3.940000000000000000e+02
3.380000000000000000e+02
3.480000000000000000e+02
3.620000000000000000e+02
3.660000000000000000e+02
4.020000000000000000e+02
3.700000000000000000e+02
4.740000000000000000e+02
4.140000000000000000e+02
4.200000000000000000e+02
4.840000000000000000e+02
4.420000000000000000e+02
4.660000000000000000e+02
4.360000000000000000e+02
5.200000000000000000e+02
5.100000000000000000e+02
5.080000000000000000e+02
5.740000000000000000e+02
5.600000000000000000e+02
4.820000000000000000e+02
5.480000000000000000e+02
5.640000000000000000e+02
5.580000000000000000e+02
6.160000000000000000e+02
6.780000000000000000e+02
6.820000000000000000e+02
8.000000000000000000e+02
8.280000000000000000e+02
7.920000000000000000e+02
8.640000000000000000e+02
8.120000000000000000e+02
8.080000000000000000e+02
9.580000000000000000e+02
9.040000000000000000e+02
9.520000000000000000e+02
9.720000000000000000e+02
9.920000000000000000e+02
9.860000000000000000e+02
1.030000000000000000e+03
1.060000000000000000e+03
1.014000000000000000e+03
9.020000000000000000e+02
1.004000000000000000e+03
1.062000000000000000e+03
1.000000000000000000e+03
1.190000000000000000e+03
1.300000000000000000e+03
1.252000000000000000e+03
1.238000000000000000e+03
1.208000000000000000e+03
1.128000000000000000e+03
9.700000000000000000e+02
8.780000000000000000e+02
6.940000000000000000e+02
7.060000000000000000e+02
6.380000000000000000e+02
5.880000000000000000e+02
5.320000000000000000e+02
5.580000000000000000e+02
4.780000000000000000e+02
4.680000000000000000e+02
4.920000000000000000e+02
5.340000000000000000e+02
5.000000000000000000e+02
4.820000000000000000e+02
5.540000000000000000e+02
4.740000000000000000e+02
5.480000000000000000e+02
5.440000000000000000e+02
5.060000000000000000e+02
5.000000000000000000e+02
4.860000000000000000e+02
4.560000000000000000e+02
4.120000000000000000e+02
4.200000000000000000e+02
4.100000000000000000e+02
4.080000000000000000e+02
4.420000000000000000e+02
4.480000000000000000e+02
3.960000000000000000e+02
3.960000000000000000e+02
4.140000000000000000e+02
4.240000000000000000e+02
4.560000000000000000e+02
3.540000000000000000e+02
4.320000000000000000e+02
3.700000000000000000e+02
