9.725686311721801758e+00
9.667702674865722656e+00
9.620841264724731445e+00
9.632337808609008789e+00
9.724361181259155273e+00
9.587951183319091797e+00
9.679579973220825195e+00
9.770636320114135742e+00
9.630291938781738281e+00
9.665736913681030273e+00
9.762334585189819336e+00
9.689693450927734375e+00
9.681395530700683594e+00
9.731262207031250000e+00
9.578629493713378906e+00
9.603910923004150391e+00
9.633490800857543945e+00
9.611871719360351562e+00
9.634417295455932617e+00
9.704497814178466797e+00
9.595792770385742188e+00
9.661168098449707031e+00
9.656369686126708984e+00
9.693274974822998047e+00
9.580982685089111328e+00
9.614782571792602539e+00
9.723210811614990234e+00
9.586729288101196289e+00
9.647722244262695312e+00
9.684818983078002930e+00
9.598575353622436523e+00
9.568028926849365234e+00
9.580713272094726562e+00
9.646143913269042969e+00
9.620102405548095703e+00
9.570037364959716797e+00
9.661120176315307617e+00
9.583204269409179688e+00
9.610061645507812500e+00
9.538527965545654297e+00
9.596058368682861328e+00
9.510181188583374023e+00
9.627766609191894531e+00
9.642452955245971680e+00
9.597804546356201172e+00
9.665231943130493164e+00
9.787078380584716797e+00
9.566952705383300781e+00
9.606129407882690430e+00
9.633907079696655273e+00
9.629642009735107422e+00
9.670317649841308594e+00
9.635737657546997070e+00
9.675025701522827148e+00
9.631085634231567383e+00
9.633185863494873047e+00
9.602153301239013672e+00
9.694977283477783203e+00
9.606388330459594727e+00
9.734878301620483398e+00
9.713603019714355469e+00
9.674233198165893555e+00
9.723821163177490234e+00
9.615293502807617188e+00
9.656864404678344727e+00
9.726487398147583008e+00
9.672687530517578125e+00
9.662229061126708984e+00
9.674797773361206055e+00
9.611105442047119141e+00
9.634675025939941406e+00
9.648525714874267578e+00
9.724953413009643555e+00
9.612927436828613281e+00
9.662000894546508789e+00
9.629579544067382812e+00
9.582246065139770508e+00
9.650315761566162109e+00
9.638635396957397461e+00
9.698624372482299805e+00
9.690431833267211914e+00
