3.080000000000000000e+02
3.980000000000000000e+02
3.940000000000000000e+02
3.580000000000000000e+02
3.840000000000000000e+02
3.940000000000000000e+02
3.940000000000000000e+02
4.100000000000000000e+02
4.400000000000000000e+02
4.220000000000000000e+02
4.480000000000000000e+02
5.160000000000000000e+02
5.100000000000000000e+02
5.560000000000000000e+02
5.200000000000000000e+02
5.740000000000000000e+02
5.740000000000000000e+02
6.260000000000000000e+02
5.620000000000000000e+02
7.950000000000000000e+02
7.580000000000000000e+02
7.700000000000000000e+02
9.000000000000000000e+02
9.160000000000000000e+02
8.720000000000000000e+02
9.600000000000000000e+02
1.014000000000000000e+03
1.012000000000000000e+03
1.048000000000000000e+03
1.120000000000000000e+03
1.244000000000000000e+03
1.248000000000000000e+03
1.468000000000000000e+03
1.348000000000000000e+03
1.488000000000000000e+03
1.566000000000000000e+03
1.546000000000000000e+03
1.670000000000000000e+03
1.880000000000000000e+03
2.306000000000000000e+03
2.674000000000000000e+03
1.630000000000000000e+03
9.620000000000000000e+02
9.160000000000000000e+02
8.160000000000000000e+02
7.320000000000000000e+02
7.460000000000000000e+02
7.160000000000000000e+02
6.520000000000000000e+02
6.250000000000000000e+02
5.540000000000000000e+02
5.880000000000000000e+02
4.840000000000000000e+02
5.940000000000000000e+02
4.920000000000000000e+02
4.940000000000000000e+02
5.500000000000000000e+02
5.100000000000000000e+02
5.820000000000000000e+02
5.480000000000000000e+02
5.620000000000000000e+02
5.340000000000000000e+02
5.460000000000000000e+02
5.020000000000000000e+02
5.500000000000000000e+02
5.500000000000000000e+02
4.740000000000000000e+02
5.100000000000000000e+02
4.520000000000000000e+02
5.320000000000000000e+02
5.100000000000000000e+02
4.960000000000000000e+02
5.420000000000000000e+02
4.980000000000000000e+02
5.100000000000000000e+02
4.640000000000000000e+02
4.980000000000000000e+02
4.560000000000000000e+02
4.520000000000000000e+02
4.100000000000000000e+02
3.960000000000000000e+02
4.340000000000000000e+02
3.540000000000000000e+02
3.980000000000000000e+02
3.800000000000000000e+02
4.080000000000000000e+02
3.360000000000000000e+02
4.020000000000000000e+02
3.620000000000000000e+02
3.880000000000000000e+02
4.280000000000000000e+02
4.180000000000000000e+02
4.560000000000000000e+02
5.040000000000000000e+02
4.700000000000000000e+02
5.000000000000000000e+02
6.080000000000000000e+02
5.980000000000000000e+02
6.320000000000000000e+02
7.060000000000000000e+02
7.100000000000000000e+02
7.590000000000000000e+02
8.240000000000000000e+02
7.420000000000000000e+02
8.260000000000000000e+02
8.100000000000000000e+02
7.440000000000000000e+02
7.580000000000000000e+02
7.240000000000000000e+02
6.780000000000000000e+02
7.260000000000000000e+02
7.500000000000000000e+02
6.860000000000000000e+02
7.310000000000000000e+02
6.920000000000000000e+02
6.280000000000000000e+02
5.680000000000000000e+02
5.240000000000000000e+02
5.440000000000000000e+02
5.320000000000000000e+02
5.360000000000000000e+02
4.840000000000000000e+02
4.620000000000000000e+02
4.880000000000000000e+02
4.560000000000000000e+02
4.960000000000000000e+02
4.620000000000000000e+02
3.580000000000000000e+02
4.360000000000000000e+02
4.580000000000000000e+02
3.600000000000000000e+02
4.720000000000000000e+02
3.840000000000000000e+02
4.240000000000000000e+02
4.960000000000000000e+02
4.480000000000000000e+02
4.220000000000000000e+02
4.700000000000000000e+02
3.820000000000000000e+02
4.260000000000000000e+02
3.900000000000000000e+02
4.160000000000000000e+02
4.120000000000000000e+02
4.120000000000000000e+02
4.200000000000000000e+02
3.600000000000000000e+02
4.100000000000000000e+02
3.980000000000000000e+02
3.720000000000000000e+02
