9.686003923416137695e+00
9.561202049255371094e+00
9.575280904769897461e+00
9.546273469924926758e+00
9.635570049285888672e+00
9.595760822296142578e+00
9.717628717422485352e+00
9.654668807983398438e+00
9.602152109146118164e+00
9.593003988265991211e+00
9.604825973510742188e+00
9.708926439285278320e+00
9.610022306442260742e+00
9.677427053451538086e+00
9.637873649597167969e+00
9.723894834518432617e+00
9.682446956634521484e+00
9.621516942977905273e+00
9.613272666931152344e+00
9.663156509399414062e+00
9.536558389663696289e+00
9.596120595932006836e+00
9.632297277450561523e+00
9.617036581039428711e+00
9.590850353240966797e+00
9.687658786773681641e+00
9.692726135253906250e+00
9.628289222717285156e+00
9.619157791137695312e+00
9.594711065292358398e+00
9.563390493392944336e+00
9.570467472076416016e+00
9.601931810379028320e+00
9.520544290542602539e+00
9.613844156265258789e+00
9.610334634780883789e+00
9.636171102523803711e+00
9.611286163330078125e+00
9.675188779830932617e+00
9.524650573730468750e+00
9.580644607543945312e+00
9.575430393218994141e+00
9.630592346191406250e+00
9.567345857620239258e+00
9.652748823165893555e+00
9.690935611724853516e+00
9.680372953414916992e+00
9.664140939712524414e+00
9.627834558486938477e+00
9.635099172592163086e+00
9.644565105438232422e+00
9.647461891174316406e+00
9.649494409561157227e+00
9.617770671844482422e+00
9.579630136489868164e+00
9.629075765609741211e+00
9.632079362869262695e+00
9.661641836166381836e+00
9.655683755874633789e+00
9.712717294692993164e+00
9.627704143524169922e+00
9.592376232147216797e+00
9.637370109558105469e+00
9.605899572372436523e+00
9.708464384078979492e+00
9.636496305465698242e+00
9.645942687988281250e+00
9.657303810119628906e+00
9.635828733444213867e+00
9.659614562988281250e+00
9.639495611190795898e+00
9.642541646957397461e+00
9.637903928756713867e+00
9.535663127899169922e+00
9.566805601119995117e+00
9.659697771072387695e+00
9.660687208175659180e+00
9.607482194900512695e+00
9.625051736831665039e+00
9.684260368347167969e+00
9.638294696807861328e+00
