1.985613989748890862e-01
1.965783572792957345e-01
1.998632726102867185e-01
1.923306653924262422e-01
1.980590215884333594e-01
1.890222309659649880e-01
1.981189197917087030e-01
1.860758993800102623e-01
1.915378161332853824e-01
1.904536675732135254e-01
1.840603424192840398e-01
1.944789454705717346e-01
1.825922801944009355e-01
1.877383867988918764e-01
1.815485605820942872e-01
1.761497113278917004e-01
1.848046022614560635e-01
1.765779763060788543e-01
1.758776230633457560e-01
1.753140578265204308e-01
1.785471554791508431e-01
1.851159460641979282e-01
1.781001589825119136e-01
1.757520654623077883e-01
1.714796533094951336e-01
1.735036987222595695e-01
1.729349736379613423e-01
1.714600464256206547e-01
1.669872423945044093e-01
1.711025129948802181e-01
1.726912453464633235e-01
1.684945557834937602e-01
1.695131175604124296e-01
1.641690185634216981e-01
1.638379903811757188e-01
1.552842580281236229e-01
1.518661518661518772e-01
1.563898858732911124e-01
1.495997132273867714e-01
1.488673139158576131e-01
1.437273559740414874e-01
1.459332989649839429e-01
1.539423791094953198e-01
1.636428317324795378e-01
1.732234246200726746e-01
1.679120879120879206e-01
1.732970242323782495e-01
1.759455673404042297e-01
1.843044472069615414e-01
1.841535006500925886e-01
1.872761659490563835e-01
1.788894605612063038e-01
1.830133472283458351e-01
1.792287467134092982e-01
1.782923995352377888e-01
1.756156156156156167e-01
1.760861816309556849e-01
1.862947240751970934e-01
1.772879354457783940e-01
1.907865620599477063e-01
1.946360153256704861e-01
1.914731785428342714e-01
1.813648610608436795e-01
1.858375554148194997e-01
1.890071346008210806e-01
1.883307232060394409e-01
1.802828121888070123e-01
1.934051741534487667e-01
1.848481266989717431e-01
1.889087656529516990e-01
1.838249890816691101e-01
1.899909151953232955e-01
1.867573514702940696e-01
1.847665656801056600e-01
1.874027683593282589e-01
1.917223386172273447e-01
1.854057209573846954e-01
1.887127354875146323e-01
1.846226675608505230e-01
1.928134617690555053e-01
1.934235976789168143e-01
1.875671160959312689e-01
1.863532561619025141e-01
1.870663336108798203e-01
1.853501906482039052e-01
1.937442575799944167e-01
1.833766847954599322e-01
1.953815984311842169e-01
1.881058837494559433e-01
1.886113886113886251e-01
1.896693728673961576e-01
1.925354743829245929e-01
1.905632627101800647e-01
1.958783354510800490e-01
1.992819395699705620e-01
1.905898261941693650e-01
1.971932349766102877e-01
1.923001452062320926e-01
1.956237882325010946e-01
1.967761194029850613e-01
1.950333609696395520e-01
1.882620457129415559e-01
1.905619737615038278e-01
1.902759936159445775e-01
1.874728314562339460e-01
1.826069808716229426e-01
1.780881026164045089e-01
1.824525234904650628e-01
1.692555743442526184e-01
1.702323089287764435e-01
1.722881654718533273e-01
1.652777239427884737e-01
1.598990683229813692e-01
1.620878041111504242e-01
1.607234529874027595e-01
1.561222503406657636e-01
1.624769834280682113e-01
1.602059241615121643e-01
1.672454832793538182e-01
1.676693798906845889e-01
1.660697092239553363e-01
1.761143884048911867e-01
1.725624199122432201e-01
1.786458128659566824e-01
1.868127505855265713e-01
1.843172777755897884e-01
1.892295280354981957e-01
1.925771121173419920e-01
1.946491193506442452e-01
1.918547787645240865e-01
1.958157677002482222e-01
2.015056161873655660e-01
1.981474967757064221e-01
1.941110639447381492e-01
1.983154065169250302e-01
1.999438472645596043e-01
1.954668656950936945e-01
2.023173253228260360e-01
1.980874316939890689e-01
1.948847689449341725e-01
2.024075598949143240e-01
1.935128759583251423e-01
1.936111435352710075e-01
1.934567267847981387e-01
2.003215812384799288e-01
2.036517947520049832e-01
1.953837048727559700e-01
1.907830880925573680e-01
1.997232654674837016e-01
1.951824987393817046e-01
2.003096343932356804e-01
1.929445078066621966e-01
1.962112559568351122e-01
1.955986397216901984e-01
1.955431104888577798e-01
1.927401470645449810e-01
2.014579191517561207e-01
