4.690000000000000000e+03
5.010000000000000000e+03
5.062000000000000000e+03
4.986000000000000000e+03
5.090000000000000000e+03
4.834000000000000000e+03
5.192000000000000000e+03
5.012000000000000000e+03
5.108000000000000000e+03
5.026000000000000000e+03
5.050000000000000000e+03
5.050000000000000000e+03
5.088000000000000000e+03
5.060000000000000000e+03
5.204000000000000000e+03
5.012000000000000000e+03
4.992000000000000000e+03
4.810000000000000000e+03
4.861000000000000000e+03
4.934000000000000000e+03
4.764000000000000000e+03
4.626000000000000000e+03
4.754000000000000000e+03
4.538000000000000000e+03
4.520000000000000000e+03
4.456000000000000000e+03
4.278000000000000000e+03
4.170000000000000000e+03
4.232000000000000000e+03
4.078000000000000000e+03
4.020000000000000000e+03
4.146000000000000000e+03
4.178000000000000000e+03
4.336000000000000000e+03
4.172000000000000000e+03
4.102000000000000000e+03
4.050000000000000000e+03
3.935000000000000000e+03
3.944000000000000000e+03
4.316000000000000000e+03
4.346000000000000000e+03
4.306000000000000000e+03
4.624000000000000000e+03
4.489000000000000000e+03
4.596000000000000000e+03
4.496000000000000000e+03
4.700000000000000000e+03
4.696000000000000000e+03
4.610000000000000000e+03
4.840000000000000000e+03
4.684000000000000000e+03
4.798000000000000000e+03
4.936000000000000000e+03
4.890000000000000000e+03
4.938000000000000000e+03
4.818000000000000000e+03
4.980000000000000000e+03
4.936000000000000000e+03
5.069000000000000000e+03
4.958000000000000000e+03
4.862000000000000000e+03
5.020000000000000000e+03
5.148000000000000000e+03
4.972000000000000000e+03
4.951000000000000000e+03
5.040000000000000000e+03
5.002000000000000000e+03
5.102000000000000000e+03
5.014000000000000000e+03
5.063000000000000000e+03
5.052000000000000000e+03
4.968000000000000000e+03
5.068000000000000000e+03
4.945000000000000000e+03
5.042000000000000000e+03
5.242000000000000000e+03
5.264000000000000000e+03
5.132000000000000000e+03
5.166000000000000000e+03
5.164000000000000000e+03
5.296000000000000000e+03
