4.736000000000000000e+03
4.982000000000000000e+03
4.968000000000000000e+03
5.086000000000000000e+03
5.226000000000000000e+03
4.916000000000000000e+03
5.008000000000000000e+03
4.998000000000000000e+03
5.140000000000000000e+03
5.017000000000000000e+03
4.824000000000000000e+03
4.807000000000000000e+03
4.918000000000000000e+03
4.966000000000000000e+03
4.968000000000000000e+03
4.847000000000000000e+03
4.858000000000000000e+03
5.009000000000000000e+03
5.115000000000000000e+03
4.940000000000000000e+03
4.876000000000000000e+03
4.815000000000000000e+03
4.825000000000000000e+03
4.743000000000000000e+03
4.846000000000000000e+03
4.691000000000000000e+03
4.922000000000000000e+03
4.781000000000000000e+03
4.708000000000000000e+03
4.434000000000000000e+03
4.590000000000000000e+03
4.468000000000000000e+03
4.586000000000000000e+03
4.539000000000000000e+03
4.466000000000000000e+03
4.234000000000000000e+03
4.174000000000000000e+03
4.284000000000000000e+03
4.022000000000000000e+03
4.052000000000000000e+03
4.026000000000000000e+03
4.088000000000000000e+03
4.262000000000000000e+03
4.216000000000000000e+03
4.333000000000000000e+03
4.196000000000000000e+03
4.214000000000000000e+03
4.078000000000000000e+03
4.074000000000000000e+03
4.210000000000000000e+03
4.122000000000000000e+03
4.148000000000000000e+03
4.190000000000000000e+03
4.319000000000000000e+03
4.402000000000000000e+03
4.778000000000000000e+03
4.664000000000000000e+03
4.848000000000000000e+03
4.809000000000000000e+03
4.816000000000000000e+03
5.046000000000000000e+03
4.842000000000000000e+03
4.830000000000000000e+03
4.878000000000000000e+03
4.976000000000000000e+03
4.848000000000000000e+03
4.834000000000000000e+03
4.973000000000000000e+03
4.920000000000000000e+03
4.962000000000000000e+03
4.858000000000000000e+03
4.786000000000000000e+03
4.976000000000000000e+03
4.654000000000000000e+03
4.924000000000000000e+03
4.942000000000000000e+03
4.919000000000000000e+03
4.894000000000000000e+03
4.940000000000000000e+03
4.887000000000000000e+03
4.830000000000000000e+03
4.898000000000000000e+03
4.836000000000000000e+03
4.918000000000000000e+03
4.932000000000000000e+03
4.808000000000000000e+03
4.976000000000000000e+03
5.082000000000000000e+03
4.682000000000000000e+03
