9.656352996826171875e+00
9.586739778518676758e+00
9.573832750320434570e+00
9.641113996505737305e+00
9.644243955612182617e+00
9.621891260147094727e+00
9.652587413787841797e+00
9.645100116729736328e+00
9.680780172348022461e+00
9.756668329238891602e+00
9.661181688308715820e+00
9.663781881332397461e+00
9.904884338378906250e+00
9.645911931991577148e+00
9.586761713027954102e+00
9.745830535888671875e+00
9.613382577896118164e+00
9.652564525604248047e+00
9.744063138961791992e+00
9.661639928817749023e+00
9.597558498382568359e+00
9.536361217498779297e+00
9.562829017639160156e+00
9.507111549377441406e+00
9.555233955383300781e+00
9.740423440933227539e+00
9.651381492614746094e+00
9.621717691421508789e+00
9.636053323745727539e+00
9.613744497299194336e+00
9.662965297698974609e+00
9.578900814056396484e+00
9.611793994903564453e+00
9.659468889236450195e+00
9.681822061538696289e+00
9.588116407394409180e+00
9.576905012130737305e+00
9.626740455627441406e+00
9.738873958587646484e+00
9.551906108856201172e+00
9.621080398559570312e+00
9.636269569396972656e+00
9.583048582077026367e+00
9.639033317565917969e+00
9.607977151870727539e+00
9.540533781051635742e+00
9.539637088775634766e+00
9.579608440399169922e+00
9.636000633239746094e+00
9.670592784881591797e+00
9.743081092834472656e+00
9.644353151321411133e+00
9.606589317321777344e+00
9.627226829528808594e+00
9.577150344848632812e+00
9.681828022003173828e+00
9.648602724075317383e+00
9.621645212173461914e+00
9.695481777191162109e+00
9.690351486206054688e+00
9.655319690704345703e+00
9.856758356094360352e+00
9.625050783157348633e+00
9.640061855316162109e+00
9.765550851821899414e+00
9.572155952453613281e+00
9.575857639312744141e+00
9.617879629135131836e+00
9.702764987945556641e+00
9.681118726730346680e+00
9.614132642745971680e+00
9.611445665359497070e+00
9.644690036773681641e+00
9.597282409667968750e+00
9.595399379730224609e+00
9.639797925949096680e+00
9.636323451995849609e+00
9.707649707794189453e+00
9.587150335311889648e+00
9.646058082580566406e+00
9.655034303665161133e+00
