1.170400000000000063e+01
1.170199999999999996e+01
1.169800000000000040e+01
1.169899999999999984e+01
1.169800000000000040e+01
1.169999999999999929e+01
1.169800000000000040e+01
1.169500000000000028e+01
1.169599999999999973e+01
1.169800000000000040e+01
1.169899999999999984e+01
1.169599999999999973e+01
1.169599999999999973e+01
1.169800000000000040e+01
1.169599999999999973e+01
1.169400000000000084e+01
1.169500000000000028e+01
1.170299999999999940e+01
1.170700000000000074e+01
1.170500000000000007e+01
1.170500000000000007e+01
1.170700000000000074e+01
1.170500000000000007e+01
1.170700000000000074e+01
1.170800000000000018e+01
1.170899999999999963e+01
1.170800000000000018e+01
1.170800000000000018e+01
1.170700000000000074e+01
1.170800000000000018e+01
1.170800000000000018e+01
1.170800000000000018e+01
1.170800000000000018e+01
1.170500000000000007e+01
1.170700000000000074e+01
1.170800000000000018e+01
1.170500000000000007e+01
1.170500000000000007e+01
1.170700000000000074e+01
1.170800000000000018e+01
1.170800000000000018e+01
1.170500000000000007e+01
1.170299999999999940e+01
1.170700000000000074e+01
1.170500000000000007e+01
1.170100000000000051e+01
1.170500000000000007e+01
1.170700000000000074e+01
1.170700000000000074e+01
1.170899999999999963e+01
1.170800000000000018e+01
1.170400000000000063e+01
1.170700000000000074e+01
1.170500000000000007e+01
1.170800000000000018e+01
1.170299999999999940e+01
1.170700000000000074e+01
1.170100000000000051e+01
1.170899999999999963e+01
1.170500000000000007e+01
1.170400000000000063e+01
1.170299999999999940e+01
1.170500000000000007e+01
1.170100000000000051e+01
1.170899999999999963e+01
1.170500000000000007e+01
1.170500000000000007e+01
1.170500000000000007e+01
1.170500000000000007e+01
1.170400000000000063e+01
1.170899999999999963e+01
1.170400000000000063e+01
1.170800000000000018e+01
1.170700000000000074e+01
1.170899999999999963e+01
1.170700000000000074e+01
1.170800000000000018e+01
1.170500000000000007e+01
1.170700000000000074e+01
1.169299999999999962e+01
1.169400000000000084e+01
1.169500000000000028e+01
1.169699999999999918e+01
1.170100000000000051e+01
1.169800000000000040e+01
