5.362000000000000000e+03
5.506000000000000000e+03
5.526000000000000000e+03
5.788000000000000000e+03
5.680000000000000000e+03
5.584000000000000000e+03
5.610000000000000000e+03
5.742000000000000000e+03
5.524000000000000000e+03
5.779000000000000000e+03
5.670000000000000000e+03
5.658000000000000000e+03
5.502000000000000000e+03
5.609000000000000000e+03
5.756000000000000000e+03
5.679000000000000000e+03
5.695000000000000000e+03
5.828000000000000000e+03
5.797000000000000000e+03
5.676000000000000000e+03
5.742000000000000000e+03
5.508000000000000000e+03
5.596000000000000000e+03
5.370000000000000000e+03
5.624000000000000000e+03
5.422000000000000000e+03
5.408000000000000000e+03
5.432000000000000000e+03
5.314000000000000000e+03
5.402000000000000000e+03
5.272000000000000000e+03
5.344000000000000000e+03
5.174000000000000000e+03
5.184000000000000000e+03
5.172000000000000000e+03
4.940000000000000000e+03
4.800000000000000000e+03
4.816000000000000000e+03
4.819000000000000000e+03
4.562000000000000000e+03
4.560000000000000000e+03
4.696000000000000000e+03
4.669000000000000000e+03
4.718000000000000000e+03
4.552000000000000000e+03
4.945000000000000000e+03
4.818000000000000000e+03
4.944000000000000000e+03
5.022000000000000000e+03
4.724000000000000000e+03
5.248000000000000000e+03
5.102000000000000000e+03
5.176000000000000000e+03
5.140000000000000000e+03
5.272000000000000000e+03
5.248000000000000000e+03
5.250000000000000000e+03
5.366000000000000000e+03
5.266000000000000000e+03
5.307000000000000000e+03
5.201000000000000000e+03
5.428000000000000000e+03
5.292000000000000000e+03
5.260000000000000000e+03
5.363000000000000000e+03
5.750000000000000000e+03
5.510000000000000000e+03
5.430000000000000000e+03
5.470000000000000000e+03
5.528000000000000000e+03
5.378000000000000000e+03
5.614000000000000000e+03
5.558000000000000000e+03
5.594000000000000000e+03
5.508000000000000000e+03
5.610000000000000000e+03
5.574000000000000000e+03
5.824000000000000000e+03
5.532000000000000000e+03
5.605000000000000000e+03
5.462000000000000000e+03
5.624000000000000000e+03
5.582000000000000000e+03
5.652000000000000000e+03
5.482000000000000000e+03
