2.457100000000000000e+04
2.697300000000000000e+04
2.716100000000000000e+04
2.765500000000000000e+04
2.767400000000000000e+04
2.783900000000000000e+04
2.805300000000000000e+04
2.790100000000000000e+04
2.762100000000000000e+04
2.762100000000000000e+04
2.783600000000000000e+04
2.771700000000000000e+04
2.770500000000000000e+04
2.768500000000000000e+04
2.793100000000000000e+04
2.790700000000000000e+04
2.775100000000000000e+04
2.808700000000000000e+04
2.789900000000000000e+04
2.817200000000000000e+04
2.804500000000000000e+04
2.780300000000000000e+04
2.758500000000000000e+04
2.816700000000000000e+04
2.743300000000000000e+04
2.796100000000000000e+04
2.852100000000000000e+04
2.757700000000000000e+04
2.827500000000000000e+04
2.793700000000000000e+04
2.759100000000000000e+04
2.818100000000000000e+04
2.800300000000000000e+04
2.824100000000000000e+04
2.812500000000000000e+04
2.798400000000000000e+04
2.809700000000000000e+04
2.781300000000000000e+04
2.802900000000000000e+04
2.797700000000000000e+04
2.788100000000000000e+04
2.726600000000000000e+04
2.754900000000000000e+04
2.807700000000000000e+04
2.822600000000000000e+04
2.827300000000000000e+04
2.751500000000000000e+04
2.795300000000000000e+04
2.771300000000000000e+04
2.785400000000000000e+04
2.787600000000000000e+04
2.739100000000000000e+04
2.744700000000000000e+04
2.778900000000000000e+04
2.787300000000000000e+04
2.799500000000000000e+04
2.753500000000000000e+04
2.777300000000000000e+04
2.785600000000000000e+04
2.781700000000000000e+04
2.809100000000000000e+04
2.772700000000000000e+04
2.784200000000000000e+04
2.756600000000000000e+04
2.765500000000000000e+04
2.802100000000000000e+04
2.727100000000000000e+04
2.752100000000000000e+04
2.776500000000000000e+04
2.787900000000000000e+04
2.763100000000000000e+04
2.723900000000000000e+04
2.773000000000000000e+04
2.755200000000000000e+04
2.758100000000000000e+04
2.767700000000000000e+04
2.788500000000000000e+04
2.767500000000000000e+04
2.740900000000000000e+04
2.768700000000000000e+04
2.796500000000000000e+04
