2.711700000000000000e+04
2.811100000000000000e+04
2.924700000000000000e+04
2.846700000000000000e+04
2.845500000000000000e+04
2.826900000000000000e+04
2.880100000000000000e+04
2.926400000000000000e+04
2.898300000000000000e+04
2.899500000000000000e+04
2.859300000000000000e+04
2.932500000000000000e+04
2.927100000000000000e+04
2.911500000000000000e+04
2.931300000000000000e+04
2.936200000000000000e+04
2.931700000000000000e+04
2.879300000000000000e+04
2.947100000000000000e+04
2.995100000000000000e+04
2.880100000000000000e+04
2.909500000000000000e+04
2.955500000000000000e+04
2.921500000000000000e+04
2.917100000000000000e+04
2.930500000000000000e+04
2.947400000000000000e+04
2.923100000000000000e+04
2.879500000000000000e+04
2.906100000000000000e+04
2.944500000000000000e+04
2.911700000000000000e+04
2.895500000000000000e+04
2.910300000000000000e+04
2.915100000000000000e+04
2.950300000000000000e+04
2.927500000000000000e+04
2.892900000000000000e+04
2.922300000000000000e+04
2.947300000000000000e+04
2.893500000000000000e+04
2.846700000000000000e+04
2.874200000000000000e+04
2.918800000000000000e+04
2.867300000000000000e+04
2.840300000000000000e+04
2.866700000000000000e+04
2.851300000000000000e+04
2.879900000000000000e+04
2.830200000000000000e+04
2.869500000000000000e+04
2.833800000000000000e+04
2.831300000000000000e+04
2.835700000000000000e+04
2.903300000000000000e+04
2.857100000000000000e+04
2.831700000000000000e+04
2.841700000000000000e+04
2.824900000000000000e+04
2.850700000000000000e+04
2.852700000000000000e+04
2.844500000000000000e+04
2.803700000000000000e+04
2.848500000000000000e+04
2.832900000000000000e+04
2.840100000000000000e+04
2.814300000000000000e+04
2.811200000000000000e+04
2.848200000000000000e+04
2.784100000000000000e+04
2.817200000000000000e+04
2.807100000000000000e+04
2.778000000000000000e+04
2.854500000000000000e+04
2.815700000000000000e+04
2.897300000000000000e+04
2.832500000000000000e+04
2.908100000000000000e+04
2.880700000000000000e+04
2.889100000000000000e+04
2.907300000000000000e+04
2.928900000000000000e+04
2.904700000000000000e+04
2.908300000000000000e+04
2.895900000000000000e+04
2.900700000000000000e+04
2.907900000000000000e+04
2.974100000000000000e+04
2.938900000000000000e+04
2.942600000000000000e+04
2.909500000000000000e+04
2.933300000000000000e+04
2.955300000000000000e+04
2.934700000000000000e+04
2.893700000000000000e+04
2.883700000000000000e+04
2.921700000000000000e+04
2.890500000000000000e+04
2.913500000000000000e+04
2.918500000000000000e+04
2.921700000000000000e+04
2.911900000000000000e+04
2.932300000000000000e+04
2.901300000000000000e+04
2.962100000000000000e+04
2.920500000000000000e+04
2.957500000000000000e+04
2.953300000000000000e+04
2.940700000000000000e+04
2.931000000000000000e+04
2.899300000000000000e+04
2.948100000000000000e+04
2.978200000000000000e+04
2.881300000000000000e+04
2.910100000000000000e+04
2.937100000000000000e+04
2.944900000000000000e+04
2.923800000000000000e+04
2.936800000000000000e+04
2.962900000000000000e+04
2.927100000000000000e+04
2.898700000000000000e+04
2.939500000000000000e+04
2.899900000000000000e+04
2.909100000000000000e+04
2.883100000000000000e+04
2.922200000000000000e+04
2.934500000000000000e+04
2.990500000000000000e+04
2.951300000000000000e+04
2.931300000000000000e+04
2.891500000000000000e+04
2.920300000000000000e+04
2.901400000000000000e+04
2.881700000000000000e+04
2.896400000000000000e+04
2.913900000000000000e+04
2.910500000000000000e+04
2.950300000000000000e+04
2.940100000000000000e+04
2.903900000000000000e+04
2.948500000000000000e+04
2.945100000000000000e+04
2.898300000000000000e+04
2.884500000000000000e+04
2.931900000000000000e+04
2.923900000000000000e+04
2.918400000000000000e+04
2.932500000000000000e+04
2.930500000000000000e+04
2.905100000000000000e+04
2.949500000000000000e+04
2.869100000000000000e+04
