9.046950553735767092e-03
1.315171441991545322e-02
1.385333534106309231e-02
1.174168297455968624e-02
8.517110266159696325e-03
1.128349788434414649e-02
1.188233589334878985e-02
1.345492599790701176e-02
1.014925373134328325e-02
1.290322580645161289e-02
1.503759398496240518e-02
1.051862673484295178e-02
1.649106733852496662e-02
1.536454558631685820e-02
1.442236938925680646e-02
1.848814671239003976e-02
1.535962191699896673e-02
1.577965858556878639e-02
1.677704194260485823e-02
1.569539311146635543e-02
1.607860652076820163e-02
1.138852387209811703e-02
1.122062168309325217e-02
1.090962700869821562e-02
1.306219385483152820e-02
1.174225744899456969e-02
1.123919308357348643e-02
1.800450112528131918e-02
1.893418842571385069e-02
1.321003963011889090e-02
2.257071669353656607e-02
1.810357619824899678e-02
2.239575659348755007e-02
2.212587830766930830e-02
2.685382972230698773e-02
2.852374450007585938e-02
3.310781632359291460e-02
4.186937933067964163e-02
4.362367311327614017e-02
5.108289768483943033e-02
5.056615480068248764e-02
2.119606358819076455e-02
2.127659574468085055e-02
1.543614387651084940e-02
1.682378535170413192e-02
2.025392986698911629e-02
1.465872652313330270e-02
1.319538161643424821e-02
1.481911956995496209e-02
1.455085374907201176e-02
1.643585451225080055e-02
1.695658529454758048e-02
2.385510234133412025e-02
2.586713697824808908e-02
3.768506056527590881e-02
3.967670830271859128e-02
5.919786887672044001e-02
5.026819923371647625e-02
5.551387846961740313e-02
6.276211135213304038e-02
6.785233896278583532e-02
8.268353685449462975e-02
4.500229603551201413e-02
3.108653415035121659e-02
2.897265336289726531e-02
2.389233328292756850e-02
2.429989628093050941e-02
2.633547807870716823e-02
1.946768060836501918e-02
2.322383498854086945e-02
2.225229288828747473e-02
1.917028605661225127e-02
2.055712796067332010e-02
1.775236948999548564e-02
1.689291101055806835e-02
1.925970508576587553e-02
1.952707856598016878e-02
1.729020718437919088e-02
4.164846366681228956e-02
4.927579513214872670e-02
6.187471140526396712e-02
4.883011190233977478e-02
2.917100759041523980e-02
2.380593641705590000e-02
1.669449081803004928e-02
1.465968586387434575e-02
8.816497310221159053e-03
1.707577374599786660e-02
1.333333333333333419e-02
1.335611119739089914e-02
1.151034375486078773e-02
1.424890101561315792e-02
1.632159588937584851e-02
1.377621307209551428e-02
1.669449081803004928e-02
1.805535000739973486e-02
1.171347049106472374e-02
2.095322414047513793e-02
2.220508866615265864e-02
3.589743589743589480e-02
3.578350976591620353e-02
4.868635891346296402e-02
6.147729010552072104e-02
6.228882033201116331e-02
5.263958618591206562e-02
2.458643193200789334e-02
2.335550628233555234e-02
2.478721815738390427e-02
1.669897122409422924e-02
2.026093630084420741e-02
1.905347264904732468e-02
1.695685087055261164e-02
1.997276441216522952e-02
1.572700296735905084e-02
1.475334255417242932e-02
1.606303985452341154e-02
1.477755069957553853e-02
2.050007765180928559e-02
2.320458217065648338e-02
2.643559994125422100e-02
3.496608892238130956e-02
3.957106177314605178e-02
2.660289941712748463e-02
2.619954303122620093e-02
1.539622641509433981e-02
1.324104724646403899e-02
1.506477854775534718e-02
1.668469025181523388e-02
1.455950081711484233e-02
1.464530892448512658e-02
1.694132142307100061e-02
1.396266504780695021e-02
1.540552786588128727e-02
1.285266457680250829e-02
1.376778338687471327e-02
8.749434303816564298e-03
1.152993348115299334e-02
1.497783891181415222e-02
1.645196337110041776e-02
2.255753696082914150e-02
3.294117647058823761e-02
5.208175624526873576e-02
5.114933779875171366e-02
5.274921770227983947e-02
5.576043664257265137e-02
2.684955493944258045e-02
1.971788260276050378e-02
2.307337332718043324e-02
1.797056545313710160e-02
1.452344931921331281e-02
1.492310035023602932e-02
1.449275362318840597e-02
1.315583398590446443e-02
1.409553641346906853e-02
1.077038145100972337e-02
1.129943502824858753e-02
1.246475738240094937e-02
1.367096473512505878e-02
1.437528674109190933e-02
1.503523884103367264e-02
1.739661223866931228e-02
1.801801801801801786e-02
1.401311866428145425e-02
1.672495058537326953e-02
1.527431421446383969e-02
1.471264367816091899e-02
1.086464463558171195e-02
1.451686072886738260e-02
1.072468208978090941e-02
1.588513823125095592e-02
1.195156471143261553e-02
1.481481481481481538e-02
1.344948800244536065e-02
1.827059379429831626e-02
1.336441336441336440e-02
1.652892561983471120e-02
1.281073661735549797e-02
1.232156273478587569e-02
1.386918833727344286e-02
8.978003890468351858e-03
1.294498381877022715e-02
1.033906036186711327e-02
1.016356995394632375e-02
8.707821489659461553e-03
1.401797958250800002e-02
1.438848920863309427e-02
1.330376940133037693e-02
1.215251405134437114e-02
1.206496519721577711e-02
1.024685607824871864e-02
9.612496245118654428e-03
9.277270686817298134e-03
1.169960474308300372e-02
1.322418136020151076e-02
1.210992081974848582e-02
1.113408620963893779e-02
1.383865387639566027e-02
1.455005535347145273e-02
1.182297491612078685e-02
1.098383806684449966e-02
