4.320000000000000000e+02
5.400000000000000000e+02
5.420000000000000000e+02
5.620000000000000000e+02
6.040000000000000000e+02
6.120000000000000000e+02
6.460000000000000000e+02
6.440000000000000000e+02
7.620000000000000000e+02
7.180000000000000000e+02
8.540000000000000000e+02
9.620000000000000000e+02
8.620000000000000000e+02
9.720000000000000000e+02
1.010000000000000000e+03
1.062000000000000000e+03
1.008000000000000000e+03
1.032000000000000000e+03
1.236000000000000000e+03
1.168000000000000000e+03
1.096000000000000000e+03
1.132000000000000000e+03
1.102000000000000000e+03
1.132000000000000000e+03
1.142000000000000000e+03
1.190000000000000000e+03
1.226000000000000000e+03
1.249000000000000000e+03
1.230000000000000000e+03
1.366000000000000000e+03
1.210000000000000000e+03
1.360000000000000000e+03
1.484000000000000000e+03
1.590000000000000000e+03
1.504000000000000000e+03
1.726000000000000000e+03
1.684000000000000000e+03
1.804000000000000000e+03
1.894000000000000000e+03
1.886000000000000000e+03
1.830000000000000000e+03
1.672000000000000000e+03
1.426000000000000000e+03
1.276000000000000000e+03
1.084000000000000000e+03
1.000000000000000000e+03
9.600000000000000000e+02
8.720000000000000000e+02
8.480000000000000000e+02
7.900000000000000000e+02
7.480000000000000000e+02
7.740000000000000000e+02
8.260000000000000000e+02
8.020000000000000000e+02
8.320000000000000000e+02
7.640000000000000000e+02
7.860000000000000000e+02
7.520000000000000000e+02
7.440000000000000000e+02
7.740000000000000000e+02
7.960000000000000000e+02
7.200000000000000000e+02
6.900000000000000000e+02
7.660000000000000000e+02
6.980000000000000000e+02
6.400000000000000000e+02
6.740000000000000000e+02
6.000000000000000000e+02
6.420000000000000000e+02
6.200000000000000000e+02
6.600000000000000000e+02
6.340000000000000000e+02
6.980000000000000000e+02
7.520000000000000000e+02
6.400000000000000000e+02
6.800000000000000000e+02
6.680000000000000000e+02
6.360000000000000000e+02
5.400000000000000000e+02
5.680000000000000000e+02
5.720000000000000000e+02
5.520000000000000000e+02
5.780000000000000000e+02
5.580000000000000000e+02
5.500000000000000000e+02
5.800000000000000000e+02
5.160000000000000000e+02
4.020000000000000000e+02
4.880000000000000000e+02
4.640000000000000000e+02
4.680000000000000000e+02
5.100000000000000000e+02
5.320000000000000000e+02
4.680000000000000000e+02
4.460000000000000000e+02
4.460000000000000000e+02
4.480000000000000000e+02
4.460000000000000000e+02
4.880000000000000000e+02
4.660000000000000000e+02
4.400000000000000000e+02
4.950000000000000000e+02
5.600000000000000000e+02
5.740000000000000000e+02
7.020000000000000000e+02
7.580000000000000000e+02
7.880000000000000000e+02
8.740000000000000000e+02
8.730000000000000000e+02
9.880000000000000000e+02
1.064000000000000000e+03
1.100000000000000000e+03
1.182000000000000000e+03
1.214000000000000000e+03
1.232000000000000000e+03
1.294000000000000000e+03
1.330000000000000000e+03
1.220000000000000000e+03
1.142000000000000000e+03
1.204000000000000000e+03
1.032000000000000000e+03
8.040000000000000000e+02
7.520000000000000000e+02
7.060000000000000000e+02
6.020000000000000000e+02
6.200000000000000000e+02
5.660000000000000000e+02
4.880000000000000000e+02
5.100000000000000000e+02
4.160000000000000000e+02
3.480000000000000000e+02
3.920000000000000000e+02
3.260000000000000000e+02
3.600000000000000000e+02
3.680000000000000000e+02
3.480000000000000000e+02
3.960000000000000000e+02
3.880000000000000000e+02
3.340000000000000000e+02
3.460000000000000000e+02
3.500000000000000000e+02
3.480000000000000000e+02
3.740000000000000000e+02
3.440000000000000000e+02
3.760000000000000000e+02
3.840000000000000000e+02
3.420000000000000000e+02
3.820000000000000000e+02
3.460000000000000000e+02
3.960000000000000000e+02
3.400000000000000000e+02
3.660000000000000000e+02
4.080000000000000000e+02
3.840000000000000000e+02
3.900000000000000000e+02
3.700000000000000000e+02
4.040000000000000000e+02
