5.300000000000000000e+02
5.440000000000000000e+02
6.140000000000000000e+02
6.460000000000000000e+02
6.720000000000000000e+02
7.050000000000000000e+02
7.820000000000000000e+02
7.960000000000000000e+02
8.780000000000000000e+02
9.560000000000000000e+02
9.020000000000000000e+02
1.004000000000000000e+03
1.104000000000000000e+03
1.086000000000000000e+03
1.182000000000000000e+03
1.142000000000000000e+03
1.246000000000000000e+03
1.226000000000000000e+03
1.156000000000000000e+03
1.142000000000000000e+03
1.152000000000000000e+03
1.203000000000000000e+03
1.258000000000000000e+03
1.200000000000000000e+03
1.302000000000000000e+03
1.194000000000000000e+03
1.278000000000000000e+03
1.296000000000000000e+03
1.476000000000000000e+03
1.408000000000000000e+03
1.514000000000000000e+03
1.484000000000000000e+03
1.572000000000000000e+03
1.560000000000000000e+03
1.706000000000000000e+03
1.665000000000000000e+03
1.630000000000000000e+03
1.676000000000000000e+03
1.412000000000000000e+03
1.302000000000000000e+03
1.208000000000000000e+03
1.042000000000000000e+03
1.062000000000000000e+03
8.680000000000000000e+02
8.760000000000000000e+02
8.660000000000000000e+02
8.700000000000000000e+02
7.880000000000000000e+02
7.660000000000000000e+02
7.480000000000000000e+02
8.040000000000000000e+02
7.700000000000000000e+02
7.720000000000000000e+02
8.100000000000000000e+02
7.560000000000000000e+02
7.360000000000000000e+02
7.720000000000000000e+02
7.440000000000000000e+02
7.580000000000000000e+02
6.740000000000000000e+02
6.380000000000000000e+02
6.520000000000000000e+02
7.060000000000000000e+02
6.900000000000000000e+02
7.040000000000000000e+02
6.540000000000000000e+02
6.540000000000000000e+02
6.660000000000000000e+02
6.600000000000000000e+02
7.260000000000000000e+02
7.480000000000000000e+02
7.300000000000000000e+02
6.320000000000000000e+02
5.460000000000000000e+02
5.820000000000000000e+02
5.820000000000000000e+02
5.220000000000000000e+02
5.520000000000000000e+02
5.880000000000000000e+02
5.420000000000000000e+02
5.200000000000000000e+02
4.960000000000000000e+02
5.100000000000000000e+02
5.460000000000000000e+02
4.440000000000000000e+02
4.500000000000000000e+02
4.920000000000000000e+02
4.470000000000000000e+02
4.560000000000000000e+02
4.620000000000000000e+02
4.400000000000000000e+02
4.860000000000000000e+02
4.620000000000000000e+02
4.880000000000000000e+02
4.700000000000000000e+02
4.920000000000000000e+02
5.740000000000000000e+02
5.420000000000000000e+02
5.680000000000000000e+02
6.280000000000000000e+02
7.000000000000000000e+02
6.220000000000000000e+02
6.520000000000000000e+02
7.440000000000000000e+02
8.060000000000000000e+02
7.960000000000000000e+02
8.610000000000000000e+02
8.500000000000000000e+02
9.540000000000000000e+02
9.880000000000000000e+02
9.720000000000000000e+02
1.140000000000000000e+03
1.332000000000000000e+03
1.356000000000000000e+03
1.258000000000000000e+03
1.420000000000000000e+03
1.254000000000000000e+03
1.146000000000000000e+03
9.800000000000000000e+02
8.680000000000000000e+02
8.740000000000000000e+02
7.420000000000000000e+02
7.300000000000000000e+02
6.860000000000000000e+02
6.280000000000000000e+02
5.940000000000000000e+02
5.300000000000000000e+02
5.360000000000000000e+02
4.940000000000000000e+02
4.400000000000000000e+02
4.820000000000000000e+02
3.840000000000000000e+02
4.120000000000000000e+02
3.800000000000000000e+02
4.140000000000000000e+02
3.680000000000000000e+02
3.420000000000000000e+02
3.760000000000000000e+02
3.980000000000000000e+02
3.740000000000000000e+02
3.480000000000000000e+02
3.100000000000000000e+02
3.360000000000000000e+02
3.700000000000000000e+02
4.040000000000000000e+02
3.960000000000000000e+02
3.500000000000000000e+02
3.700000000000000000e+02
3.720000000000000000e+02
3.920000000000000000e+02
3.940000000000000000e+02
4.220000000000000000e+02
3.660000000000000000e+02
3.740000000000000000e+02
4.580000000000000000e+02
4.060000000000000000e+02
4.140000000000000000e+02
