1.171899999999999942e+01
1.172100000000000009e+01
1.172100000000000009e+01
1.171700000000000053e+01
1.171499999999999986e+01
1.171000000000000085e+01
1.170800000000000018e+01
1.170800000000000018e+01
1.171000000000000085e+01
1.170700000000000074e+01
1.170400000000000063e+01
1.170199999999999996e+01
1.170199999999999996e+01
1.169899999999999984e+01
1.169899999999999984e+01
1.169800000000000040e+01
1.169500000000000028e+01
1.169500000000000028e+01
1.169500000000000028e+01
1.169299999999999962e+01
1.169299999999999962e+01
1.169500000000000028e+01
1.169400000000000084e+01
1.168999999999999950e+01
1.169100000000000072e+01
1.168999999999999950e+01
1.168900000000000006e+01
1.168900000000000006e+01
1.168900000000000006e+01
1.168999999999999950e+01
1.168699999999999939e+01
1.169100000000000072e+01
1.168900000000000006e+01
1.168900000000000006e+01
1.168699999999999939e+01
1.169100000000000072e+01
1.169299999999999962e+01
1.169100000000000072e+01
1.169100000000000072e+01
1.169599999999999973e+01
1.169100000000000072e+01
1.168900000000000006e+01
1.169299999999999962e+01
1.169200000000000017e+01
1.169200000000000017e+01
1.169200000000000017e+01
1.168800000000000061e+01
1.169500000000000028e+01
1.169100000000000072e+01
1.169200000000000017e+01
1.169100000000000072e+01
1.169200000000000017e+01
1.169200000000000017e+01
1.168900000000000006e+01
1.168900000000000006e+01
1.169500000000000028e+01
1.169200000000000017e+01
1.169200000000000017e+01
1.168900000000000006e+01
1.169100000000000072e+01
1.168900000000000006e+01
1.168599999999999994e+01
1.168699999999999939e+01
1.168800000000000061e+01
1.168800000000000061e+01
1.168900000000000006e+01
1.168699999999999939e+01
1.168900000000000006e+01
1.168800000000000061e+01
1.168699999999999939e+01
1.168800000000000061e+01
1.169100000000000072e+01
1.169200000000000017e+01
1.168900000000000006e+01
1.168900000000000006e+01
1.168800000000000061e+01
1.168699999999999939e+01
1.169100000000000072e+01
1.168900000000000006e+01
1.169100000000000072e+01
1.168900000000000006e+01
