4.866000000000000000e+03
5.154000000000000000e+03
5.232000000000000000e+03
5.282000000000000000e+03
5.217000000000000000e+03
5.278000000000000000e+03
4.996000000000000000e+03
5.164000000000000000e+03
5.026000000000000000e+03
5.104000000000000000e+03
5.030000000000000000e+03
5.056000000000000000e+03
5.120000000000000000e+03
4.936000000000000000e+03
4.900000000000000000e+03
4.948000000000000000e+03
4.866000000000000000e+03
4.942000000000000000e+03
4.938000000000000000e+03
4.768000000000000000e+03
4.968000000000000000e+03
4.732000000000000000e+03
4.838000000000000000e+03
4.710000000000000000e+03
4.672000000000000000e+03
4.820000000000000000e+03
4.752000000000000000e+03
4.684000000000000000e+03
4.742000000000000000e+03
4.581000000000000000e+03
4.544000000000000000e+03
4.518000000000000000e+03
4.310000000000000000e+03
4.294000000000000000e+03
4.428000000000000000e+03
4.252000000000000000e+03
4.148000000000000000e+03
4.190000000000000000e+03
4.328000000000000000e+03
4.172000000000000000e+03
4.251000000000000000e+03
4.536000000000000000e+03
4.497000000000000000e+03
4.574000000000000000e+03
4.682000000000000000e+03
4.582000000000000000e+03
4.784000000000000000e+03
4.852000000000000000e+03
4.722000000000000000e+03
4.800000000000000000e+03
4.700000000000000000e+03
4.918000000000000000e+03
4.618000000000000000e+03
4.889000000000000000e+03
4.943000000000000000e+03
4.762000000000000000e+03
4.688000000000000000e+03
4.612000000000000000e+03
4.798000000000000000e+03
4.972000000000000000e+03
4.712000000000000000e+03
5.011000000000000000e+03
4.858000000000000000e+03
4.878000000000000000e+03
4.984000000000000000e+03
4.916000000000000000e+03
4.671000000000000000e+03
4.856000000000000000e+03
4.814000000000000000e+03
4.840000000000000000e+03
4.740000000000000000e+03
4.798000000000000000e+03
4.730000000000000000e+03
4.773000000000000000e+03
4.806000000000000000e+03
4.740000000000000000e+03
4.966000000000000000e+03
4.870000000000000000e+03
4.900000000000000000e+03
5.170000000000000000e+03
5.262000000000000000e+03
5.054000000000000000e+03
4.837000000000000000e+03
5.151000000000000000e+03
5.016000000000000000e+03
5.004000000000000000e+03
5.034000000000000000e+03
5.076000000000000000e+03
5.164000000000000000e+03
5.080000000000000000e+03
5.082000000000000000e+03
5.084000000000000000e+03
5.152000000000000000e+03
4.905000000000000000e+03
4.992000000000000000e+03
5.068000000000000000e+03
5.014000000000000000e+03
5.010000000000000000e+03
4.950000000000000000e+03
4.844000000000000000e+03
5.100000000000000000e+03
4.864000000000000000e+03
4.931000000000000000e+03
5.036000000000000000e+03
5.168000000000000000e+03
4.774000000000000000e+03
4.745000000000000000e+03
4.784000000000000000e+03
4.792000000000000000e+03
4.692000000000000000e+03
4.686000000000000000e+03
4.494000000000000000e+03
4.412000000000000000e+03
4.544000000000000000e+03
4.404000000000000000e+03
4.450000000000000000e+03
4.488000000000000000e+03
4.674000000000000000e+03
4.643000000000000000e+03
4.826000000000000000e+03
4.936000000000000000e+03
4.974000000000000000e+03
4.964000000000000000e+03
4.998000000000000000e+03
5.150000000000000000e+03
5.010000000000000000e+03
5.054000000000000000e+03
5.114000000000000000e+03
5.358000000000000000e+03
5.216000000000000000e+03
5.239000000000000000e+03
5.170000000000000000e+03
5.298000000000000000e+03
5.306000000000000000e+03
5.140000000000000000e+03
5.328000000000000000e+03
5.468000000000000000e+03
5.246000000000000000e+03
5.292000000000000000e+03
5.436000000000000000e+03
5.340000000000000000e+03
5.142000000000000000e+03
5.446000000000000000e+03
5.342000000000000000e+03
5.424000000000000000e+03
5.408000000000000000e+03
5.176000000000000000e+03
5.298000000000000000e+03
5.236000000000000000e+03
5.405000000000000000e+03
5.494000000000000000e+03
5.180000000000000000e+03
5.354000000000000000e+03
5.109000000000000000e+03
5.270000000000000000e+03
5.028000000000000000e+03
5.218000000000000000e+03
