4.260000000000000000e+02
5.540000000000000000e+02
4.980000000000000000e+02
4.760000000000000000e+02
5.960000000000000000e+02
5.880000000000000000e+02
6.020000000000000000e+02
6.740000000000000000e+02
6.880000000000000000e+02
7.900000000000000000e+02
7.600000000000000000e+02
7.720000000000000000e+02
8.880000000000000000e+02
8.180000000000000000e+02
9.360000000000000000e+02
9.020000000000000000e+02
9.680000000000000000e+02
1.012000000000000000e+03
1.040000000000000000e+03
1.040000000000000000e+03
9.560000000000000000e+02
1.110000000000000000e+03
1.084000000000000000e+03
1.090000000000000000e+03
1.044000000000000000e+03
1.092000000000000000e+03
1.090000000000000000e+03
1.096000000000000000e+03
1.116000000000000000e+03
1.212000000000000000e+03
1.146000000000000000e+03
1.299000000000000000e+03
1.352000000000000000e+03
1.358000000000000000e+03
1.348000000000000000e+03
1.460000000000000000e+03
1.476000000000000000e+03
1.592000000000000000e+03
1.644000000000000000e+03
1.670000000000000000e+03
1.820000000000000000e+03
1.854000000000000000e+03
1.582000000000000000e+03
1.482000000000000000e+03
1.228000000000000000e+03
1.084000000000000000e+03
1.046000000000000000e+03
9.200000000000000000e+02
7.980000000000000000e+02
8.420000000000000000e+02
8.680000000000000000e+02
7.540000000000000000e+02
8.960000000000000000e+02
8.580000000000000000e+02
7.740000000000000000e+02
8.840000000000000000e+02
8.460000000000000000e+02
8.280000000000000000e+02
7.660000000000000000e+02
7.940000000000000000e+02
7.080000000000000000e+02
6.960000000000000000e+02
7.580000000000000000e+02
6.300000000000000000e+02
6.760000000000000000e+02
7.500000000000000000e+02
7.480000000000000000e+02
6.060000000000000000e+02
6.620000000000000000e+02
6.600000000000000000e+02
6.220000000000000000e+02
6.420000000000000000e+02
6.700000000000000000e+02
6.960000000000000000e+02
6.520000000000000000e+02
7.020000000000000000e+02
6.480000000000000000e+02
5.740000000000000000e+02
6.060000000000000000e+02
5.540000000000000000e+02
5.820000000000000000e+02
5.500000000000000000e+02
6.080000000000000000e+02
4.660000000000000000e+02
4.740000000000000000e+02
5.040000000000000000e+02
5.160000000000000000e+02
5.600000000000000000e+02
5.100000000000000000e+02
5.120000000000000000e+02
5.360000000000000000e+02
4.580000000000000000e+02
4.700000000000000000e+02
4.640000000000000000e+02
4.660000000000000000e+02
4.360000000000000000e+02
4.220000000000000000e+02
4.340000000000000000e+02
4.580000000000000000e+02
4.340000000000000000e+02
4.410000000000000000e+02
4.760000000000000000e+02
5.180000000000000000e+02
5.780000000000000000e+02
6.100000000000000000e+02
7.560000000000000000e+02
8.160000000000000000e+02
9.160000000000000000e+02
9.220000000000000000e+02
9.680000000000000000e+02
9.700000000000000000e+02
1.004000000000000000e+03
1.092000000000000000e+03
1.116000000000000000e+03
1.134000000000000000e+03
1.114000000000000000e+03
1.108000000000000000e+03
1.146000000000000000e+03
1.034000000000000000e+03
9.740000000000000000e+02
8.240000000000000000e+02
7.180000000000000000e+02
7.040000000000000000e+02
6.700000000000000000e+02
5.400000000000000000e+02
5.080000000000000000e+02
5.680000000000000000e+02
4.840000000000000000e+02
4.820000000000000000e+02
4.300000000000000000e+02
4.140000000000000000e+02
3.760000000000000000e+02
3.820000000000000000e+02
3.580000000000000000e+02
3.580000000000000000e+02
3.500000000000000000e+02
3.300000000000000000e+02
3.320000000000000000e+02
3.660000000000000000e+02
4.120000000000000000e+02
3.840000000000000000e+02
3.820000000000000000e+02
4.240000000000000000e+02
3.480000000000000000e+02
3.680000000000000000e+02
3.820000000000000000e+02
4.300000000000000000e+02
3.600000000000000000e+02
3.660000000000000000e+02
3.940000000000000000e+02
3.500000000000000000e+02
4.000000000000000000e+02
3.940000000000000000e+02
3.820000000000000000e+02
4.000000000000000000e+02
4.300000000000000000e+02
3.800000000000000000e+02
