1.350000000000000000e+03
1.268000000000000000e+03
1.325000000000000000e+03
1.336000000000000000e+03
1.336000000000000000e+03
1.366000000000000000e+03
1.398000000000000000e+03
1.438000000000000000e+03
1.382000000000000000e+03
1.356000000000000000e+03
1.336000000000000000e+03
1.376000000000000000e+03
1.386000000000000000e+03
1.452000000000000000e+03
1.310000000000000000e+03
1.490000000000000000e+03
1.373000000000000000e+03
1.362000000000000000e+03
1.346000000000000000e+03
1.318000000000000000e+03
1.464000000000000000e+03
1.386000000000000000e+03
1.312000000000000000e+03
1.376000000000000000e+03
1.392000000000000000e+03
1.360000000000000000e+03
1.428000000000000000e+03
1.396000000000000000e+03
1.367000000000000000e+03
1.403000000000000000e+03
1.258000000000000000e+03
1.268000000000000000e+03
1.324000000000000000e+03
1.258000000000000000e+03
1.260000000000000000e+03
1.135000000000000000e+03
1.152000000000000000e+03
1.138000000000000000e+03
1.102000000000000000e+03
1.028000000000000000e+03
1.168000000000000000e+03
1.274000000000000000e+03
1.352000000000000000e+03
1.349000000000000000e+03
1.312000000000000000e+03
1.416000000000000000e+03
1.296000000000000000e+03
1.334000000000000000e+03
1.446000000000000000e+03
1.374000000000000000e+03
1.320000000000000000e+03
1.270000000000000000e+03
1.334000000000000000e+03
1.374000000000000000e+03
1.246000000000000000e+03
1.184000000000000000e+03
1.214000000000000000e+03
1.228000000000000000e+03
1.216000000000000000e+03
1.178000000000000000e+03
1.082000000000000000e+03
1.022000000000000000e+03
1.130000000000000000e+03
1.166000000000000000e+03
1.168000000000000000e+03
1.234000000000000000e+03
1.206000000000000000e+03
1.316000000000000000e+03
1.276000000000000000e+03
1.242000000000000000e+03
1.214000000000000000e+03
1.300000000000000000e+03
1.290000000000000000e+03
1.232000000000000000e+03
1.210000000000000000e+03
1.226000000000000000e+03
1.292000000000000000e+03
1.284000000000000000e+03
1.192000000000000000e+03
1.236000000000000000e+03
1.085000000000000000e+03
1.258000000000000000e+03
1.270000000000000000e+03
1.344000000000000000e+03
1.368000000000000000e+03
1.330000000000000000e+03
1.364000000000000000e+03
1.388000000000000000e+03
1.414000000000000000e+03
1.416000000000000000e+03
1.444000000000000000e+03
1.401000000000000000e+03
1.376000000000000000e+03
1.316000000000000000e+03
1.377000000000000000e+03
1.398000000000000000e+03
1.388000000000000000e+03
1.304000000000000000e+03
1.260000000000000000e+03
1.380000000000000000e+03
1.334000000000000000e+03
1.212000000000000000e+03
1.088000000000000000e+03
9.420000000000000000e+02
6.560000000000000000e+02
1.260000000000000000e+03
1.202000000000000000e+03
1.300000000000000000e+03
1.378000000000000000e+03
1.358000000000000000e+03
1.304000000000000000e+03
1.366000000000000000e+03
1.364000000000000000e+03
1.404000000000000000e+03
1.406000000000000000e+03
1.390000000000000000e+03
1.398000000000000000e+03
1.358000000000000000e+03
1.268000000000000000e+03
1.352000000000000000e+03
1.247000000000000000e+03
1.302000000000000000e+03
1.347000000000000000e+03
1.376000000000000000e+03
1.390000000000000000e+03
1.340000000000000000e+03
1.280000000000000000e+03
1.348000000000000000e+03
1.374000000000000000e+03
1.330000000000000000e+03
1.343000000000000000e+03
1.392000000000000000e+03
1.444000000000000000e+03
1.292000000000000000e+03
1.346000000000000000e+03
1.380000000000000000e+03
1.384000000000000000e+03
1.396000000000000000e+03
1.242000000000000000e+03
1.316000000000000000e+03
1.242000000000000000e+03
1.224000000000000000e+03
1.128000000000000000e+03
9.880000000000000000e+02
1.150000000000000000e+03
1.082000000000000000e+03
1.246000000000000000e+03
1.211000000000000000e+03
1.282000000000000000e+03
1.386000000000000000e+03
1.388000000000000000e+03
1.350000000000000000e+03
1.362000000000000000e+03
1.412000000000000000e+03
1.394000000000000000e+03
1.426000000000000000e+03
1.416000000000000000e+03
1.377000000000000000e+03
1.280000000000000000e+03
1.348000000000000000e+03
1.356000000000000000e+03
1.356000000000000000e+03
1.350000000000000000e+03
1.423000000000000000e+03
1.418000000000000000e+03
1.368000000000000000e+03
1.286000000000000000e+03
1.354000000000000000e+03
1.324000000000000000e+03
1.372000000000000000e+03
1.348000000000000000e+03
1.414000000000000000e+03
1.369000000000000000e+03
1.320000000000000000e+03
1.396000000000000000e+03
1.446000000000000000e+03
1.350000000000000000e+03
1.344000000000000000e+03
1.422000000000000000e+03
1.376000000000000000e+03
1.400000000000000000e+03
1.366000000000000000e+03
1.346000000000000000e+03
1.378000000000000000e+03
1.389000000000000000e+03
1.356000000000000000e+03
1.376000000000000000e+03
1.464000000000000000e+03
1.322000000000000000e+03
1.403000000000000000e+03
1.404000000000000000e+03
1.429000000000000000e+03
1.353000000000000000e+03
1.378000000000000000e+03
1.306000000000000000e+03
1.272000000000000000e+03
1.358000000000000000e+03
1.378000000000000000e+03
1.372000000000000000e+03
1.445000000000000000e+03
