4.826000000000000000e+03
4.760000000000000000e+03
5.062000000000000000e+03
5.015000000000000000e+03
4.724000000000000000e+03
4.826000000000000000e+03
4.861000000000000000e+03
4.714000000000000000e+03
4.744000000000000000e+03
4.852000000000000000e+03
4.742000000000000000e+03
4.484000000000000000e+03
4.698000000000000000e+03
4.558000000000000000e+03
4.478000000000000000e+03
4.470000000000000000e+03
4.460000000000000000e+03
4.439000000000000000e+03
4.440000000000000000e+03
4.304000000000000000e+03
4.348000000000000000e+03
4.357000000000000000e+03
4.162000000000000000e+03
4.318000000000000000e+03
4.360000000000000000e+03
4.066000000000000000e+03
4.108000000000000000e+03
4.216000000000000000e+03
4.196000000000000000e+03
4.100000000000000000e+03
4.082000000000000000e+03
4.048000000000000000e+03
3.956000000000000000e+03
3.922000000000000000e+03
3.872000000000000000e+03
3.734000000000000000e+03
3.578000000000000000e+03
3.590000000000000000e+03
3.442000000000000000e+03
3.298000000000000000e+03
3.280000000000000000e+03
3.571000000000000000e+03
3.944000000000000000e+03
4.208000000000000000e+03
4.580000000000000000e+03
4.488000000000000000e+03
4.466000000000000000e+03
4.792000000000000000e+03
4.641000000000000000e+03
4.784000000000000000e+03
4.822000000000000000e+03
4.769000000000000000e+03
4.716000000000000000e+03
4.840000000000000000e+03
4.634000000000000000e+03
4.800000000000000000e+03
4.700000000000000000e+03
4.650000000000000000e+03
4.860000000000000000e+03
4.640000000000000000e+03
4.914000000000000000e+03
4.882000000000000000e+03
4.796000000000000000e+03
4.904000000000000000e+03
4.740000000000000000e+03
4.822000000000000000e+03
4.716000000000000000e+03
4.954000000000000000e+03
4.854000000000000000e+03
4.977000000000000000e+03
4.804000000000000000e+03
4.746000000000000000e+03
4.830000000000000000e+03
4.836000000000000000e+03
4.834000000000000000e+03
4.874000000000000000e+03
4.947000000000000000e+03
4.908000000000000000e+03
4.786000000000000000e+03
4.788000000000000000e+03
4.810000000000000000e+03
4.888000000000000000e+03
4.952000000000000000e+03
4.696000000000000000e+03
4.928000000000000000e+03
4.946000000000000000e+03
4.955000000000000000e+03
5.012000000000000000e+03
4.826000000000000000e+03
4.864000000000000000e+03
5.012000000000000000e+03
4.960000000000000000e+03
5.016000000000000000e+03
5.142000000000000000e+03
4.816000000000000000e+03
4.896000000000000000e+03
4.986000000000000000e+03
4.866000000000000000e+03
4.796000000000000000e+03
4.673000000000000000e+03
4.942000000000000000e+03
4.916000000000000000e+03
4.836000000000000000e+03
4.734000000000000000e+03
4.878000000000000000e+03
4.768000000000000000e+03
4.688000000000000000e+03
4.460000000000000000e+03
4.598000000000000000e+03
4.466000000000000000e+03
4.416000000000000000e+03
4.146000000000000000e+03
4.150000000000000000e+03
4.072000000000000000e+03
3.928000000000000000e+03
3.960000000000000000e+03
3.744000000000000000e+03
3.686000000000000000e+03
3.484000000000000000e+03
3.675000000000000000e+03
3.716000000000000000e+03
3.810000000000000000e+03
4.082000000000000000e+03
4.272000000000000000e+03
4.388000000000000000e+03
4.540000000000000000e+03
4.514000000000000000e+03
4.764000000000000000e+03
4.768000000000000000e+03
4.960000000000000000e+03
4.851000000000000000e+03
4.826000000000000000e+03
4.734000000000000000e+03
5.032000000000000000e+03
5.068000000000000000e+03
4.957000000000000000e+03
4.944000000000000000e+03
5.008000000000000000e+03
5.064000000000000000e+03
5.026000000000000000e+03
4.986000000000000000e+03
5.000000000000000000e+03
4.876000000000000000e+03
4.918000000000000000e+03
5.068000000000000000e+03
4.984000000000000000e+03
4.930000000000000000e+03
5.257000000000000000e+03
5.018000000000000000e+03
5.030000000000000000e+03
4.876000000000000000e+03
4.884000000000000000e+03
4.958000000000000000e+03
4.850000000000000000e+03
5.020000000000000000e+03
5.040000000000000000e+03
5.018000000000000000e+03
