2.007207644962747117e-01
1.921919574817304299e-01
2.068205955237383542e-01
1.987141561156470504e-01
1.991341991341991358e-01
1.990285778832034391e-01
1.961269213209557161e-01
2.044458237964076608e-01
1.905534314293438336e-01
2.031389959886279462e-01
1.912286728501087774e-01
1.964674016709266335e-01
1.960162444401469806e-01
1.889190616278192680e-01
1.883233418610867071e-01
1.923237221990679313e-01
1.929804677169519034e-01
1.865696824266056819e-01
1.802345311262772976e-01
1.796629426245029415e-01
1.755072297012234828e-01
1.798153986401792859e-01
1.920770141727470570e-01
1.888337186824849412e-01
1.839707860849509879e-01
1.744163905708518980e-01
1.633007436487863839e-01
1.677350017272483118e-01
1.599037138927097701e-01
1.619894522077222065e-01
1.690393541089746099e-01
1.622431342423660550e-01
1.693731045337632801e-01
1.674111477956884697e-01
1.793251369259642181e-01
1.678521696586504075e-01
1.749933513164393384e-01
1.775936180923982366e-01
1.684759995460907156e-01
1.690609874152952663e-01
1.693532724800932143e-01
1.686737716902004525e-01
1.678403299225771361e-01
1.781427174975561967e-01
1.825529434622109870e-01
1.889904687803929118e-01
1.921444976449063757e-01
2.026851450844521507e-01
1.999156474061577482e-01
2.006093093208900502e-01
1.976066516434843434e-01
1.937690255176819920e-01
2.009920860312772173e-01
2.003093289071636030e-01
2.020325982742090243e-01
2.075550652413740704e-01
2.031552936704048573e-01
2.030083910134952152e-01
2.069879244425937848e-01
1.990987920784580978e-01
2.023850085178875713e-01
1.981893253532330812e-01
2.056371883844453907e-01
2.049540093889546111e-01
2.022324359816152217e-01
2.073180195561074024e-01
1.919433983795503784e-01
2.001150086256469340e-01
2.024668728758544367e-01
2.070540864919276913e-01
2.087259633800658820e-01
1.970367519722917016e-01
2.099623403346662920e-01
2.001730819881852863e-01
2.012010863328615728e-01
2.044326577003220402e-01
2.053028274094196026e-01
2.163845106051761058e-01
2.062157935887412030e-01
2.061207866258097099e-01
2.005732849226065373e-01
