2.065628430854308251e-01
1.972233718349072629e-01
1.959474102434443366e-01
1.980469172282079970e-01
1.962433617279110420e-01
2.057264050901378705e-01
2.028091314920335286e-01
2.005012531328320691e-01
1.997497765862377150e-01
1.970747834836669432e-01
1.983021098255543235e-01
1.951059884376249998e-01
2.058153857638759243e-01
2.017699115044247760e-01
1.985939605871853697e-01
1.944156447749454675e-01
1.929538115452995306e-01
1.921613115713972086e-01
1.960899819594271176e-01
1.908344978322404906e-01
1.874176665361199090e-01
1.920941349512778062e-01
1.977459776080670306e-01
1.928765141927318849e-01
1.805123807482045262e-01
1.800007064391932476e-01
1.734051786489223257e-01
1.804549590536851655e-01
1.763303078839651150e-01
1.672708630854297107e-01
1.637797544023911478e-01
1.627765228926894014e-01
1.578657056703684503e-01
1.499234357750792446e-01
1.558470349159430945e-01
1.423599662966626433e-01
1.449339045735837939e-01
1.280881655293216181e-01
1.170124180876869063e-01
8.883111255551943974e-02
9.966850023678554271e-02
1.623706560842636260e-01
1.638550735108189049e-01
1.716241307751119605e-01
1.697165279254831405e-01
1.794005449591280776e-01
1.843721272292700997e-01
1.869939549368015985e-01
1.883057594682444047e-01
1.923940654566874131e-01
1.827403863448325561e-01
1.919247182405077190e-01
1.923034754961078785e-01
1.829361469892668846e-01
1.955977428155013242e-01
1.997877323964280527e-01
1.968083145984594329e-01
1.918176207935528288e-01
1.905796314398464919e-01
1.984586452302813664e-01
1.938974566601641691e-01
1.964097914777878651e-01
1.991573548268913696e-01
1.923602140616349765e-01
1.907512364174578645e-01
1.875745419061043140e-01
1.878516394911306231e-01
1.979657118211551603e-01
1.967528991971453922e-01
1.874384864943680895e-01
1.884756903511592141e-01
1.963270185097982512e-01
1.929255868628219350e-01
1.885863164281380566e-01
1.941098205616886563e-01
2.009641135511515686e-01
1.939273128537357949e-01
1.889320457541959208e-01
1.904626029889075201e-01
1.995175864924217946e-01
1.915216547245067180e-01
