1.166600000000000037e+01
1.166799999999999926e+01
1.166300000000000026e+01
1.166099999999999959e+01
1.166200000000000081e+01
1.165499999999999936e+01
1.165499999999999936e+01
1.165399999999999991e+01
1.165000000000000036e+01
1.165000000000000036e+01
1.164799999999999969e+01
1.164600000000000080e+01
1.164400000000000013e+01
1.164199999999999946e+01
1.164499999999999957e+01
1.164400000000000013e+01
1.164199999999999946e+01
1.163599999999999923e+01
1.163499999999999979e+01
1.163599999999999923e+01
1.163899999999999935e+01
1.163400000000000034e+01
1.163799999999999990e+01
1.163400000000000034e+01
1.163299999999999912e+01
1.163299999999999912e+01
1.163100000000000023e+01
1.163400000000000034e+01
1.163400000000000034e+01
1.163400000000000034e+01
1.163400000000000034e+01
1.163100000000000023e+01
1.163299999999999912e+01
1.163400000000000034e+01
1.163100000000000023e+01
1.163499999999999979e+01
1.163000000000000078e+01
1.163100000000000023e+01
1.163400000000000034e+01
1.163000000000000078e+01
1.163000000000000078e+01
1.162899999999999956e+01
1.163100000000000023e+01
1.163100000000000023e+01
1.163000000000000078e+01
1.163400000000000034e+01
1.163400000000000034e+01
1.162700000000000067e+01
1.163100000000000023e+01
1.163299999999999912e+01
1.163000000000000078e+01
1.163299999999999912e+01
1.163100000000000023e+01
1.163400000000000034e+01
1.163299999999999912e+01
1.162899999999999956e+01
1.163299999999999912e+01
1.163299999999999912e+01
1.163100000000000023e+01
1.163100000000000023e+01
1.163499999999999979e+01
1.163000000000000078e+01
1.163000000000000078e+01
1.163499999999999979e+01
1.163400000000000034e+01
1.163299999999999912e+01
1.163599999999999923e+01
1.163499999999999979e+01
1.163499999999999979e+01
1.163499999999999979e+01
1.163100000000000023e+01
1.163299999999999912e+01
1.162700000000000067e+01
1.163000000000000078e+01
1.163100000000000023e+01
1.162700000000000067e+01
1.163000000000000078e+01
1.163400000000000034e+01
1.163299999999999912e+01
1.164700000000000024e+01
1.165199999999999925e+01
1.164899999999999913e+01
1.165099999999999980e+01
1.165300000000000047e+01
1.164799999999999969e+01
1.165099999999999980e+01
1.165300000000000047e+01
1.165199999999999925e+01
1.165300000000000047e+01
1.165199999999999925e+01
1.165199999999999925e+01
1.164899999999999913e+01
1.164899999999999913e+01
1.165300000000000047e+01
1.165300000000000047e+01
1.165300000000000047e+01
1.165199999999999925e+01
1.165199999999999925e+01
1.165300000000000047e+01
1.165300000000000047e+01
1.165600000000000058e+01
1.165499999999999936e+01
1.165300000000000047e+01
1.165199999999999925e+01
1.165499999999999936e+01
1.165600000000000058e+01
1.165300000000000047e+01
1.165099999999999980e+01
1.165499999999999936e+01
1.165300000000000047e+01
1.165499999999999936e+01
1.165499999999999936e+01
1.165300000000000047e+01
1.165600000000000058e+01
1.165300000000000047e+01
1.165499999999999936e+01
1.165300000000000047e+01
1.165199999999999925e+01
1.165199999999999925e+01
1.165700000000000003e+01
1.165300000000000047e+01
1.165099999999999980e+01
1.165499999999999936e+01
1.165499999999999936e+01
1.164899999999999913e+01
1.165300000000000047e+01
1.165300000000000047e+01
1.165300000000000047e+01
1.165300000000000047e+01
1.165600000000000058e+01
1.165499999999999936e+01
1.165199999999999925e+01
1.165600000000000058e+01
1.165099999999999980e+01
1.165499999999999936e+01
1.165300000000000047e+01
1.165099999999999980e+01
1.164899999999999913e+01
1.165300000000000047e+01
1.165300000000000047e+01
1.165300000000000047e+01
1.163100000000000023e+01
1.163199999999999967e+01
1.163499999999999979e+01
1.163599999999999923e+01
1.163199999999999967e+01
1.163299999999999912e+01
1.163199999999999967e+01
1.163599999999999923e+01
