1.182499999999999929e+01
1.181700000000000017e+01
1.182199999999999918e+01
1.181799999999999962e+01
1.181700000000000017e+01
1.181300000000000061e+01
1.181000000000000050e+01
1.181300000000000061e+01
1.181199999999999939e+01
1.180799999999999983e+01
1.180599999999999916e+01
1.180799999999999983e+01
1.180300000000000082e+01
1.180599999999999916e+01
1.180499999999999972e+01
1.180100000000000016e+01
1.180000000000000071e+01
1.179700000000000060e+01
1.180300000000000082e+01
1.179599999999999937e+01
1.179599999999999937e+01
1.179700000000000060e+01
1.179599999999999937e+01
1.179299999999999926e+01
1.179299999999999926e+01
1.179199999999999982e+01
1.179299999999999926e+01
1.179299999999999926e+01
1.178999999999999915e+01
1.178999999999999915e+01
1.179100000000000037e+01
1.178999999999999915e+01
1.178999999999999915e+01
1.178599999999999959e+01
1.178999999999999915e+01
1.178400000000000070e+01
1.178599999999999959e+01
1.178800000000000026e+01
1.178800000000000026e+01
1.178400000000000070e+01
1.178299999999999947e+01
1.178400000000000070e+01
1.178299999999999947e+01
1.178299999999999947e+01
1.177999999999999936e+01
1.178400000000000070e+01
1.178299999999999947e+01
1.178200000000000003e+01
1.177500000000000036e+01
1.177599999999999980e+01
1.177599999999999980e+01
1.177899999999999991e+01
1.177500000000000036e+01
1.177800000000000047e+01
1.177299999999999969e+01
1.177599999999999980e+01
1.177599999999999980e+01
1.178200000000000003e+01
1.177800000000000047e+01
1.177999999999999936e+01
1.178299999999999947e+01
1.178200000000000003e+01
1.177999999999999936e+01
1.177999999999999936e+01
1.178200000000000003e+01
1.177999999999999936e+01
1.178299999999999947e+01
1.178299999999999947e+01
1.177899999999999991e+01
1.177999999999999936e+01
1.178400000000000070e+01
1.178200000000000003e+01
1.177899999999999991e+01
1.177999999999999936e+01
1.177999999999999936e+01
1.177899999999999991e+01
1.177999999999999936e+01
1.177500000000000036e+01
1.177800000000000047e+01
1.178200000000000003e+01
1.177800000000000047e+01
1.177899999999999991e+01
1.177800000000000047e+01
1.177800000000000047e+01
1.177999999999999936e+01
