1.917562053086743212e-01
1.960038741614951452e-01
1.894766011985174470e-01
1.915587760568700781e-01
1.946995355983099918e-01
1.917268548916611914e-01
1.942011793028854405e-01
1.932548365808759716e-01
1.915759451845153172e-01
1.899317465266950888e-01
1.882753587934808959e-01
1.901563683956740414e-01
1.917731879767336500e-01
1.986149681864519956e-01
1.937844028855687240e-01
1.939498703543647284e-01
1.997438294042302720e-01
1.920696926746638111e-01
1.910920034393809031e-01
1.937359404741304802e-01
1.964864403888794131e-01
1.894066490909713518e-01
1.874145474432594993e-01
1.904401390274957917e-01
1.928277483833039374e-01
1.876668168740684151e-01
1.863543435323469222e-01
1.855449172168262550e-01
1.837923546241080897e-01
1.846270040166157478e-01
1.841696844283497170e-01
1.829247326616924019e-01
1.789397440761563152e-01
1.803135584343028841e-01
1.719575805727313611e-01
1.696307381756168853e-01
1.609989187680931910e-01
1.587663796978183439e-01
1.497008059216215214e-01
1.600359475994607983e-01
1.554716981132075460e-01
1.566980247856423758e-01
1.529495476569647239e-01
1.564533528204057611e-01
1.605138653866077236e-01
1.654050628454740712e-01
1.608652496834034884e-01
1.667008898015058249e-01
1.663394978820126047e-01
1.655034895314057841e-01
1.696978031422972377e-01
1.689449100151119709e-01
1.697208717233876230e-01
1.725137012601668518e-01
1.761886701375719733e-01
1.771968046477850334e-01
1.795294365160068628e-01
1.800842295778079527e-01
1.827503226031458039e-01
1.880441890078122236e-01
1.843946692921692165e-01
1.818181818181818232e-01
1.837983098193133324e-01
1.868956609767165877e-01
1.856997865117418489e-01
1.936295657175726159e-01
1.940685491031788334e-01
1.973651326359384395e-01
1.919237749546279515e-01
1.928984427654215905e-01
1.972245132140423851e-01
1.842756122200160107e-01
1.938902521426793257e-01
1.957768144315480408e-01
1.945877645572285930e-01
1.952164090794994145e-01
1.947275679784403746e-01
1.928117204792186290e-01
1.930934356528051510e-01
1.989356487640921434e-01
2.008469449485783542e-01
1.947594291894909346e-01
1.976829141008245583e-01
1.918089437848564671e-01
1.936823167145279023e-01
