1.777777777777777776e-02
1.947180804170340132e-02
2.103738709554479891e-02
2.051937314442481980e-02
2.246941867770427606e-02
2.175456958098157326e-02
2.368470676975296951e-02
2.659118841011507903e-02
2.973921576027474881e-02
3.071659663084303285e-02
3.235239681658338279e-02
3.570775253356748419e-02
3.841706762149863646e-02
4.020399806425194178e-02
4.394702480880433026e-02
4.413576789514954413e-02
4.572722127900396422e-02
4.583663161069018860e-02
4.642064477297520864e-02
5.101156613796481443e-02
4.969683443068109718e-02
5.265291083271923106e-02
5.407601669560078289e-02
4.845700737228170185e-02
5.129169330274884614e-02
5.278851463279955747e-02
5.369227893064124069e-02
5.496513405675504393e-02
5.565178933402130379e-02
5.691448025755837387e-02
5.908529972701095923e-02
6.119486320491345638e-02
6.551762647507723691e-02
6.923337984086881669e-02
7.464731365942163521e-02
6.795866583311881148e-02
7.912464178049052888e-02
7.856981897393525149e-02
8.299497113056435171e-02
8.679995498705878054e-02
8.243849139067857545e-02
6.615528531337698526e-02
4.836458294035538008e-02
4.129129129129129050e-02
3.668767010924275929e-02
3.144489673973932531e-02
2.756417400349195704e-02
2.685355957211361250e-02
2.390468008814850692e-02
2.559468928637285631e-02
2.318065307032207700e-02
2.358508281068088727e-02
2.588632526730444416e-02
2.605149890508192886e-02
2.546269904609888696e-02
2.300150829562594423e-02
2.399013489779903627e-02
2.445642073963947075e-02
2.130571481412983290e-02
2.414862995775858903e-02
2.501404231417337504e-02
2.495208748261996956e-02
2.324290314223324480e-02
2.366730530823847600e-02
2.460311488977503722e-02
1.994844783144682221e-02
2.246265583467485158e-02
2.101043097368128151e-02
2.265072726599800038e-02
2.371541501976284425e-02
2.127113360472365766e-02
2.156092083099382314e-02
2.392326778506092058e-02
2.203446607362191667e-02
2.033389607953479603e-02
2.130265355353497952e-02
2.082623348101026242e-02
1.878250458338010312e-02
1.901920566846914198e-02
1.693962448000599710e-02
1.959072098409203253e-02
1.749075008409014392e-02
1.773620205799813013e-02
1.539212373765814525e-02
1.795574922054017641e-02
1.716994513082751792e-02
1.553196997152472142e-02
1.784392122019843110e-02
1.532341240607042882e-02
1.812401797785654148e-02
1.641597028783658291e-02
1.453305157008860649e-02
1.607920497264301793e-02
1.495908468174917544e-02
1.563020852624171300e-02
1.684538607101777191e-02
1.714136008084134882e-02
1.986976744186046487e-02
1.681559401274365650e-02
1.901553434400149803e-02
1.942614714748241642e-02
1.844277534022458614e-02
2.078565264698157763e-02
2.215508559919436224e-02
2.482961871431202741e-02
3.035653905398805197e-02
3.013504966702630281e-02
3.526066350710900521e-02
3.652865286528653166e-02
4.170863644842379842e-02
4.825848190777101004e-02
4.655652496751438302e-02
5.032674829114399534e-02
4.989982232639020299e-02
5.247270152424253487e-02
5.879006258296984311e-02
6.545125127392141529e-02
6.479879654005264722e-02
5.992766038454216959e-02
5.839089042374463051e-02
5.095975466626282563e-02
4.747977361643939548e-02
4.287487306780999458e-02
3.574121550294073052e-02
2.849193099610461757e-02
2.514381500247628645e-02
2.000074076817659821e-02
1.808756196314375425e-02
1.896196364999063258e-02
1.954155366497009258e-02
1.566305691909918724e-02
1.596565877169861189e-02
1.509928812289246941e-02
1.334463818335975167e-02
1.307239217176515284e-02
1.471195346218802727e-02
1.429480223028851624e-02
1.323370878406007235e-02
1.416593284582104949e-02
1.445855339551260429e-02
1.266011319630622536e-02
1.318203947122046152e-02
1.326549839834181323e-02
1.223357775160518156e-02
1.474674867538626824e-02
1.197022406763176630e-02
1.475574766181018786e-02
1.364573570759137697e-02
1.405449856090905739e-02
1.306159216304470135e-02
1.281716904504638828e-02
1.243058364900150731e-02
1.344807033229026942e-02
1.261455125588988209e-02
1.239314644070327320e-02
1.457017969888295232e-02
1.513618822824172941e-02
