9.635055541992187500e+00
9.643328905105590820e+00
9.619471549987792969e+00
9.601953029632568359e+00
9.669890642166137695e+00
9.606395244598388672e+00
9.615536212921142578e+00
9.696862697601318359e+00
9.637204647064208984e+00
9.633951425552368164e+00
9.635141611099243164e+00
9.618086814880371094e+00
9.723141431808471680e+00
9.542695760726928711e+00
9.592048883438110352e+00
9.642599821090698242e+00
9.650861501693725586e+00
9.591107368469238281e+00
9.637774467468261719e+00
9.706620931625366211e+00
9.637892007827758789e+00
9.599086761474609375e+00
9.701242685317993164e+00
9.615079879760742188e+00
9.649841785430908203e+00
9.560192823410034180e+00
9.723657608032226562e+00
9.608837604522705078e+00
9.566452264785766602e+00
9.564274311065673828e+00
9.688576459884643555e+00
9.570717811584472656e+00
9.684669733047485352e+00
9.652143001556396484e+00
9.589643478393554688e+00
9.614968776702880859e+00
9.591704607009887695e+00
9.558259725570678711e+00
9.533788681030273438e+00
9.547867059707641602e+00
9.623202800750732422e+00
9.662804603576660156e+00
9.656968116760253906e+00
9.660362243652343750e+00
9.651044368743896484e+00
9.634969949722290039e+00
9.606076955795288086e+00
9.640077114105224609e+00
9.634983062744140625e+00
9.648887157440185547e+00
9.689097881317138672e+00
9.614814758300781250e+00
9.706640958786010742e+00
9.667423963546752930e+00
9.591155052185058594e+00
9.756541728973388672e+00
9.550744533538818359e+00
9.644803047180175781e+00
9.599693775177001953e+00
9.629655599594116211e+00
9.635406017303466797e+00
9.620389223098754883e+00
9.659702062606811523e+00
9.604700088500976562e+00
9.686264038085937500e+00
9.664788961410522461e+00
9.626230716705322266e+00
9.651689767837524414e+00
9.837389469146728516e+00
9.499827146530151367e+00
9.678433418273925781e+00
9.594685077667236328e+00
9.616201639175415039e+00
9.649930238723754883e+00
9.674732923507690430e+00
9.604578256607055664e+00
9.634964227676391602e+00
9.644443750381469727e+00
9.619899988174438477e+00
9.705315828323364258e+00
9.621366977691650391e+00
