1.174799999999999933e+01
1.174699999999999989e+01
1.174600000000000044e+01
1.174699999999999989e+01
1.174799999999999933e+01
1.174600000000000044e+01
1.174799999999999933e+01
1.174600000000000044e+01
1.174600000000000044e+01
1.174699999999999989e+01
1.174399999999999977e+01
1.174600000000000044e+01
1.173499999999999943e+01
1.173399999999999999e+01
1.173499999999999943e+01
1.173300000000000054e+01
1.173700000000000010e+01
1.173799999999999955e+01
1.173700000000000010e+01
1.173700000000000010e+01
1.173799999999999955e+01
1.173700000000000010e+01
1.173700000000000010e+01
1.173799999999999955e+01
1.174099999999999966e+01
1.173700000000000010e+01
1.173700000000000010e+01
1.174099999999999966e+01
1.173700000000000010e+01
1.173900000000000077e+01
1.174099999999999966e+01
1.173900000000000077e+01
1.173700000000000010e+01
1.174300000000000033e+01
1.173700000000000010e+01
1.173900000000000077e+01
1.174099999999999966e+01
1.174200000000000088e+01
1.174300000000000033e+01
1.174099999999999966e+01
1.173900000000000077e+01
1.174499999999999922e+01
1.173900000000000077e+01
1.174300000000000033e+01
1.174099999999999966e+01
1.174499999999999922e+01
1.174300000000000033e+01
1.174300000000000033e+01
1.174699999999999989e+01
1.174799999999999933e+01
1.174499999999999922e+01
1.174699999999999989e+01
1.174799999999999933e+01
1.174799999999999933e+01
1.175099999999999945e+01
1.174799999999999933e+01
1.174600000000000044e+01
1.175000000000000000e+01
1.174699999999999989e+01
1.175099999999999945e+01
1.175000000000000000e+01
1.175099999999999945e+01
1.174799999999999933e+01
1.175399999999999956e+01
1.175600000000000023e+01
1.175399999999999956e+01
1.175399999999999956e+01
1.175399999999999956e+01
1.175500000000000078e+01
1.175500000000000078e+01
1.175900000000000034e+01
1.175500000000000078e+01
1.175900000000000034e+01
1.175399999999999956e+01
1.176600000000000001e+01
1.176600000000000001e+01
1.176699999999999946e+01
1.176999999999999957e+01
1.177100000000000080e+01
1.177100000000000080e+01
1.176800000000000068e+01
1.176800000000000068e+01
1.176999999999999957e+01
1.177200000000000024e+01
1.177399999999999913e+01
1.176999999999999957e+01
1.177399999999999913e+01
1.177500000000000036e+01
1.177599999999999980e+01
1.177399999999999913e+01
1.177399999999999913e+01
1.177500000000000036e+01
1.177200000000000024e+01
1.177399999999999913e+01
1.177200000000000024e+01
1.177399999999999913e+01
1.177699999999999925e+01
1.176999999999999957e+01
1.177699999999999925e+01
1.177899999999999991e+01
1.177500000000000036e+01
1.177599999999999980e+01
1.177899999999999991e+01
1.177999999999999936e+01
1.177399999999999913e+01
1.177699999999999925e+01
1.178100000000000058e+01
1.177699999999999925e+01
1.177399999999999913e+01
1.177399999999999913e+01
1.177899999999999991e+01
1.177500000000000036e+01
1.177899999999999991e+01
1.177599999999999980e+01
1.177699999999999925e+01
1.177500000000000036e+01
1.177399999999999913e+01
1.177200000000000024e+01
1.177999999999999936e+01
1.177599999999999980e+01
1.177899999999999991e+01
1.177599999999999980e+01
1.177500000000000036e+01
1.177999999999999936e+01
1.177699999999999925e+01
1.177500000000000036e+01
1.177699999999999925e+01
1.177899999999999991e+01
1.177699999999999925e+01
1.177699999999999925e+01
1.177699999999999925e+01
1.177699999999999925e+01
1.177999999999999936e+01
1.177999999999999936e+01
1.177999999999999936e+01
1.177500000000000036e+01
1.177699999999999925e+01
1.176200000000000045e+01
1.176299999999999990e+01
1.176200000000000045e+01
1.176500000000000057e+01
1.176600000000000001e+01
1.176299999999999990e+01
1.176200000000000045e+01
1.176600000000000001e+01
1.176299999999999990e+01
1.176500000000000057e+01
1.176500000000000057e+01
1.176600000000000001e+01
1.176500000000000057e+01
1.176299999999999990e+01
1.176500000000000057e+01
1.176099999999999923e+01
1.176999999999999957e+01
1.176500000000000057e+01
1.176699999999999946e+01
1.176500000000000057e+01
