1.906467965087471905e-01
1.886778201593715676e-01
1.966319405548709875e-01
1.851123074067198837e-01
1.880238158443627017e-01
1.921466561050130251e-01
1.842016554927150829e-01
1.951619516195161885e-01
1.869795329212776136e-01
1.835891605078643074e-01
1.885014137606031981e-01
1.893384424659078080e-01
1.863614259529420558e-01
1.855074666565338093e-01
1.867092130162145980e-01
1.763038757407339174e-01
1.825083624610064903e-01
1.824879674194742618e-01
1.779203623325155692e-01
1.764283826139496358e-01
1.777173297064490454e-01
1.788452097730448276e-01
1.722358357466399481e-01
1.821876058245851804e-01
1.768475643637710815e-01
1.764065608227301796e-01
1.775803818851307836e-01
1.686104631789403507e-01
1.691096937824027313e-01
1.624231451095771439e-01
1.537593560762778866e-01
1.611965101786456134e-01
1.489211572028076025e-01
1.518047902844934238e-01
1.601821977604858671e-01
1.590307548928238668e-01
1.592926984602704710e-01
1.601687572983764574e-01
1.565756545773727137e-01
1.535345959122445259e-01
1.526987833816716156e-01
1.477669684107726367e-01
1.418514475021646626e-01
1.375820056232427424e-01
1.386638531971814969e-01
1.450114700462562523e-01
1.704328274311411040e-01
1.785821455363841015e-01
1.848538164938419437e-01
1.864818412793304570e-01
1.878041476379426478e-01
1.893736566235529328e-01
1.986979264667143308e-01
1.915664949437130282e-01
1.863492303048596421e-01
1.926671459381739671e-01
1.924667147138034440e-01
1.895798319327731130e-01
1.867227711612879093e-01
1.835383867469428942e-01
1.903019896226063046e-01
1.932482721956406135e-01
1.853100496230917771e-01
1.886239909892998001e-01
1.911691873976151534e-01
1.989608222399211201e-01
1.911288220178019304e-01
1.843656177026576359e-01
1.854282536151279082e-01
1.865919701213818727e-01
1.888670206840209476e-01
1.897837296435063159e-01
1.890479948885631645e-01
1.862822986418491977e-01
1.914576892247795703e-01
1.906358252318694768e-01
1.911681235100465559e-01
1.896427624351252061e-01
1.928015781441917709e-01
1.940905806746016649e-01
1.924909043171673939e-01
1.889150855132667173e-01
1.838178115163858484e-01
1.922357521853647333e-01
1.877455424599576983e-01
