9.637263059616088867e+00
9.641323328018188477e+00
9.652876853942871094e+00
9.603123664855957031e+00
9.617925405502319336e+00
9.599653005599975586e+00
9.626677274703979492e+00
9.661434888839721680e+00
9.615144968032836914e+00
9.559890985488891602e+00
9.683525085449218750e+00
9.663993120193481445e+00
9.585521697998046875e+00
9.646657466888427734e+00
9.645501136779785156e+00
9.660384416580200195e+00
9.707147836685180664e+00
9.654782533645629883e+00
9.638276338577270508e+00
9.767830848693847656e+00
9.593550205230712891e+00
9.606303930282592773e+00
9.572613716125488281e+00
9.682442665100097656e+00
9.600198507308959961e+00
9.637020111083984375e+00
9.676066160202026367e+00
9.625542402267456055e+00
9.657380580902099609e+00
9.622379302978515625e+00
9.635453701019287109e+00
9.597850084304809570e+00
9.787693262100219727e+00
9.664190053939819336e+00
9.656804084777832031e+00
9.693570375442504883e+00
9.599938392639160156e+00
9.526345014572143555e+00
9.625750541687011719e+00
9.633516311645507812e+00
9.560726404190063477e+00
9.625760555267333984e+00
9.653215646743774414e+00
9.618218421936035156e+00
9.618322134017944336e+00
9.696784257888793945e+00
9.644222974777221680e+00
9.645288705825805664e+00
9.588021039962768555e+00
9.617925167083740234e+00
9.578246355056762695e+00
9.601466894149780273e+00
9.618360996246337891e+00
9.592586994171142578e+00
9.574464797973632812e+00
9.642088651657104492e+00
9.543331623077392578e+00
9.619283676147460938e+00
9.679994106292724609e+00
9.589908838272094727e+00
9.607248783111572266e+00
9.601147890090942383e+00
9.711730718612670898e+00
9.584376811981201172e+00
9.644563436508178711e+00
9.674303770065307617e+00
9.628067016601562500e+00
9.575957775115966797e+00
9.644426584243774414e+00
9.615559339523315430e+00
9.573947429656982422e+00
9.656458616256713867e+00
9.667696237564086914e+00
9.607750177383422852e+00
9.541737318038940430e+00
9.707154750823974609e+00
9.633531093597412109e+00
9.613375663757324219e+00
9.586004972457885742e+00
9.654798984527587891e+00
9.635945796966552734e+00
9.654520034790039062e+00
9.617409467697143555e+00
9.679338216781616211e+00
9.672297477722167969e+00
9.668094158172607422e+00
9.633817195892333984e+00
9.651209354400634766e+00
9.824406623840332031e+00
9.617130756378173828e+00
9.598509073257446289e+00
9.670391798019409180e+00
9.618770360946655273e+00
9.647299289703369141e+00
9.631803035736083984e+00
9.759392023086547852e+00
9.635338783264160156e+00
9.573356866836547852e+00
9.640316486358642578e+00
9.561173439025878906e+00
9.595576286315917969e+00
