2.067782067782067690e-01
2.043856648804773246e-01
2.060845455581298280e-01
2.144112478031634517e-01
2.037604509514621964e-01
2.115480529445616653e-01
2.050344643741193462e-01
2.144386067328273859e-01
2.050534872129136099e-01
2.080301805443276753e-01
2.145246998622318546e-01
2.002548557748001778e-01
2.108535673527212606e-01
2.170374824614151044e-01
1.990585070611970431e-01
2.086265156032597878e-01
2.082988532923513436e-01
2.080076950823614157e-01
2.062070903761994700e-01
2.082308839534040001e-01
2.102347983142685006e-01
2.054711246200607855e-01
2.030133518435343620e-01
1.918169819621645400e-01
2.082718478439088416e-01
2.088848444738583832e-01
1.891424202181174186e-01
2.017533129459734842e-01
2.025635808748728339e-01
1.924949871097106913e-01
1.911723362384031566e-01
1.960703884490750115e-01
1.946513615826108157e-01
1.959921603135874602e-01
1.932104442400735811e-01
1.886620054028285420e-01
1.976865193723983394e-01
1.876628321776424024e-01
1.892459484090819044e-01
1.842094743154107650e-01
1.859686865065136863e-01
1.761690471531989766e-01
1.760996183972685369e-01
1.853585618189685646e-01
1.912808517502823102e-01
1.832969648879190505e-01
1.780104712041884751e-01
1.742587708782865896e-01
1.703018808281966112e-01
1.556143607567439524e-01
1.560780390195097567e-01
1.606444366988110384e-01
1.580560080676440826e-01
1.636988682452006627e-01
1.720366886171213472e-01
1.652028602518265110e-01
1.693602034826844072e-01
1.708459097593065523e-01
1.726831163784728895e-01
1.609106095334291719e-01
1.615581349596694749e-01
1.702535257194097984e-01
1.656734677769446384e-01
1.769728742205806393e-01
1.826111311167126772e-01
1.908200103145951398e-01
1.894225794898324600e-01
1.856193074824180334e-01
1.964851853301499141e-01
1.923481103802592018e-01
1.952559009114279154e-01
2.005387257963772707e-01
2.016784181483752270e-01
2.002245364097402225e-01
2.014075197324934896e-01
1.999925138493786614e-01
2.029419672005223219e-01
2.035712920123886327e-01
2.013212662771604322e-01
2.016477935367367580e-01
2.016997167138810110e-01
1.917387127761767396e-01
1.932667855922875488e-01
2.053359298928919274e-01
1.954615587250216335e-01
1.995195057773710146e-01
1.926341257344752200e-01
1.979925962676029327e-01
2.013307910813650348e-01
2.063584488179806553e-01
1.937792667605741093e-01
2.069231065419121218e-01
2.095417009119016905e-01
1.954835504948225222e-01
2.002217040633003375e-01
2.033011427032434260e-01
1.940653940653940535e-01
2.075898852691761554e-01
2.085530620886100195e-01
2.088136638778578802e-01
2.073128532431081639e-01
