1.427682091720273994e-02
1.392858580572440760e-02
1.365562706011615168e-02
1.381612139558349890e-02
1.295518207282913246e-02
1.153861146844423723e-02
1.333701613857870075e-02
1.172287132194912290e-02
1.294472992586200195e-02
1.254883390552859017e-02
1.359786887201304070e-02
1.426611796982167439e-02
1.153710316681709307e-02
1.451581602949737933e-02
1.270367301850317508e-02
1.469832865778971862e-02
1.666020922123208001e-02
1.322948060589455507e-02
1.132840904741857710e-02
1.324248373561227182e-02
1.359650816949283490e-02
1.484172689676496737e-02
1.347089741094023747e-02
1.654362026980016331e-02
1.626331074540174337e-02
1.640286666922163156e-02
1.750125284298986034e-02
1.692502981113205504e-02
1.866697649200263487e-02
2.308313776786057731e-02
2.536802859668678065e-02
2.547321393580750243e-02
2.409543682822158292e-02
2.875043240957835325e-02
2.758092319479027096e-02
2.805565137403702447e-02
3.131628678313857356e-02
3.176575666964389505e-02
3.404190359882456468e-02
3.519263944795859855e-02
3.852769177846577381e-02
4.117897013945223672e-02
4.423128164135358559e-02
4.592644050789240068e-02
4.247293576251367359e-02
4.271754663782781347e-02
3.715360405312044534e-02
3.437032490697763953e-02
3.392426388942068605e-02
3.429413818520386098e-02
3.275789149909646980e-02
3.007753146063038216e-02
2.832582269852690696e-02
2.747913836600038642e-02
2.449103385525268350e-02
2.368310477863936822e-02
2.221434479498995626e-02
2.343962932679204136e-02
2.158887939737516581e-02
1.794472113447135447e-02
1.842444461293502034e-02
1.924251679902260273e-02
1.721904761904761993e-02
1.834017572804358745e-02
1.747193379056668702e-02
1.651940069150979740e-02
1.749699996128982471e-02
1.490955876788011870e-02
1.425997623337294483e-02
1.449108683151236268e-02
1.547403672196774257e-02
1.400635260801347086e-02
1.382206949217258500e-02
1.330259627376138495e-02
1.392448643892735607e-02
1.419624217118997840e-02
1.583949313621963936e-02
1.696648362052641593e-02
1.484057971014492681e-02
1.443604452380047899e-02
1.331191186596281800e-02
1.483917849084025013e-02
1.352326685660018915e-02
1.281225124142375271e-02
1.299555211757880482e-02
