1.171700000000000053e+01
1.171700000000000053e+01
1.172199999999999953e+01
1.171700000000000053e+01
1.171599999999999930e+01
1.171199999999999974e+01
1.171000000000000085e+01
1.171000000000000085e+01
1.171299999999999919e+01
1.170899999999999963e+01
1.171299999999999919e+01
1.171299999999999919e+01
1.170800000000000018e+01
1.171299999999999919e+01
1.171000000000000085e+01
1.170800000000000018e+01
1.170400000000000063e+01
1.170299999999999940e+01
1.169999999999999929e+01
1.169999999999999929e+01
1.170100000000000051e+01
1.169699999999999918e+01
1.169999999999999929e+01
1.170100000000000051e+01
1.170100000000000051e+01
1.169899999999999984e+01
1.169699999999999918e+01
1.169699999999999918e+01
1.169599999999999973e+01
1.169999999999999929e+01
1.169999999999999929e+01
1.170100000000000051e+01
1.169699999999999918e+01
1.169599999999999973e+01
1.169699999999999918e+01
1.169699999999999918e+01
1.169599999999999973e+01
1.169899999999999984e+01
1.169699999999999918e+01
1.169699999999999918e+01
1.169699999999999918e+01
1.169500000000000028e+01
1.169899999999999984e+01
1.169999999999999929e+01
1.169699999999999918e+01
1.169500000000000028e+01
1.169599999999999973e+01
1.169899999999999984e+01
1.169500000000000028e+01
1.169699999999999918e+01
1.169500000000000028e+01
1.169400000000000084e+01
1.169500000000000028e+01
1.169699999999999918e+01
1.169599999999999973e+01
1.169699999999999918e+01
1.169699999999999918e+01
1.169899999999999984e+01
1.169599999999999973e+01
1.169899999999999984e+01
1.169400000000000084e+01
1.169699999999999918e+01
1.169500000000000028e+01
1.169699999999999918e+01
1.169500000000000028e+01
1.169699999999999918e+01
1.169500000000000028e+01
1.169200000000000017e+01
1.169500000000000028e+01
1.169599999999999973e+01
1.169400000000000084e+01
1.169699999999999918e+01
1.169599999999999973e+01
1.169400000000000084e+01
1.169699999999999918e+01
1.169599999999999973e+01
1.169200000000000017e+01
1.169599999999999973e+01
1.169899999999999984e+01
1.169599999999999973e+01
1.169999999999999929e+01
1.169800000000000040e+01
1.170199999999999996e+01
1.170199999999999996e+01
1.169999999999999929e+01
1.169899999999999984e+01
1.170299999999999940e+01
1.170299999999999940e+01
1.170299999999999940e+01
1.169999999999999929e+01
1.170299999999999940e+01
1.169500000000000028e+01
1.170700000000000074e+01
1.170800000000000018e+01
1.170199999999999996e+01
1.170299999999999940e+01
1.169999999999999929e+01
1.170500000000000007e+01
1.170400000000000063e+01
1.169999999999999929e+01
1.169800000000000040e+01
1.170500000000000007e+01
1.170199999999999996e+01
1.170199999999999996e+01
1.169999999999999929e+01
1.170500000000000007e+01
1.170199999999999996e+01
1.170500000000000007e+01
1.170400000000000063e+01
1.169999999999999929e+01
1.170800000000000018e+01
1.170700000000000074e+01
1.170400000000000063e+01
1.170299999999999940e+01
1.170199999999999996e+01
1.170500000000000007e+01
1.170199999999999996e+01
1.170500000000000007e+01
1.170400000000000063e+01
1.170400000000000063e+01
1.170299999999999940e+01
1.170400000000000063e+01
1.170299999999999940e+01
1.170199999999999996e+01
1.170700000000000074e+01
1.170400000000000063e+01
1.170400000000000063e+01
1.170199999999999996e+01
1.170199999999999996e+01
1.169999999999999929e+01
1.170400000000000063e+01
1.170400000000000063e+01
1.170500000000000007e+01
1.170400000000000063e+01
1.170400000000000063e+01
1.170500000000000007e+01
1.170500000000000007e+01
1.170400000000000063e+01
1.170299999999999940e+01
1.170299999999999940e+01
1.169899999999999984e+01
1.167800000000000082e+01
1.168299999999999983e+01
1.168099999999999916e+01
1.167999999999999972e+01
1.167999999999999972e+01
1.168099999999999916e+01
1.168099999999999916e+01
1.167800000000000082e+01
1.167999999999999972e+01
1.168099999999999916e+01
1.168099999999999916e+01
1.168200000000000038e+01
1.167999999999999972e+01
1.167999999999999972e+01
1.168299999999999983e+01
1.168299999999999983e+01
