2.468200000000000000e+04
2.453300000000000000e+04
2.418300000000000000e+04
2.447900000000000000e+04
2.478900000000000000e+04
2.442500000000000000e+04
2.443900000000000000e+04
2.398200000000000000e+04
2.423500000000000000e+04
2.394700000000000000e+04
2.394700000000000000e+04
2.435900000000000000e+04
2.388500000000000000e+04
2.405300000000000000e+04
2.391100000000000000e+04
2.450500000000000000e+04
2.403300000000000000e+04
2.412000000000000000e+04
2.402500000000000000e+04
2.422100000000000000e+04
2.396100000000000000e+04
2.335100000000000000e+04
2.410900000000000000e+04
2.390300000000000000e+04
2.395800000000000000e+04
2.391300000000000000e+04
2.344400000000000000e+04
2.353900000000000000e+04
2.340500000000000000e+04
2.346700000000000000e+04
2.355900000000000000e+04
2.369300000000000000e+04
2.349900000000000000e+04
2.394700000000000000e+04
2.368100000000000000e+04
2.432100000000000000e+04
2.358700000000000000e+04
2.437200000000000000e+04
2.436400000000000000e+04
2.480600000000000000e+04
2.516500000000000000e+04
2.494900000000000000e+04
2.489500000000000000e+04
2.521900000000000000e+04
2.515500000000000000e+04
2.557900000000000000e+04
2.500100000000000000e+04
2.566600000000000000e+04
2.514100000000000000e+04
2.513000000000000000e+04
2.537900000000000000e+04
2.565700000000000000e+04
2.533900000000000000e+04
2.545500000000000000e+04
2.561700000000000000e+04
2.556900000000000000e+04
2.560700000000000000e+04
2.594900000000000000e+04
2.555500000000000000e+04
2.588000000000000000e+04
2.590300000000000000e+04
2.616200000000000000e+04
2.604900000000000000e+04
2.603700000000000000e+04
2.597500000000000000e+04
2.585100000000000000e+04
2.601100000000000000e+04
2.649700000000000000e+04
2.573700000000000000e+04
2.602800000000000000e+04
2.599300000000000000e+04
2.572100000000000000e+04
2.581400000000000000e+04
2.591100000000000000e+04
2.603700000000000000e+04
2.580500000000000000e+04
2.585100000000000000e+04
2.592100000000000000e+04
2.553500000000000000e+04
2.586500000000000000e+04
2.577900000000000000e+04
2.594100000000000000e+04
2.568900000000000000e+04
2.568900000000000000e+04
2.617100000000000000e+04
