6.411000000000000000e+03
6.387000000000000000e+03
6.641000000000000000e+03
6.643000000000000000e+03
6.575000000000000000e+03
6.381000000000000000e+03
6.901000000000000000e+03
6.689000000000000000e+03
6.700000000000000000e+03
6.665000000000000000e+03
7.049000000000000000e+03
6.845000000000000000e+03
6.549000000000000000e+03
6.899000000000000000e+03
6.795000000000000000e+03
6.707000000000000000e+03
6.771000000000000000e+03
6.971000000000000000e+03
6.795000000000000000e+03
6.881000000000000000e+03
6.717000000000000000e+03
6.849000000000000000e+03
6.595000000000000000e+03
6.783000000000000000e+03
6.737000000000000000e+03
6.813000000000000000e+03
6.940000000000000000e+03
6.665000000000000000e+03
6.549000000000000000e+03
6.813000000000000000e+03
6.823000000000000000e+03
6.739000000000000000e+03
6.787000000000000000e+03
6.689000000000000000e+03
6.554000000000000000e+03
6.591000000000000000e+03
6.947000000000000000e+03
6.783000000000000000e+03
6.877000000000000000e+03
6.695000000000000000e+03
6.447000000000000000e+03
6.605000000000000000e+03
6.768000000000000000e+03
6.867000000000000000e+03
6.895000000000000000e+03
6.616000000000000000e+03
6.549000000000000000e+03
6.669000000000000000e+03
6.883000000000000000e+03
6.735000000000000000e+03
6.571000000000000000e+03
6.841000000000000000e+03
6.791000000000000000e+03
6.804000000000000000e+03
6.687000000000000000e+03
6.805000000000000000e+03
6.757000000000000000e+03
6.525000000000000000e+03
6.665000000000000000e+03
6.915000000000000000e+03
6.691000000000000000e+03
6.797000000000000000e+03
6.533000000000000000e+03
6.691000000000000000e+03
6.765000000000000000e+03
6.613000000000000000e+03
6.749000000000000000e+03
6.683000000000000000e+03
6.575000000000000000e+03
6.545000000000000000e+03
6.651000000000000000e+03
6.677000000000000000e+03
6.713000000000000000e+03
6.647000000000000000e+03
6.630000000000000000e+03
6.646000000000000000e+03
6.555000000000000000e+03
6.709000000000000000e+03
6.867000000000000000e+03
6.697000000000000000e+03
6.497000000000000000e+03
6.881000000000000000e+03
6.719000000000000000e+03
6.637000000000000000e+03
6.589000000000000000e+03
6.685000000000000000e+03
6.692000000000000000e+03
6.559000000000000000e+03
6.600000000000000000e+03
6.439000000000000000e+03
6.429000000000000000e+03
6.597000000000000000e+03
6.617000000000000000e+03
6.533000000000000000e+03
6.589000000000000000e+03
6.757000000000000000e+03
6.659000000000000000e+03
6.777000000000000000e+03
6.485000000000000000e+03
6.630000000000000000e+03
6.707000000000000000e+03
6.737000000000000000e+03
6.539000000000000000e+03
6.807000000000000000e+03
6.573000000000000000e+03
6.589000000000000000e+03
6.765000000000000000e+03
6.697000000000000000e+03
6.707000000000000000e+03
6.515000000000000000e+03
6.508000000000000000e+03
6.605000000000000000e+03
6.609000000000000000e+03
6.740000000000000000e+03
6.507000000000000000e+03
6.599000000000000000e+03
6.361000000000000000e+03
6.439000000000000000e+03
6.809000000000000000e+03
6.809000000000000000e+03
6.635000000000000000e+03
6.621000000000000000e+03
6.691000000000000000e+03
6.565000000000000000e+03
6.625000000000000000e+03
6.646000000000000000e+03
6.638000000000000000e+03
6.473000000000000000e+03
6.731000000000000000e+03
6.555000000000000000e+03
6.493000000000000000e+03
6.589000000000000000e+03
6.621000000000000000e+03
6.380000000000000000e+03
6.537000000000000000e+03
6.629000000000000000e+03
6.765000000000000000e+03
6.543000000000000000e+03
6.443000000000000000e+03
6.561000000000000000e+03
6.375000000000000000e+03
6.605000000000000000e+03
6.569000000000000000e+03
6.711000000000000000e+03
6.779000000000000000e+03
6.853000000000000000e+03
6.593000000000000000e+03
6.501000000000000000e+03
6.455000000000000000e+03
6.610000000000000000e+03
6.567000000000000000e+03
6.210000000000000000e+03
6.385000000000000000e+03
6.385000000000000000e+03
6.685000000000000000e+03
6.549000000000000000e+03
6.739000000000000000e+03
6.437000000000000000e+03
6.539000000000000000e+03
6.385000000000000000e+03
6.553000000000000000e+03
6.549000000000000000e+03
6.708000000000000000e+03
6.577000000000000000e+03
6.416000000000000000e+03
6.525000000000000000e+03
6.627000000000000000e+03
6.613000000000000000e+03
6.527000000000000000e+03
6.547000000000000000e+03
6.359000000000000000e+03
6.345000000000000000e+03
6.543000000000000000e+03
6.349000000000000000e+03
6.435000000000000000e+03
6.413000000000000000e+03
6.557000000000000000e+03
6.655000000000000000e+03
6.345000000000000000e+03
6.683000000000000000e+03
6.489000000000000000e+03
6.577000000000000000e+03
6.297000000000000000e+03
6.431000000000000000e+03
6.563000000000000000e+03
6.533000000000000000e+03
6.314000000000000000e+03
6.583000000000000000e+03
6.465000000000000000e+03
6.441000000000000000e+03
6.658000000000000000e+03
6.683000000000000000e+03
6.325000000000000000e+03
6.352000000000000000e+03
6.441000000000000000e+03
6.287000000000000000e+03
6.359000000000000000e+03
6.323000000000000000e+03
6.259000000000000000e+03
6.373000000000000000e+03
