2.131562564847478691e-01
2.075600821222978176e-01
2.097394443572437595e-01
2.034385066169907275e-01
2.072051042639277973e-01
2.073831520679842444e-01
2.197056386378881676e-01
2.081200422023367635e-01
2.125289295100615816e-01
2.121463241387474830e-01
2.096139318516162253e-01
2.074857926709778588e-01
2.126908134834988029e-01
2.131573840481273130e-01
2.158046317118396673e-01
2.157335335256233000e-01
2.050755521115846525e-01
2.056440565188461522e-01
2.031459298097898769e-01
2.011009739384840567e-01
2.059561976128857774e-01
2.040737448305182944e-01
2.006618649016936040e-01
2.076456263770244670e-01
2.097192642787996109e-01
1.983673782240447658e-01
2.006090744381480995e-01
2.033311535946455417e-01
1.939506603152472697e-01
1.955911206863386320e-01
1.914901794980205241e-01
1.940667006309519105e-01
1.916610890192527172e-01
1.903370872890802201e-01
1.774372725531507267e-01
1.890307002414625681e-01
1.854294419375988323e-01
1.843035221933128909e-01
1.805900087776208807e-01
1.715161970481119402e-01
1.715399610136452146e-01
1.648703982694016412e-01
1.661908568383388407e-01
1.671876809077225967e-01
1.619705028101542654e-01
1.717971495886601585e-01
1.696860366930221797e-01
1.766849514749319061e-01
1.785044224068614294e-01
1.856693951972688827e-01
1.762466838402091673e-01
1.929325593174114617e-01
1.823758851819593241e-01
1.899476033378614537e-01
1.840239602684156650e-01
1.935902822873295515e-01
2.012682657843948286e-01
1.944476891328894563e-01
1.983769511532189056e-01
1.915370870242938117e-01
1.943665175525058630e-01
1.955177153329260842e-01
2.008761904761904860e-01
1.966005448336722583e-01
1.994712441089696864e-01
2.064156742220514817e-01
2.060155614911160227e-01
2.034738515098766243e-01
2.014796642005596550e-01
2.084723020893233525e-01
1.943107894838138616e-01
2.068041789445486112e-01
2.051546391752577247e-01
2.003703563735308446e-01
2.105504762633411131e-01
2.020876826722338149e-01
2.046688791672952312e-01
2.017042226850975228e-01
2.025120772946859826e-01
2.077270827793184782e-01
2.063728865427281733e-01
2.075955176502084498e-01
2.045204178537511908e-01
2.075736325385694192e-01
2.047573003287565252e-01
