4.960000000000000000e+02
4.840000000000000000e+02
5.280000000000000000e+02
5.840000000000000000e+02
6.440000000000000000e+02
6.700000000000000000e+02
6.720000000000000000e+02
7.610000000000000000e+02
7.200000000000000000e+02
6.740000000000000000e+02
8.600000000000000000e+02
7.540000000000000000e+02
8.360000000000000000e+02
8.520000000000000000e+02
8.620000000000000000e+02
8.940000000000000000e+02
9.500000000000000000e+02
8.660000000000000000e+02
9.600000000000000000e+02
9.340000000000000000e+02
8.800000000000000000e+02
8.560000000000000000e+02
8.760000000000000000e+02
8.720000000000000000e+02
8.500000000000000000e+02
9.680000000000000000e+02
9.740000000000000000e+02
9.660000000000000000e+02
9.760000000000000000e+02
1.070000000000000000e+03
1.068000000000000000e+03
1.098000000000000000e+03
1.088000000000000000e+03
1.196000000000000000e+03
1.246000000000000000e+03
1.442000000000000000e+03
1.362000000000000000e+03
1.662000000000000000e+03
1.682000000000000000e+03
1.628000000000000000e+03
1.630000000000000000e+03
1.634000000000000000e+03
1.566000000000000000e+03
1.384000000000000000e+03
1.242000000000000000e+03
1.114000000000000000e+03
1.066000000000000000e+03
1.070000000000000000e+03
8.800000000000000000e+02
9.140000000000000000e+02
1.006000000000000000e+03
9.340000000000000000e+02
8.420000000000000000e+02
8.060000000000000000e+02
8.900000000000000000e+02
8.460000000000000000e+02
8.440000000000000000e+02
8.300000000000000000e+02
8.160000000000000000e+02
8.400000000000000000e+02
7.720000000000000000e+02
7.380000000000000000e+02
7.640000000000000000e+02
6.620000000000000000e+02
7.120000000000000000e+02
7.280000000000000000e+02
6.660000000000000000e+02
6.580000000000000000e+02
6.820000000000000000e+02
7.250000000000000000e+02
6.980000000000000000e+02
6.760000000000000000e+02
6.660000000000000000e+02
7.380000000000000000e+02
6.940000000000000000e+02
6.940000000000000000e+02
6.260000000000000000e+02
6.480000000000000000e+02
6.120000000000000000e+02
6.120000000000000000e+02
5.300000000000000000e+02
5.580000000000000000e+02
5.280000000000000000e+02
5.240000000000000000e+02
5.860000000000000000e+02
4.940000000000000000e+02
5.480000000000000000e+02
5.320000000000000000e+02
5.340000000000000000e+02
4.780000000000000000e+02
5.740000000000000000e+02
4.860000000000000000e+02
5.280000000000000000e+02
5.740000000000000000e+02
5.320000000000000000e+02
5.800000000000000000e+02
6.020000000000000000e+02
5.380000000000000000e+02
5.660000000000000000e+02
5.920000000000000000e+02
5.300000000000000000e+02
5.820000000000000000e+02
5.500000000000000000e+02
5.180000000000000000e+02
5.420000000000000000e+02
5.720000000000000000e+02
5.640000000000000000e+02
5.800000000000000000e+02
6.720000000000000000e+02
7.500000000000000000e+02
8.460000000000000000e+02
8.080000000000000000e+02
8.380000000000000000e+02
8.580000000000000000e+02
8.780000000000000000e+02
8.900000000000000000e+02
8.920000000000000000e+02
7.620000000000000000e+02
7.520000000000000000e+02
7.120000000000000000e+02
6.840000000000000000e+02
6.160000000000000000e+02
6.080000000000000000e+02
5.420000000000000000e+02
5.320000000000000000e+02
5.180000000000000000e+02
5.080000000000000000e+02
4.580000000000000000e+02
4.320000000000000000e+02
3.920000000000000000e+02
3.700000000000000000e+02
4.040000000000000000e+02
3.340000000000000000e+02
3.540000000000000000e+02
3.460000000000000000e+02
3.660000000000000000e+02
3.340000000000000000e+02
3.180000000000000000e+02
3.440000000000000000e+02
3.480000000000000000e+02
3.780000000000000000e+02
3.540000000000000000e+02
3.460000000000000000e+02
3.760000000000000000e+02
3.660000000000000000e+02
3.700000000000000000e+02
3.760000000000000000e+02
4.080000000000000000e+02
3.720000000000000000e+02
4.080000000000000000e+02
4.560000000000000000e+02
4.280000000000000000e+02
3.400000000000000000e+02
3.760000000000000000e+02
3.640000000000000000e+02
4.020000000000000000e+02
3.620000000000000000e+02
