9.698605298995971680e+00
9.575463771820068359e+00
9.674540996551513672e+00
9.644420862197875977e+00
9.661622762680053711e+00
9.612086772918701172e+00
9.584527254104614258e+00
9.589974403381347656e+00
9.583183526992797852e+00
9.733181238174438477e+00
9.652654886245727539e+00
9.578424215316772461e+00
9.609735727310180664e+00
9.672099113464355469e+00
9.616910457611083984e+00
9.616600513458251953e+00
9.634340286254882812e+00
9.640457630157470703e+00
9.519686222076416016e+00
9.741868019104003906e+00
9.556725263595581055e+00
9.625163555145263672e+00
9.553451776504516602e+00
9.570106267929077148e+00
9.614698648452758789e+00
9.675587177276611328e+00
9.631031990051269531e+00
9.615020036697387695e+00
9.649647235870361328e+00
9.764401197433471680e+00
9.665701150894165039e+00
9.609929084777832031e+00
9.708900213241577148e+00
9.594933986663818359e+00
9.662068605422973633e+00
9.565733909606933594e+00
9.584979772567749023e+00
9.611319541931152344e+00
9.596949338912963867e+00
9.632376194000244141e+00
9.606832742691040039e+00
9.550615549087524414e+00
9.669348478317260742e+00
9.654869794845581055e+00
9.673444986343383789e+00
9.671851158142089844e+00
9.608770370483398438e+00
9.630174636840820312e+00
9.614503145217895508e+00
9.592634677886962891e+00
9.599494218826293945e+00
9.564731836318969727e+00
9.615781784057617188e+00
9.674654245376586914e+00
9.534038782119750977e+00
9.568490743637084961e+00
9.578612565994262695e+00
9.681645631790161133e+00
9.594203710556030273e+00
9.701892614364624023e+00
9.719887256622314453e+00
9.610399246215820312e+00
9.588849306106567383e+00
9.660230159759521484e+00
9.698346138000488281e+00
9.662183761596679688e+00
9.623541116714477539e+00
9.588529348373413086e+00
9.628041267395019531e+00
9.612818956375122070e+00
9.638980627059936523e+00
9.662382602691650391e+00
9.719471216201782227e+00
9.589939832687377930e+00
9.654705524444580078e+00
9.805615663528442383e+00
9.662659406661987305e+00
9.663927793502807617e+00
9.681656837463378906e+00
9.739282608032226562e+00
9.615259647369384766e+00
9.779791593551635742e+00
9.656075000762939453e+00
9.659459829330444336e+00
9.769752025604248047e+00
9.642425060272216797e+00
9.572822332382202148e+00
9.787755489349365234e+00
9.636383771896362305e+00
9.590868234634399414e+00
9.673292636871337891e+00
9.630589485168457031e+00
9.585772514343261719e+00
9.635135650634765625e+00
9.620288372039794922e+00
9.664327144622802734e+00
9.600131750106811523e+00
9.729135751724243164e+00
9.678528785705566406e+00
9.660691976547241211e+00
9.745734214782714844e+00
9.615908861160278320e+00
9.657587766647338867e+00
9.761578559875488281e+00
9.674102067947387695e+00
9.640499591827392578e+00
9.790164947509765625e+00
9.583594560623168945e+00
9.570339441299438477e+00
9.585963964462280273e+00
9.668933391571044922e+00
9.580085277557373047e+00
9.559018135070800781e+00
9.578111886978149414e+00
9.607912540435791016e+00
9.627143621444702148e+00
9.616691827774047852e+00
9.669395208358764648e+00
9.663233757019042969e+00
9.572821378707885742e+00
9.599423170089721680e+00
9.679342269897460938e+00
9.583048105239868164e+00
9.538307428359985352e+00
9.644661664962768555e+00
9.693264007568359375e+00
9.578088998794555664e+00
9.678268432617187500e+00
9.645393848419189453e+00
9.724151611328125000e+00
9.630162239074707031e+00
9.630430698394775391e+00
9.713827610015869141e+00
9.627028465270996094e+00
9.638812780380249023e+00
9.581944465637207031e+00
9.654045343399047852e+00
9.618247985839843750e+00
9.590899705886840820e+00
9.624425411224365234e+00
9.703600406646728516e+00
9.654359102249145508e+00
9.652319192886352539e+00
9.673727273941040039e+00
9.632257461547851562e+00
9.593400478363037109e+00
9.685717105865478516e+00
9.698794364929199219e+00
9.648307085037231445e+00
9.600848436355590820e+00
9.573704242706298828e+00
9.656844139099121094e+00
9.535085916519165039e+00
9.603943109512329102e+00
9.637403726577758789e+00
9.609336853027343750e+00
9.568709611892700195e+00
