1.168099999999999916e+01
1.167500000000000071e+01
1.168299999999999983e+01
1.168099999999999916e+01
1.167800000000000082e+01
1.167699999999999960e+01
1.168099999999999916e+01
1.167699999999999960e+01
1.167500000000000071e+01
1.167800000000000082e+01
1.168099999999999916e+01
1.167500000000000071e+01
1.167699999999999960e+01
1.167399999999999949e+01
1.167399999999999949e+01
1.167500000000000071e+01
1.167300000000000004e+01
1.167399999999999949e+01
1.167300000000000004e+01
1.167099999999999937e+01
1.167699999999999960e+01
1.167300000000000004e+01
1.167300000000000004e+01
1.167300000000000004e+01
1.167099999999999937e+01
1.167500000000000071e+01
1.167099999999999937e+01
1.167399999999999949e+01
1.167300000000000004e+01
1.167300000000000004e+01
1.167099999999999937e+01
1.166799999999999926e+01
1.166799999999999926e+01
1.166799999999999926e+01
1.166699999999999982e+01
1.166799999999999926e+01
1.166799999999999926e+01
1.166799999999999926e+01
1.166600000000000037e+01
1.167099999999999937e+01
1.166699999999999982e+01
1.166999999999999993e+01
1.166799999999999926e+01
1.166799999999999926e+01
1.167200000000000060e+01
1.166999999999999993e+01
1.166799999999999926e+01
1.166699999999999982e+01
1.166799999999999926e+01
1.167099999999999937e+01
1.166999999999999993e+01
1.166799999999999926e+01
1.166600000000000037e+01
1.166799999999999926e+01
1.166799999999999926e+01
1.166799999999999926e+01
1.166699999999999982e+01
1.166699999999999982e+01
1.166600000000000037e+01
1.167099999999999937e+01
1.166699999999999982e+01
1.167099999999999937e+01
1.166999999999999993e+01
1.166699999999999982e+01
1.166499999999999915e+01
1.166699999999999982e+01
1.166699999999999982e+01
1.166600000000000037e+01
1.166799999999999926e+01
1.167099999999999937e+01
1.166600000000000037e+01
1.166699999999999982e+01
1.166600000000000037e+01
1.166699999999999982e+01
1.167200000000000060e+01
1.166799999999999926e+01
1.166699999999999982e+01
1.166999999999999993e+01
1.166600000000000037e+01
1.166600000000000037e+01
1.166600000000000037e+01
1.166600000000000037e+01
1.166600000000000037e+01
1.166300000000000026e+01
1.166600000000000037e+01
1.166699999999999982e+01
1.166699999999999982e+01
1.166799999999999926e+01
1.167099999999999937e+01
