9.619129896163940430e+00
9.649688005447387695e+00
9.635082006454467773e+00
9.618972778320312500e+00
9.707286834716796875e+00
9.574775695800781250e+00
9.611881732940673828e+00
9.635369777679443359e+00
9.653562307357788086e+00
9.617419242858886719e+00
9.572451591491699219e+00
9.648344755172729492e+00
9.583708047866821289e+00
9.634829521179199219e+00
9.609728813171386719e+00
9.600099086761474609e+00
9.588899135589599609e+00
9.661021232604980469e+00
9.561671257019042969e+00
9.593898773193359375e+00
9.575118780136108398e+00
9.560426712036132812e+00
9.646915912628173828e+00
9.659457445144653320e+00
9.606652259826660156e+00
9.597115039825439453e+00
9.644231319427490234e+00
9.639384508132934570e+00
9.628994703292846680e+00
9.651722192764282227e+00
9.656637907028198242e+00
9.610138177871704102e+00
9.620041608810424805e+00
9.598058223724365234e+00
9.798920154571533203e+00
9.640592575073242188e+00
9.625227689743041992e+00
9.701575517654418945e+00
9.575586080551147461e+00
9.586915493011474609e+00
9.596428155899047852e+00
9.639824867248535156e+00
9.546069860458374023e+00
9.639633178710937500e+00
9.652044057846069336e+00
9.689752101898193359e+00
9.635256767272949219e+00
9.695160865783691406e+00
9.663264513015747070e+00
9.687873840332031250e+00
9.758758783340454102e+00
9.582288265228271484e+00
9.607908964157104492e+00
9.703574180603027344e+00
9.586278200149536133e+00
9.629830598831176758e+00
9.501120805740356445e+00
9.685075521469116211e+00
9.622198104858398438e+00
9.594253301620483398e+00
9.812580108642578125e+00
9.635319948196411133e+00
9.611238002777099609e+00
9.657640695571899414e+00
9.653753757476806641e+00
9.582469940185546875e+00
9.630715608596801758e+00
9.645486116409301758e+00
9.637837886810302734e+00
9.613554716110229492e+00
9.589301347732543945e+00
9.622736215591430664e+00
9.584437847137451172e+00
9.630448102951049805e+00
9.569348335266113281e+00
9.573490619659423828e+00
9.666566610336303711e+00
9.583131790161132812e+00
9.624561786651611328e+00
9.639330863952636719e+00
9.631029844284057617e+00
9.615947723388671875e+00
9.624605417251586914e+00
9.654610157012939453e+00
9.676400899887084961e+00
9.646261453628540039e+00
9.615795612335205078e+00
9.647686719894409180e+00
9.620387077331542969e+00
9.580689191818237305e+00
9.676073312759399414e+00
9.669088840484619141e+00
9.596132278442382812e+00
9.699047565460205078e+00
9.626639604568481445e+00
9.642946481704711914e+00
9.615906000137329102e+00
9.660407304763793945e+00
9.674963235855102539e+00
9.711974620819091797e+00
9.586844682693481445e+00
9.620048522949218750e+00
9.718811511993408203e+00
9.686680793762207031e+00
9.615543603897094727e+00
9.627191543579101562e+00
9.649490833282470703e+00
9.612152338027954102e+00
9.647140979766845703e+00
9.707124948501586914e+00
9.615849018096923828e+00
9.565303087234497070e+00
9.634634971618652344e+00
9.581046581268310547e+00
9.615377187728881836e+00
9.592848062515258789e+00
9.652371168136596680e+00
9.637139558792114258e+00
9.636593580245971680e+00
9.662273168563842773e+00
9.560920715332031250e+00
9.579777956008911133e+00
9.608089447021484375e+00
9.609261512756347656e+00
9.667645931243896484e+00
9.634534120559692383e+00
9.590970039367675781e+00
9.634141683578491211e+00
9.632601737976074219e+00
9.835125446319580078e+00
9.598237991333007812e+00
9.658789634704589844e+00
9.788887262344360352e+00
9.659818410873413086e+00
9.603477954864501953e+00
9.812455892562866211e+00
9.686962127685546875e+00
9.594924926757812500e+00
9.789355754852294922e+00
9.602642297744750977e+00
9.649528503417968750e+00
9.595864772796630859e+00
9.628529787063598633e+00
9.658003807067871094e+00
9.664073944091796875e+00
9.669232368469238281e+00
9.613642692565917969e+00
9.644580602645874023e+00
9.702111482620239258e+00
9.665196418762207031e+00
9.632579326629638672e+00
9.721769571304321289e+00
9.623120546340942383e+00
9.640829086303710938e+00
9.725311279296875000e+00
9.657171249389648438e+00
9.713385105133056641e+00
