2.407700000000000000e+04
2.549300000000000000e+04
2.663700000000000000e+04
2.668900000000000000e+04
2.685600000000000000e+04
2.690700000000000000e+04
2.632300000000000000e+04
2.718300000000000000e+04
2.641100000000000000e+04
2.646300000000000000e+04
2.641900000000000000e+04
2.681000000000000000e+04
2.675500000000000000e+04
2.651400000000000000e+04
2.693900000000000000e+04
2.664500000000000000e+04
2.652700000000000000e+04
2.638000000000000000e+04
2.664900000000000000e+04
2.656700000000000000e+04
2.654500000000000000e+04
2.672500000000000000e+04
2.627500000000000000e+04
2.626100000000000000e+04
2.670300000000000000e+04
2.624700000000000000e+04
2.643700000000000000e+04
2.625400000000000000e+04
2.648900000000000000e+04
2.672100000000000000e+04
2.613700000000000000e+04
2.640700000000000000e+04
2.620300000000000000e+04
2.659100000000000000e+04
2.677700000000000000e+04
2.649900000000000000e+04
2.673300000000000000e+04
2.678100000000000000e+04
2.664700000000000000e+04
2.715500000000000000e+04
2.644700000000000000e+04
2.683700000000000000e+04
2.668700000000000000e+04
2.645600000000000000e+04
2.700500000000000000e+04
2.679700000000000000e+04
2.630900000000000000e+04
2.617700000000000000e+04
2.688500000000000000e+04
2.676500000000000000e+04
2.660100000000000000e+04
2.644300000000000000e+04
2.613700000000000000e+04
2.687300000000000000e+04
2.670300000000000000e+04
2.631300000000000000e+04
2.657700000000000000e+04
2.619100000000000000e+04
2.603700000000000000e+04
2.607100000000000000e+04
2.561800000000000000e+04
2.603200000000000000e+04
2.550900000000000000e+04
2.609900000000000000e+04
2.553700000000000000e+04
2.534700000000000000e+04
2.588900000000000000e+04
2.608300000000000000e+04
2.616200000000000000e+04
2.602100000000000000e+04
2.553300000000000000e+04
2.573900000000000000e+04
2.526500000000000000e+04
2.603800000000000000e+04
2.567900000000000000e+04
2.629400000000000000e+04
2.621700000000000000e+04
2.615700000000000000e+04
2.567700000000000000e+04
2.581900000000000000e+04
2.618100000000000000e+04
2.611100000000000000e+04
2.599900000000000000e+04
2.614700000000000000e+04
2.581500000000000000e+04
