9.638246774673461914e+00
9.628284931182861328e+00
9.593966007232666016e+00
9.602148294448852539e+00
9.617597103118896484e+00
9.609107732772827148e+00
9.712509155273437500e+00
9.641901493072509766e+00
9.586551427841186523e+00
9.630002975463867188e+00
9.615107536315917969e+00
9.649464607238769531e+00
9.604451894760131836e+00
9.539910793304443359e+00
9.581479787826538086e+00
9.658974885940551758e+00
9.790673255920410156e+00
9.627996444702148438e+00
9.664732456207275391e+00
9.782257556915283203e+00
9.572864532470703125e+00
9.599131107330322266e+00
9.681285142898559570e+00
9.622174501419067383e+00
9.576697349548339844e+00
9.637477636337280273e+00
9.643853664398193359e+00
9.606250762939453125e+00
9.647171258926391602e+00
9.654840469360351562e+00
9.626665830612182617e+00
9.677223920822143555e+00
9.753540515899658203e+00
9.577522277832031250e+00
9.531300783157348633e+00
9.612423181533813477e+00
9.619669437408447266e+00
9.581179857254028320e+00
9.688462734222412109e+00
9.565526485443115234e+00
9.635188102722167969e+00
9.658971786499023438e+00
9.830228567123413086e+00
9.526801347732543945e+00
9.666972637176513672e+00
9.653636932373046875e+00
9.660936594009399414e+00
9.624334573745727539e+00
9.664394617080688477e+00
9.568918943405151367e+00
9.574351549148559570e+00
9.584265470504760742e+00
9.599274873733520508e+00
9.703057765960693359e+00
9.615470409393310547e+00
9.674978256225585938e+00
9.639714479446411133e+00
9.701741933822631836e+00
9.609519720077514648e+00
9.680730104446411133e+00
9.677136898040771484e+00
9.646970748901367188e+00
9.584323644638061523e+00
9.663054466247558594e+00
9.649147987365722656e+00
9.625236749649047852e+00
9.650157690048217773e+00
9.664665937423706055e+00
9.756328582763671875e+00
9.612570762634277344e+00
9.615823984146118164e+00
9.798830270767211914e+00
9.660976171493530273e+00
9.590221881866455078e+00
9.632951974868774414e+00
9.556011676788330078e+00
9.715554475784301758e+00
9.604220151901245117e+00
9.680222511291503906e+00
9.688518762588500977e+00
9.599099159240722656e+00
