3.660000000000000000e+02
3.760000000000000000e+02
3.880000000000000000e+02
3.820000000000000000e+02
3.920000000000000000e+02
4.720000000000000000e+02
4.040000000000000000e+02
4.580000000000000000e+02
4.380000000000000000e+02
4.780000000000000000e+02
5.180000000000000000e+02
5.280000000000000000e+02
5.220000000000000000e+02
5.120000000000000000e+02
4.980000000000000000e+02
4.920000000000000000e+02
4.700000000000000000e+02
5.890000000000000000e+02
6.040000000000000000e+02
5.580000000000000000e+02
6.620000000000000000e+02
7.560000000000000000e+02
7.640000000000000000e+02
7.180000000000000000e+02
8.040000000000000000e+02
7.660000000000000000e+02
7.260000000000000000e+02
7.920000000000000000e+02
8.380000000000000000e+02
9.460000000000000000e+02
9.660000000000000000e+02
9.580000000000000000e+02
1.058000000000000000e+03
1.014000000000000000e+03
1.044000000000000000e+03
1.052000000000000000e+03
9.740000000000000000e+02
1.126000000000000000e+03
1.140000000000000000e+03
1.113000000000000000e+03
1.388000000000000000e+03
1.350000000000000000e+03
1.556000000000000000e+03
1.460000000000000000e+03
1.354000000000000000e+03
1.228000000000000000e+03
1.000000000000000000e+03
7.400000000000000000e+02
6.180000000000000000e+02
5.660000000000000000e+02
5.040000000000000000e+02
5.140000000000000000e+02
4.640000000000000000e+02
4.660000000000000000e+02
4.540000000000000000e+02
4.680000000000000000e+02
4.460000000000000000e+02
4.320000000000000000e+02
4.360000000000000000e+02
4.180000000000000000e+02
5.320000000000000000e+02
4.860000000000000000e+02
4.540000000000000000e+02
4.760000000000000000e+02
4.500000000000000000e+02
4.280000000000000000e+02
4.920000000000000000e+02
4.320000000000000000e+02
4.200000000000000000e+02
4.380000000000000000e+02
3.980000000000000000e+02
4.400000000000000000e+02
4.220000000000000000e+02
4.180000000000000000e+02
4.400000000000000000e+02
3.640000000000000000e+02
3.860000000000000000e+02
4.200000000000000000e+02
3.960000000000000000e+02
4.480000000000000000e+02
4.120000000000000000e+02
3.660000000000000000e+02
4.480000000000000000e+02
4.760000000000000000e+02
4.400000000000000000e+02
