1.360042603744213673e-02
1.608535747484136913e-02
1.468393238936625128e-02
1.408507062542515252e-02
1.458176486904148687e-02
1.645420111595324517e-02
1.685549592526336751e-02
1.437231522742783707e-02
1.570595854922279822e-02
1.577752101677357827e-02
1.743411759958029064e-02
1.779531363233754701e-02
1.726032973743130486e-02
1.680874054508344276e-02
1.802652812217105452e-02
1.693480101608806077e-02
2.050715778680443219e-02
2.048675904236312365e-02
2.222844121057050357e-02
2.309136670528544669e-02
2.167543049813350567e-02
2.321606042536275213e-02
2.205204282105769492e-02
2.444382314175020873e-02
2.336542722475123957e-02
2.687534582246462606e-02
2.692962654944358603e-02
2.953128143230738384e-02
3.227511076785496286e-02
3.288797533401850021e-02
3.427725946323620376e-02
3.355892835689399528e-02
3.050592290321302649e-02
3.425233083910207699e-02
3.400150239196615687e-02
3.750343258404927049e-02
3.731255165899161758e-02
3.895438236801640475e-02
4.095453079651725087e-02
4.269055400879635115e-02
4.520930965226637593e-02
3.964423882263790055e-02
3.701165181631254492e-02
3.733062595181381449e-02
4.209948649602132664e-02
4.251131666994686226e-02
4.426990360585505296e-02
4.880560947589430987e-02
4.936021867448401462e-02
5.382581587151256952e-02
5.540739561358118404e-02
4.649879812428577008e-02
4.450603840823599139e-02
4.090679317183186503e-02
3.457809275339745331e-02
2.954536477465734626e-02
2.610243227209808198e-02
2.465166130760985952e-02
2.077468976727589803e-02
1.895622763204467612e-02
2.019809671780928295e-02
2.028881728129848516e-02
1.993016595394091553e-02
1.835515645397365475e-02
2.074737710715548675e-02
2.003820513820123855e-02
1.869232901667260832e-02
2.000392233771327785e-02
2.016519951913755063e-02
2.006190979977273692e-02
2.034532486261059203e-02
1.920449666263320324e-02
2.000714540907467046e-02
1.903120961741786368e-02
1.705689580289809423e-02
1.692569304385652812e-02
2.088086307567379313e-02
1.571601704523241730e-02
1.799976623680211996e-02
1.576392933410988156e-02
1.687565920543771317e-02
1.545139580263629568e-02
1.766004415011037526e-02
1.686127053235701723e-02
1.421029651093557757e-02
1.380725077912343599e-02
1.415859205062289933e-02
1.668559790059143816e-02
1.594578433326689429e-02
