1.759315821624923490e-02
2.118498761668889327e-02
2.099582301408346729e-02
2.044974623050420381e-02
2.012815407450313163e-02
2.295234349862357304e-02
2.516046213093709946e-02
2.937771345875542575e-02
2.691473324263705599e-02
3.199712385403559456e-02
2.830974188176519496e-02
3.058257654617897378e-02
3.088831282631713387e-02
3.408547134390989275e-02
3.368481664087522726e-02
3.532975656045841267e-02
3.664562669071235596e-02
3.622148902596471209e-02
4.152299372073608996e-02
3.903041756005378587e-02
3.422753366790626944e-02
3.737024221453286860e-02
3.756546866534224427e-02
3.652902625076102222e-02
4.228451852653605791e-02
4.066314447075970034e-02
4.028167986280876967e-02
4.109242177608971036e-02
4.498709982194120521e-02
4.471530056615340143e-02
4.677330391616105892e-02
4.496369734271919716e-02
4.874231414197875700e-02
5.115408608858390549e-02
5.318953816807894114e-02
5.818426261343690592e-02
5.689293983608365024e-02
5.774642739665947905e-02
5.809646066385475843e-02
5.876048634465427106e-02
5.970702762840719713e-02
5.522129120372079591e-02
5.295938674725436668e-02
4.674804288947426861e-02
4.338265439230740844e-02
3.824430580678504082e-02
3.544397267860439210e-02
3.867885176898866462e-02
3.098892201243973188e-02
3.424528656907387114e-02
2.897091722595078467e-02
2.744387321078521971e-02
3.156841676238467814e-02
3.233502165455479777e-02
3.280776000898842637e-02
3.010397507601066114e-02
2.968404482590607588e-02
3.135075041689827646e-02
3.144630710329703038e-02
3.153371940967681503e-02
3.138067572068237859e-02
2.995978304984688034e-02
2.866576617139426561e-02
2.721597069049310272e-02
2.680295286768881458e-02
3.209036167109249188e-02
2.734506331951137501e-02
2.704037066575519510e-02
2.774113301420979075e-02
2.598900465187805112e-02
2.888547098323141979e-02
2.918776964922153300e-02
2.871771182199638062e-02
2.982894483951566492e-02
2.943782992332293069e-02
2.571130757055167457e-02
2.864160211600226547e-02
2.562812124966126065e-02
2.405853733287361546e-02
2.498554077501445939e-02
2.401570257476041970e-02
2.310981011439355859e-02
2.284471036170791433e-02
2.449618469966738377e-02
2.023441377467262089e-02
2.410290084591911602e-02
2.482726314556739713e-02
2.133896119122992083e-02
2.210969811758339496e-02
2.078405521734072794e-02
1.822977270964238478e-02
2.158749951291743033e-02
1.697379277827983091e-02
1.851779198870100868e-02
2.095514656830043537e-02
1.856275700019581129e-02
1.886262391138580213e-02
1.642455936471044070e-02
1.889154432684647666e-02
1.902659918566155378e-02
2.018163471241170639e-02
1.827197126459220028e-02
2.010635407367154445e-02
2.124302482201270020e-02
2.207939508506616411e-02
2.699871988828115785e-02
3.042142396540606017e-02
3.060408815804499180e-02
3.089301301757182289e-02
3.688729737014362353e-02
3.973356947599430283e-02
3.754462743291488852e-02
3.854780459988595143e-02
4.402077036348136380e-02
4.460850981154070027e-02
4.445461130809409689e-02
3.889764384825306759e-02
4.222678495331809445e-02
4.154622885111958902e-02
3.478393531408520423e-02
3.391755309081273539e-02
2.845251608021187942e-02
2.555693769082890282e-02
2.347525891829689224e-02
2.299981085681861159e-02
2.013243005320166854e-02
2.210708117443868637e-02
1.935164374690487993e-02
1.874615857406269209e-02
1.643022857794850314e-02
1.307935059503440890e-02
1.581861323490640556e-02
1.486653902466494002e-02
1.321266277160423191e-02
1.419947606211321642e-02
1.600857875990961687e-02
1.393514796523869642e-02
1.385115745169313191e-02
1.470868422055405210e-02
1.525145842071148027e-02
1.318168122928592943e-02
1.525622144178845167e-02
1.402798094595101436e-02
1.612602187465004416e-02
1.428625420461846623e-02
1.517648411451347039e-02
1.681183675021870674e-02
1.795138487615085404e-02
1.454074835369799368e-02
1.237922705314009608e-02
1.606086221470836781e-02
1.467848043503061119e-02
1.458901217030752172e-02
1.586873627855024324e-02
1.400528067960050450e-02
1.625829211242762334e-02
1.434497731942775169e-02
