1.346212684120809411e-02
1.645648129005581814e-02
1.592240856738735139e-02
1.428514424803479545e-02
1.522782250069397610e-02
1.590826503008034923e-02
1.569533521889814043e-02
1.642562397339850100e-02
1.748807631160572210e-02
1.669501918740356680e-02
1.808274470232088676e-02
2.026151490163741187e-02
2.029527637391062220e-02
2.233021406482188151e-02
2.092976454014892213e-02
2.292240725210654625e-02
2.301431378052203047e-02
2.521448423087767343e-02
2.284088599878073694e-02
3.250470193801618946e-02
3.082930003660470930e-02
3.182475718123579239e-02
3.617799573903605903e-02
3.624995053227274278e-02
3.542555352427381732e-02
3.809372643942701003e-02
4.052595819511610464e-02
4.081797281490743418e-02
4.102564102564102561e-02
4.515946937623482871e-02
4.978987392435461207e-02
4.960057231429593205e-02
5.835353977024287236e-02
5.378446315285480284e-02
5.936091275381976534e-02
6.267760656393836505e-02
6.281743935638535448e-02
6.580243508412467190e-02
7.498703681544413580e-02
9.325083909579845454e-02
1.068702290076335853e-01
6.464406107475709207e-02
3.810957493166422516e-02
3.683004302199348323e-02
3.207673257596603544e-02
2.894424673784104507e-02
2.965377429741225188e-02
2.867326098273997870e-02
2.600614255514339251e-02
2.491826808069531884e-02
2.202695717864100802e-02
2.356807888091707118e-02
1.918275137727398771e-02
2.380189132873858013e-02
2.017302882447004689e-02
2.003000446012245112e-02
2.221414435154893049e-02
2.055705590713047606e-02
2.326418035735699705e-02
2.226284785699776669e-02
2.235036786637502326e-02
2.141396318723182493e-02
2.247006049631672039e-02
2.045056422373405999e-02
2.202202202202202183e-02
2.217563099750020222e-02
1.910288961431507587e-02
2.051735929516836435e-02
1.836726400910236243e-02
2.137318709573741635e-02
2.012548833905528425e-02
2.004850444624090705e-02
2.143902535500969223e-02
1.994872616567857845e-02
2.009852216748768405e-02
1.850448654037886373e-02
2.012365135167899083e-02
1.839451391690197571e-02
1.829292970172811603e-02
1.634703560464096164e-02
1.608252446899240476e-02
1.745495495495495361e-02
1.432328545417762417e-02
1.604774001048344875e-02
1.510754184391523841e-02
1.632849081522391721e-02
1.359773371104815859e-02
1.608707831445836331e-02
1.467071935157041561e-02
1.555796142587914481e-02
1.696325948238278439e-02
1.663681592039801052e-02
1.818109325784458483e-02
2.046534291631136454e-02
1.913447054512885243e-02
2.032437705784317580e-02
2.427145708582834419e-02
2.392861430114841259e-02
2.539376406300224848e-02
2.797147385103011114e-02
2.904479443649007897e-02
3.113973906621810006e-02
3.356142065819485432e-02
3.014177194621603037e-02
3.307572177952188691e-02
3.253404024581274534e-02
2.980888657398133093e-02
3.041123370110331015e-02
2.907046777755470726e-02
2.763399225596087361e-02
2.924706925029206886e-02
3.027489605619020779e-02
2.795436022819886013e-02
2.921195652173913179e-02
2.821380519427569775e-02
2.559608722233543826e-02
2.275367543965068143e-02
2.149038264364516379e-02
2.216156760500264875e-02
2.153758957127241760e-02
2.179481966413206878e-02
1.949019449925502509e-02
1.885791256785991285e-02
1.991267801036438606e-02
1.867321867321867362e-02
2.042917747847934271e-02
1.915502301090426726e-02
1.483691823117410519e-02
1.787837782425062694e-02
1.887258941816383553e-02
1.464664957890882482e-02
1.922372011566814490e-02
1.564792176039119659e-02
1.715002224649112006e-02
2.029376866740313298e-02
1.816928255667761560e-02
1.697984146783084597e-02
1.947379324632276740e-02
1.555058009362914745e-02
1.769764446844750844e-02
1.586849493428815414e-02
1.724137931034482735e-02
1.696241096792786701e-02
1.683763128856920893e-02
1.700336018784664657e-02
1.454016721192293721e-02
1.682327356284108247e-02
1.646328852119958649e-02
1.513240857503152584e-02
