1.306140318873362689e-02
1.333876764607803099e-02
1.413531620407862746e-02
1.379109051771315944e-02
1.337497703472349808e-02
1.316789060521651039e-02
1.378059836808703462e-02
1.423929314688378474e-02
1.350611425442599031e-02
1.366309867387571764e-02
1.399108340280546571e-02
1.485635218293704200e-02
1.505010672551644266e-02
1.493657316419510529e-02
1.506495396819620795e-02
1.196784542734580584e-02
1.471294961369265519e-02
1.437064594959331851e-02
1.462536287803623339e-02
1.423800961432607898e-02
1.523520704718581836e-02
1.727310277496151014e-02
1.971018724677884443e-02
1.822694772718853190e-02
1.851919361306551132e-02
1.869921715578970814e-02
1.885339104280526687e-02
2.159559333163097936e-02
2.018044559013073072e-02
2.322724734785036257e-02
2.100794202686381493e-02
2.169197396963123622e-02
2.524421029524750310e-02
2.527761542957334892e-02
2.134268903263530914e-02
2.405586224545753701e-02
2.445782687405327616e-02
2.638444860912064066e-02
2.701608450807906070e-02
2.796432896620059533e-02
3.331522723157703814e-02
3.735472132486725161e-02
3.241985898088246137e-02
3.068186008776782256e-02
3.429416112342941608e-02
3.482587064676617022e-02
3.410726809641578122e-02
3.743684803547413925e-02
3.892871735819620344e-02
4.094755903765844723e-02
3.652901582681462866e-02
3.599780501188951792e-02
3.523398702287309364e-02
3.630612171537438149e-02
3.923559487979112748e-02
3.428634425988534573e-02
4.000294681007809244e-02
3.929273084479371209e-02
3.772893772893772674e-02
4.413843087515854219e-02
4.438259850593232608e-02
5.016043964150038864e-02
4.051416154101138145e-02
4.079547527823389891e-02
3.937434526604775831e-02
3.349335715083175125e-02
3.013044277053095882e-02
2.721777842122407448e-02
2.192124589437945137e-02
2.179212528625249293e-02
2.334892422825070313e-02
2.145367116700573271e-02
2.068940037684265099e-02
1.720540322875864850e-02
2.007750507473703497e-02
1.955483130254434890e-02
2.022896521062576489e-02
1.987393400074156588e-02
1.919143080299029122e-02
2.307720847401031547e-02
2.062317865949338594e-02
2.170116309315893097e-02
2.180766235211215390e-02
2.250413678985107441e-02
1.947046242348255893e-02
2.041718876686076517e-02
1.732591145353338039e-02
1.834525775087140001e-02
1.501776491703600558e-02
1.847205556161594237e-02
1.621720785177031832e-02
1.541166348707589950e-02
1.529763884270036664e-02
1.528211691195844463e-02
1.602195601379668294e-02
1.438636615146261441e-02
1.785522979680748482e-02
1.600115845491076327e-02
1.575717968267799363e-02
1.585379279973576916e-02
1.550952051552772354e-02
