9.610741376876831055e+00
9.668672323226928711e+00
9.608091831207275391e+00
9.602061271667480469e+00
9.672017335891723633e+00
9.614684104919433594e+00
9.667271375656127930e+00
9.722548246383666992e+00
9.573977708816528320e+00
9.585607290267944336e+00
9.629405498504638672e+00
9.663353681564331055e+00
9.583547830581665039e+00
9.626851797103881836e+00
9.709615230560302734e+00
9.642186880111694336e+00
9.583133697509765625e+00
9.644552469253540039e+00
9.625253200531005859e+00
9.678480863571166992e+00
9.576718568801879883e+00
9.540224790573120117e+00
9.643747568130493164e+00
9.633195161819458008e+00
9.622940778732299805e+00
9.626174688339233398e+00
9.659106969833374023e+00
9.574695110321044922e+00
9.653663873672485352e+00
9.605463743209838867e+00
9.666741371154785156e+00
9.566577434539794922e+00
9.550088882446289062e+00
9.616747856140136719e+00
9.698826074600219727e+00
9.617376089096069336e+00
9.601094007492065430e+00
9.587165832519531250e+00
9.685747385025024414e+00
9.589166402816772461e+00
9.548443794250488281e+00
9.562051534652709961e+00
9.588400125503540039e+00
9.569825649261474609e+00
9.595242977142333984e+00
9.677101373672485352e+00
9.645964622497558594e+00
9.624533414840698242e+00
9.605442285537719727e+00
9.658926963806152344e+00
9.624485492706298828e+00
9.573729991912841797e+00
9.563964366912841797e+00
9.602728605270385742e+00
9.536202192306518555e+00
9.695314168930053711e+00
9.616359710693359375e+00
9.700091361999511719e+00
9.593894004821777344e+00
9.515629768371582031e+00
9.673957824707031250e+00
9.761286973953247070e+00
9.548692703247070312e+00
9.649714946746826172e+00
9.651462793350219727e+00
9.625805854797363281e+00
9.680627584457397461e+00
9.664135932922363281e+00
9.681276082992553711e+00
9.608302593231201172e+00
9.628448009490966797e+00
9.599643945693969727e+00
9.665489435195922852e+00
9.553821802139282227e+00
9.716783046722412109e+00
9.635052919387817383e+00
9.635771512985229492e+00
9.593990802764892578e+00
9.646626234054565430e+00
9.676939010620117188e+00
9.641208171844482422e+00
9.655914068222045898e+00
9.665434598922729492e+00
9.630244493484497070e+00
9.515052556991577148e+00
