5.200000000000000000e+03
5.036000000000000000e+03
5.064000000000000000e+03
5.024000000000000000e+03
5.136000000000000000e+03
5.045000000000000000e+03
5.162000000000000000e+03
5.082000000000000000e+03
5.010000000000000000e+03
5.050000000000000000e+03
5.102000000000000000e+03
4.974000000000000000e+03
5.018000000000000000e+03
4.876000000000000000e+03
5.066000000000000000e+03
4.978000000000000000e+03
5.043000000000000000e+03
4.876000000000000000e+03
4.932000000000000000e+03
4.671000000000000000e+03
4.836000000000000000e+03
4.920000000000000000e+03
4.866000000000000000e+03
4.730000000000000000e+03
4.800000000000000000e+03
4.720000000000000000e+03
4.630000000000000000e+03
4.492000000000000000e+03
4.430000000000000000e+03
4.432000000000000000e+03
4.383000000000000000e+03
4.350000000000000000e+03
4.086000000000000000e+03
4.300000000000000000e+03
4.152000000000000000e+03
4.206000000000000000e+03
4.240000000000000000e+03
4.262000000000000000e+03
4.276000000000000000e+03
4.224000000000000000e+03
4.270000000000000000e+03
4.000000000000000000e+03
3.808000000000000000e+03
3.670000000000000000e+03
3.988000000000000000e+03
4.070000000000000000e+03
4.306000000000000000e+03
5.010000000000000000e+03
4.966000000000000000e+03
5.152000000000000000e+03
5.012000000000000000e+03
5.161000000000000000e+03
5.212000000000000000e+03
5.082000000000000000e+03
4.970000000000000000e+03
5.148000000000000000e+03
4.903000000000000000e+03
5.076000000000000000e+03
5.058000000000000000e+03
5.176000000000000000e+03
4.966000000000000000e+03
5.177000000000000000e+03
5.092000000000000000e+03
5.304000000000000000e+03
5.085000000000000000e+03
4.974000000000000000e+03
4.912000000000000000e+03
5.084000000000000000e+03
5.142000000000000000e+03
5.106000000000000000e+03
4.984000000000000000e+03
5.110000000000000000e+03
5.186000000000000000e+03
5.142000000000000000e+03
5.046000000000000000e+03
5.058000000000000000e+03
5.090000000000000000e+03
5.044000000000000000e+03
5.100000000000000000e+03
5.076000000000000000e+03
5.178000000000000000e+03
5.051000000000000000e+03
5.018000000000000000e+03
5.076000000000000000e+03
5.118000000000000000e+03
