3.440000000000000000e+02
4.280000000000000000e+02
3.760000000000000000e+02
4.160000000000000000e+02
3.740000000000000000e+02
3.640000000000000000e+02
3.980000000000000000e+02
3.840000000000000000e+02
3.980000000000000000e+02
4.240000000000000000e+02
3.720000000000000000e+02
4.300000000000000000e+02
4.400000000000000000e+02
4.920000000000000000e+02
4.840000000000000000e+02
5.200000000000000000e+02
5.120000000000000000e+02
5.140000000000000000e+02
5.240000000000000000e+02
5.600000000000000000e+02
5.880000000000000000e+02
6.020000000000000000e+02
7.140000000000000000e+02
7.460000000000000000e+02
7.180000000000000000e+02
7.900000000000000000e+02
9.480000000000000000e+02
9.140000000000000000e+02
1.000000000000000000e+03
1.124000000000000000e+03
1.212000000000000000e+03
1.220000000000000000e+03
1.324000000000000000e+03
1.362000000000000000e+03
1.476000000000000000e+03
1.671000000000000000e+03
1.564000000000000000e+03
1.720000000000000000e+03
1.808000000000000000e+03
1.690000000000000000e+03
1.668000000000000000e+03
1.724000000000000000e+03
2.088000000000000000e+03
2.434000000000000000e+03
1.598000000000000000e+03
9.100000000000000000e+02
8.180000000000000000e+02
7.410000000000000000e+02
6.780000000000000000e+02
7.460000000000000000e+02
6.200000000000000000e+02
6.600000000000000000e+02
5.980000000000000000e+02
4.940000000000000000e+02
5.960000000000000000e+02
5.640000000000000000e+02
5.600000000000000000e+02
5.440000000000000000e+02
5.540000000000000000e+02
5.620000000000000000e+02
5.220000000000000000e+02
4.760000000000000000e+02
4.780000000000000000e+02
5.120000000000000000e+02
5.280000000000000000e+02
5.500000000000000000e+02
5.280000000000000000e+02
5.320000000000000000e+02
5.400000000000000000e+02
5.520000000000000000e+02
5.100000000000000000e+02
4.720000000000000000e+02
4.880000000000000000e+02
4.800000000000000000e+02
4.140000000000000000e+02
4.880000000000000000e+02
5.180000000000000000e+02
4.820000000000000000e+02
4.800000000000000000e+02
4.460000000000000000e+02
4.260000000000000000e+02
4.360000000000000000e+02
4.480000000000000000e+02
4.280000000000000000e+02
4.180000000000000000e+02
4.480000000000000000e+02
4.080000000000000000e+02
3.960000000000000000e+02
4.720000000000000000e+02
4.160000000000000000e+02
4.120000000000000000e+02
4.040000000000000000e+02
4.040000000000000000e+02
3.560000000000000000e+02
3.880000000000000000e+02
3.940000000000000000e+02
4.820000000000000000e+02
4.740000000000000000e+02
4.340000000000000000e+02
5.520000000000000000e+02
6.220000000000000000e+02
6.140000000000000000e+02
5.860000000000000000e+02
7.320000000000000000e+02
7.200000000000000000e+02
8.000000000000000000e+02
8.060000000000000000e+02
8.840000000000000000e+02
8.920000000000000000e+02
9.540000000000000000e+02
9.360000000000000000e+02
9.060000000000000000e+02
9.000000000000000000e+02
9.140000000000000000e+02
8.000000000000000000e+02
8.980000000000000000e+02
9.020000000000000000e+02
8.820000000000000000e+02
9.080000000000000000e+02
7.580000000000000000e+02
7.140000000000000000e+02
7.140000000000000000e+02
5.820000000000000000e+02
5.020000000000000000e+02
4.840000000000000000e+02
5.060000000000000000e+02
5.300000000000000000e+02
4.480000000000000000e+02
4.320000000000000000e+02
4.580000000000000000e+02
4.520000000000000000e+02
3.800000000000000000e+02
4.120000000000000000e+02
4.220000000000000000e+02
4.060000000000000000e+02
3.880000000000000000e+02
3.400000000000000000e+02
4.260000000000000000e+02
3.900000000000000000e+02
4.120000000000000000e+02
4.000000000000000000e+02
3.900000000000000000e+02
4.020000000000000000e+02
3.580000000000000000e+02
3.940000000000000000e+02
4.040000000000000000e+02
4.560000000000000000e+02
3.620000000000000000e+02
3.920000000000000000e+02
4.080000000000000000e+02
3.620000000000000000e+02
3.660000000000000000e+02
3.940000000000000000e+02
