9.687885046005249023e+00
9.646138668060302734e+00
9.642167091369628906e+00
9.642073392868041992e+00
9.665638685226440430e+00
9.522222042083740234e+00
9.549662828445434570e+00
9.694411516189575195e+00
9.653171539306640625e+00
9.579971551895141602e+00
9.634740352630615234e+00
9.681111812591552734e+00
9.588100910186767578e+00
9.666361570358276367e+00
9.595000267028808594e+00
9.609925746917724609e+00
9.579589605331420898e+00
9.615208625793457031e+00
9.615683555603027344e+00
9.690216302871704102e+00
9.606919288635253906e+00
9.632988929748535156e+00
9.649637222290039062e+00
9.695805072784423828e+00
9.705357313156127930e+00
9.559664964675903320e+00
9.754776716232299805e+00
9.634336233139038086e+00
9.578119754791259766e+00
9.697458028793334961e+00
9.605408430099487305e+00
9.643712997436523438e+00
9.633200645446777344e+00
9.626720905303955078e+00
9.560380697250366211e+00
9.558045387268066406e+00
9.636732816696166992e+00
9.567847013473510742e+00
9.663584709167480469e+00
9.579694032669067383e+00
9.621716260910034180e+00
9.516983270645141602e+00
9.655805110931396484e+00
9.600948572158813477e+00
9.608367443084716797e+00
9.612586498260498047e+00
9.773358821868896484e+00
9.668374061584472656e+00
9.588009834289550781e+00
9.680986881256103516e+00
9.577196836471557617e+00
9.636302232742309570e+00
9.672086477279663086e+00
9.637332201004028320e+00
9.590647697448730469e+00
9.602270364761352539e+00
9.643357992172241211e+00
9.697213888168334961e+00
9.647834300994873047e+00
9.779807567596435547e+00
9.634177446365356445e+00
9.612972736358642578e+00
9.626553058624267578e+00
9.631940126419067383e+00
9.651540279388427734e+00
9.666592121124267578e+00
9.645442008972167969e+00
9.669354677200317383e+00
9.689465045928955078e+00
9.574208974838256836e+00
9.572495460510253906e+00
9.600653886795043945e+00
9.743893146514892578e+00
9.602180004119873047e+00
9.552356719970703125e+00
9.674092292785644531e+00
9.715530157089233398e+00
9.588773012161254883e+00
9.618568658828735352e+00
9.651775598526000977e+00
9.667084932327270508e+00
