9.571013927459716797e+00
9.620032787322998047e+00
9.582840681076049805e+00
9.628890991210937500e+00
9.638445615768432617e+00
9.701503038406372070e+00
9.583905458450317383e+00
9.661366701126098633e+00
9.619395256042480469e+00
9.555917739868164062e+00
9.589354753494262695e+00
9.594455480575561523e+00
9.633147478103637695e+00
9.519493579864501953e+00
9.582447290420532227e+00
9.643818140029907227e+00
9.580896377563476562e+00
9.623304367065429688e+00
9.595840454101562500e+00
9.607457876205444336e+00
9.598900556564331055e+00
9.515285253524780273e+00
9.606760740280151367e+00
9.666535854339599609e+00
9.585003137588500977e+00
9.660089254379272461e+00
9.633337497711181641e+00
9.640851736068725586e+00
9.557802915573120117e+00
9.674104690551757812e+00
9.679929971694946289e+00
9.571562290191650391e+00
9.575461626052856445e+00
9.545269489288330078e+00
9.661246538162231445e+00
9.536484003067016602e+00
9.520190715789794922e+00
9.581361055374145508e+00
9.541949510574340820e+00
9.613805294036865234e+00
9.536886215209960938e+00
9.535739898681640625e+00
9.645190000534057617e+00
9.795732021331787109e+00
9.537936210632324219e+00
9.627010583877563477e+00
9.513329029083251953e+00
9.587690830230712891e+00
9.573057413101196289e+00
9.699071407318115234e+00
9.652574300765991211e+00
9.644066810607910156e+00
9.612688541412353516e+00
9.749902963638305664e+00
9.584046840667724609e+00
9.559090137481689453e+00
9.592252254486083984e+00
9.629352569580078125e+00
9.559577226638793945e+00
9.586353302001953125e+00
9.657896995544433594e+00
9.683916330337524414e+00
9.604603767395019531e+00
9.752797842025756836e+00
9.737471103668212891e+00
9.638910055160522461e+00
9.648409366607666016e+00
9.587102413177490234e+00
9.760354280471801758e+00
9.728394031524658203e+00
9.569584608078002930e+00
9.643963813781738281e+00
9.694317102432250977e+00
9.633881092071533203e+00
9.568290948867797852e+00
9.550815343856811523e+00
9.636907100677490234e+00
9.581769227981567383e+00
9.568396329879760742e+00
9.771901607513427734e+00
9.638997316360473633e+00
9.586798667907714844e+00
9.619108200073242188e+00
9.666665077209472656e+00
9.602505445480346680e+00
9.574200630187988281e+00
9.617854833602905273e+00
9.672437191009521484e+00
9.568036317825317383e+00
9.679064989089965820e+00
9.633733987808227539e+00
9.666638374328613281e+00
9.795739412307739258e+00
9.650650739669799805e+00
9.571858644485473633e+00
9.701480388641357422e+00
9.638580799102783203e+00
9.579246759414672852e+00
9.633862972259521484e+00
9.563333988189697266e+00
9.594042778015136719e+00
9.584259033203125000e+00
9.697934389114379883e+00
9.629434347152709961e+00
9.673849582672119141e+00
9.801953792572021484e+00
9.652398586273193359e+00
9.600212812423706055e+00
9.567444562911987305e+00
9.573109388351440430e+00
9.635987997055053711e+00
9.567995309829711914e+00
9.556317090988159180e+00
9.547406196594238281e+00
9.594945907592773438e+00
9.617026567459106445e+00
9.552921533584594727e+00
9.595481872558593750e+00
9.565073013305664062e+00
9.629737138748168945e+00
9.639536142349243164e+00
9.647243022918701172e+00
9.650711059570312500e+00
9.552017688751220703e+00
9.644933223724365234e+00
9.682789564132690430e+00
9.654201269149780273e+00
9.530744314193725586e+00
9.612500190734863281e+00
9.739599227905273438e+00
9.590931415557861328e+00
9.663824081420898438e+00
9.737694740295410156e+00
9.639728546142578125e+00
9.588892936706542969e+00
9.685050010681152344e+00
9.631036758422851562e+00
9.620442628860473633e+00
9.638256549835205078e+00
9.699774265289306641e+00
9.690959692001342773e+00
9.561324119567871094e+00
9.603618860244750977e+00
9.655355691909790039e+00
9.706464290618896484e+00
9.661805868148803711e+00
9.610677242279052734e+00
9.619639158248901367e+00
9.634776592254638672e+00
9.567150354385375977e+00
9.639476060867309570e+00
9.690901517868041992e+00
9.584621667861938477e+00
9.654153347015380859e+00
9.576119184494018555e+00
9.756260395050048828e+00
9.593073368072509766e+00
