1.988246445497630355e-01
1.908790388511712177e-01
1.880266853932584248e-01
1.833274833274833315e-01
1.918012422360248492e-01
1.923314107447310073e-01
1.886487436302934362e-01
1.916384984878135578e-01
1.872176974783938408e-01
1.838473881262256970e-01
1.825651374824318052e-01
1.842208092074881787e-01
1.791913595399235448e-01
1.786673350281069994e-01
1.813509803231370399e-01
1.793576198720893133e-01
1.713215140686257520e-01
1.715787629227264743e-01
1.817595413008421534e-01
1.761316872427983460e-01
1.731941128256298812e-01
1.801349775626303051e-01
1.714019562179785738e-01
1.693957811941365632e-01
1.727159836792620251e-01
1.775268621380440837e-01
1.780112298496649148e-01
1.700131490102704535e-01
1.661015713296146445e-01
1.653117528048556051e-01
1.684492975068013210e-01
1.677750120741538786e-01
1.640805669526296251e-01
1.645274643980025875e-01
1.609032912860663966e-01
1.621168495097860540e-01
1.499874771905971571e-01
1.567323239747170360e-01
1.595614652394533040e-01
1.534335930422177918e-01
1.538517627328739590e-01
1.621921045828871033e-01
1.626045443124304601e-01
1.675530939368374828e-01
1.773445770817362044e-01
1.795092070369402049e-01
1.742246028012015557e-01
1.854126539957117459e-01
1.859298309398291216e-01
1.821091943802240765e-01
1.874931790898177464e-01
1.829859603415834313e-01
1.810185016902330080e-01
1.761050949760340767e-01
1.747488929690031445e-01
1.777074871499945974e-01
1.824336621410111714e-01
1.747110083585274865e-01
1.831318302290963207e-01
1.775381850853549048e-01
1.843821739605728260e-01
1.801173750666903717e-01
1.785010215419907398e-01
1.839939079667839150e-01
1.865126920143806433e-01
1.849756800576472793e-01
1.884168759783043934e-01
1.818246437075736466e-01
1.785778063502267976e-01
1.792824366802760472e-01
1.861818704415621750e-01
1.778018408229561365e-01
1.841644325290437978e-01
1.839194907720209105e-01
1.870673887314851236e-01
1.894721588233163057e-01
1.924961550842304858e-01
1.869523573024938767e-01
1.912755227986035200e-01
1.839330245814036202e-01
1.857482016937741509e-01
1.875022253872173639e-01
1.924773208074868347e-01
1.969105049998207957e-01
1.909480165610955849e-01
1.897448513390032898e-01
1.909029481845015697e-01
1.891478384629069476e-01
1.852644880480185385e-01
1.876976653281688667e-01
1.942129873782653116e-01
1.940209790209790341e-01
1.890254578562173826e-01
1.906952060852644681e-01
1.870659107016300615e-01
1.908786758232083047e-01
1.883526989776335425e-01
1.918530577576443852e-01
1.929916868357360871e-01
1.932183056349458250e-01
1.809388925351480271e-01
1.954982563669026840e-01
1.857587256007930676e-01
1.894389207040719503e-01
1.855548214347811087e-01
1.902849695304519306e-01
1.801801801801801717e-01
1.810546943346047488e-01
1.731357989935601860e-01
1.827781715095676829e-01
1.812329784600148486e-01
1.706482232965171597e-01
1.607850008761170513e-01
1.684929046164900246e-01
1.625253279300415965e-01
1.626814537491611534e-01
1.600227993302696661e-01
1.517331116492572352e-01
1.645628798503973866e-01
1.670948442723913518e-01
1.698989540861549352e-01
1.691832166838384277e-01
1.740035383494640542e-01
1.785171841333757226e-01
1.819089741760593626e-01
1.805112381219537987e-01
1.858528841065443526e-01
1.859827579987735902e-01
1.917954943054018258e-01
1.877513902976461202e-01
1.839251015721603821e-01
1.850428405204329885e-01
1.937981779957953787e-01
1.916095342971830540e-01
1.954515376310382024e-01
1.941370338248048499e-01
1.985296679558203603e-01
1.917646650709404488e-01
1.932912419315015451e-01
1.924761215130512682e-01
1.943129599557751330e-01
1.922712435505949113e-01
1.939297013524319546e-01
1.908269877811227255e-01
1.997088171584815997e-01
1.983853184905928768e-01
1.981591012494312853e-01
1.859556530381438755e-01
1.901981660198509561e-01
1.975187150739816655e-01
1.944920740455611252e-01
1.971552606501252858e-01
1.934647847861870884e-01
1.893695920889987561e-01
1.913046510006275736e-01
1.969905204919477071e-01
1.964457423697425209e-01
