1.522029372496662251e-02
1.626350158117376501e-02
1.502965309935819400e-02
1.681213047500301760e-02
1.522057949185461230e-02
1.497064964740180484e-02
1.586466469707394078e-02
1.571630062462220367e-02
1.778023627958433620e-02
1.566997121842021029e-02
1.640313867749694510e-02
1.820268291717779333e-02
1.785211692332435221e-02
2.029020653975182817e-02
1.811431602137815802e-02
2.350213837483512702e-02
2.481162316306564919e-02
2.380060749802355088e-02
2.552213696606622784e-02
2.531749619826558634e-02
3.012421078694342558e-02
3.233370356658028105e-02
3.477540881805009365e-02
3.647391500348346610e-02
3.580983741510598839e-02
3.789195002895673348e-02
4.047628723533953921e-02
4.278733626247279570e-02
4.101246944778159931e-02
4.529543249968369378e-02
4.945308243577385687e-02
5.240503155167370447e-02
5.418698678671168140e-02
5.695380878596256052e-02
5.770442232581579622e-02
6.589492430988423688e-02
6.677396723205811235e-02
7.162487844065790199e-02
8.154842969749494241e-02
9.790784660281967589e-02
1.163453201767061657e-01
5.827341119747288245e-02
4.560956568188355431e-02
3.646714244461862070e-02
3.516037695981067551e-02
3.019082882369695381e-02
3.076415522289578999e-02
2.683094881044056218e-02
2.754263032119567273e-02
2.582741116751268926e-02
2.226176190673232261e-02
2.496578609049060829e-02
2.589446168926646044e-02
2.138029899651853333e-02
1.978402440029676176e-02
2.377426455873524191e-02
2.256410256410256582e-02
2.184756172966733842e-02
2.388927000524595362e-02
1.996333265430841331e-02
2.339558710822475796e-02
2.278343175440800811e-02
2.198793945112196072e-02
2.028447742733456918e-02
2.118969630797848738e-02
2.527386862511795881e-02
2.050197290810722855e-02
2.074520013016596318e-02
2.054765798632951848e-02
2.096941959642188366e-02
2.094413522984951703e-02
1.843051365758915580e-02
1.792836876516304065e-02
2.038173996575199515e-02
1.772948241349728282e-02
1.623628278872435091e-02
1.904682344095902369e-02
1.874152315975504551e-02
1.749767102758313306e-02
1.850870398304048370e-02
1.776691116544417207e-02
1.690438457474907619e-02
1.717898755318725962e-02
1.506358809729596224e-02
1.692745964245902235e-02
1.715676166123644014e-02
1.444882707079094865e-02
1.535957260319712782e-02
1.427919139927773771e-02
1.664774877033673925e-02
1.398487016969944714e-02
1.450116009280742399e-02
1.733565555510551207e-02
1.897627965043695297e-02
1.929630085806954831e-02
2.052953156822810710e-02
2.505288481479945109e-02
2.412235255108384838e-02
2.454510589338219570e-02
2.413058907026259872e-02
2.830868330720006862e-02
3.053371948696731453e-02
2.941907682108229130e-02
3.210419345472645403e-02
2.821203231121649155e-02
2.948242863541963507e-02
3.142410517455609259e-02
2.908214500903795810e-02
2.421150653872626568e-02
2.794507347627077712e-02
2.972842680379238212e-02
2.734201717949752072e-02
2.758061245183532698e-02
2.667425690237059180e-02
2.659813160363888596e-02
2.259979529170931534e-02
2.278738555442522823e-02
2.146794313896141504e-02
2.176501991704652902e-02
1.952128305860435092e-02
2.129123659178304082e-02
1.967850346195894329e-02
1.901356951328512374e-02
2.027109537184027324e-02
1.816768280207864406e-02
1.955410104315810985e-02
1.665238153544753436e-02
1.706106713693967061e-02
2.010133047740659748e-02
1.877780952769727077e-02
1.819431528726802097e-02
1.696067842713708598e-02
1.463787348695057625e-02
1.711540790376619645e-02
1.565605353883593731e-02
1.676295874359182841e-02
1.720272308507602571e-02
1.899381882189201190e-02
1.854357341822522945e-02
1.763682698919946668e-02
1.606096611627811852e-02
1.675909808525280487e-02
1.519583942792133990e-02
1.847051198963059124e-02
1.773382911780329446e-02
1.700694244752084736e-02
1.550945357157133137e-02
1.456016177957532819e-02
1.534852280408763835e-02
