4.860000000000000000e+02
5.320000000000000000e+02
5.940000000000000000e+02
6.160000000000000000e+02
7.140000000000000000e+02
6.400000000000000000e+02
7.140000000000000000e+02
7.220000000000000000e+02
7.740000000000000000e+02
8.420000000000000000e+02
7.640000000000000000e+02
8.580000000000000000e+02
8.480000000000000000e+02
9.220000000000000000e+02
8.940000000000000000e+02
1.016000000000000000e+03
9.580000000000000000e+02
1.022000000000000000e+03
9.520000000000000000e+02
9.500000000000000000e+02
1.028000000000000000e+03
1.052000000000000000e+03
9.560000000000000000e+02
1.020000000000000000e+03
9.840000000000000000e+02
1.046000000000000000e+03
1.102000000000000000e+03
1.068000000000000000e+03
1.195000000000000000e+03
1.178000000000000000e+03
1.182000000000000000e+03
1.086000000000000000e+03
1.168000000000000000e+03
1.264000000000000000e+03
1.328000000000000000e+03
1.502000000000000000e+03
1.566000000000000000e+03
1.654000000000000000e+03
1.790000000000000000e+03
1.866000000000000000e+03
1.710000000000000000e+03
1.656000000000000000e+03
1.554000000000000000e+03
1.382000000000000000e+03
1.286000000000000000e+03
1.228000000000000000e+03
1.132000000000000000e+03
1.098000000000000000e+03
1.012000000000000000e+03
9.060000000000000000e+02
1.008000000000000000e+03
9.380000000000000000e+02
9.120000000000000000e+02
9.380000000000000000e+02
9.560000000000000000e+02
8.900000000000000000e+02
9.380000000000000000e+02
9.120000000000000000e+02
8.240000000000000000e+02
8.400000000000000000e+02
8.080000000000000000e+02
7.580000000000000000e+02
8.480000000000000000e+02
7.140000000000000000e+02
8.020000000000000000e+02
7.380000000000000000e+02
6.960000000000000000e+02
7.480000000000000000e+02
7.400000000000000000e+02
7.240000000000000000e+02
7.340000000000000000e+02
7.660000000000000000e+02
7.840000000000000000e+02
8.440000000000000000e+02
7.920000000000000000e+02
7.100000000000000000e+02
7.380000000000000000e+02
7.050000000000000000e+02
6.200000000000000000e+02
6.420000000000000000e+02
6.480000000000000000e+02
6.280000000000000000e+02
6.420000000000000000e+02
6.220000000000000000e+02
6.380000000000000000e+02
5.960000000000000000e+02
6.480000000000000000e+02
5.400000000000000000e+02
5.720000000000000000e+02
5.420000000000000000e+02
5.340000000000000000e+02
5.840000000000000000e+02
4.940000000000000000e+02
5.520000000000000000e+02
5.720000000000000000e+02
5.200000000000000000e+02
6.100000000000000000e+02
4.220000000000000000e+02
5.800000000000000000e+02
5.460000000000000000e+02
6.320000000000000000e+02
5.780000000000000000e+02
6.700000000000000000e+02
6.260000000000000000e+02
7.120000000000000000e+02
7.400000000000000000e+02
7.720000000000000000e+02
7.000000000000000000e+02
7.620000000000000000e+02
7.660000000000000000e+02
8.560000000000000000e+02
9.720000000000000000e+02
1.024000000000000000e+03
1.020000000000000000e+03
9.540000000000000000e+02
1.020000000000000000e+03
1.080000000000000000e+03
1.062000000000000000e+03
9.760000000000000000e+02
7.800000000000000000e+02
7.860000000000000000e+02
7.400000000000000000e+02
7.260000000000000000e+02
6.600000000000000000e+02
6.360000000000000000e+02
6.040000000000000000e+02
5.460000000000000000e+02
5.480000000000000000e+02
4.320000000000000000e+02
4.320000000000000000e+02
4.220000000000000000e+02
4.020000000000000000e+02
3.760000000000000000e+02
4.420000000000000000e+02
4.300000000000000000e+02
4.100000000000000000e+02
4.220000000000000000e+02
3.740000000000000000e+02
3.620000000000000000e+02
3.600000000000000000e+02
3.300000000000000000e+02
3.700000000000000000e+02
3.700000000000000000e+02
3.860000000000000000e+02
3.800000000000000000e+02
3.600000000000000000e+02
4.440000000000000000e+02
3.760000000000000000e+02
3.920000000000000000e+02
4.220000000000000000e+02
4.100000000000000000e+02
4.820000000000000000e+02
4.460000000000000000e+02
4.720000000000000000e+02
4.260000000000000000e+02
4.220000000000000000e+02
4.240000000000000000e+02
