3.260000000000000000e+02
3.280000000000000000e+02
3.720000000000000000e+02
3.840000000000000000e+02
3.700000000000000000e+02
3.600000000000000000e+02
3.720000000000000000e+02
3.720000000000000000e+02
3.600000000000000000e+02
3.660000000000000000e+02
3.800000000000000000e+02
3.840000000000000000e+02
4.180000000000000000e+02
3.440000000000000000e+02
4.020000000000000000e+02
3.980000000000000000e+02
3.840000000000000000e+02
3.240000000000000000e+02
3.820000000000000000e+02
4.120000000000000000e+02
3.940000000000000000e+02
4.720000000000000000e+02
4.540000000000000000e+02
5.860000000000000000e+02
5.320000000000000000e+02
6.560000000000000000e+02
6.060000000000000000e+02
7.460000000000000000e+02
7.680000000000000000e+02
8.040000000000000000e+02
7.740000000000000000e+02
8.020000000000000000e+02
8.520000000000000000e+02
9.040000000000000000e+02
9.440000000000000000e+02
1.186000000000000000e+03
1.382000000000000000e+03
1.296000000000000000e+03
1.454000000000000000e+03
1.438000000000000000e+03
1.356000000000000000e+03
1.442000000000000000e+03
1.366000000000000000e+03
1.390000000000000000e+03
1.184000000000000000e+03
1.108000000000000000e+03
1.058000000000000000e+03
1.074000000000000000e+03
9.940000000000000000e+02
1.026000000000000000e+03
9.280000000000000000e+02
9.060000000000000000e+02
8.920000000000000000e+02
8.360000000000000000e+02
8.180000000000000000e+02
7.000000000000000000e+02
7.340000000000000000e+02
6.720000000000000000e+02
6.140000000000000000e+02
6.660000000000000000e+02
5.680000000000000000e+02
5.040000000000000000e+02
5.020000000000000000e+02
4.920000000000000000e+02
4.540000000000000000e+02
4.240000000000000000e+02
4.760000000000000000e+02
3.560000000000000000e+02
4.140000000000000000e+02
4.080000000000000000e+02
3.740000000000000000e+02
3.680000000000000000e+02
4.400000000000000000e+02
3.660000000000000000e+02
3.880000000000000000e+02
3.900000000000000000e+02
3.800000000000000000e+02
3.920000000000000000e+02
3.380000000000000000e+02
3.620000000000000000e+02
4.040000000000000000e+02
3.260000000000000000e+02
3.500000000000000000e+02
3.740000000000000000e+02
3.280000000000000000e+02
