3.520000000000000000e+02
3.880000000000000000e+02
3.660000000000000000e+02
3.920000000000000000e+02
4.400000000000000000e+02
3.860000000000000000e+02
3.560000000000000000e+02
3.880000000000000000e+02
3.620000000000000000e+02
3.920000000000000000e+02
4.580000000000000000e+02
3.920000000000000000e+02
3.600000000000000000e+02
4.100000000000000000e+02
3.660000000000000000e+02
4.260000000000000000e+02
3.520000000000000000e+02
3.900000000000000000e+02
4.020000000000000000e+02
3.560000000000000000e+02
4.220000000000000000e+02
4.040000000000000000e+02
4.580000000000000000e+02
4.740000000000000000e+02
5.920000000000000000e+02
6.680000000000000000e+02
6.660000000000000000e+02
7.120000000000000000e+02
6.940000000000000000e+02
6.740000000000000000e+02
7.540000000000000000e+02
7.560000000000000000e+02
7.720000000000000000e+02
8.800000000000000000e+02
1.052000000000000000e+03
1.136000000000000000e+03
1.306000000000000000e+03
1.416000000000000000e+03
1.416000000000000000e+03
1.506000000000000000e+03
1.481000000000000000e+03
1.570000000000000000e+03
1.430000000000000000e+03
1.380000000000000000e+03
1.294000000000000000e+03
1.364000000000000000e+03
1.274000000000000000e+03
1.176000000000000000e+03
1.102000000000000000e+03
9.700000000000000000e+02
9.980000000000000000e+02
1.002000000000000000e+03
9.580000000000000000e+02
9.060000000000000000e+02
8.800000000000000000e+02
8.680000000000000000e+02
7.660000000000000000e+02
7.160000000000000000e+02
6.560000000000000000e+02
5.880000000000000000e+02
5.820000000000000000e+02
5.660000000000000000e+02
5.220000000000000000e+02
5.140000000000000000e+02
5.280000000000000000e+02
4.510000000000000000e+02
3.880000000000000000e+02
3.740000000000000000e+02
4.220000000000000000e+02
4.120000000000000000e+02
4.300000000000000000e+02
3.760000000000000000e+02
4.200000000000000000e+02
3.690000000000000000e+02
3.840000000000000000e+02
3.920000000000000000e+02
4.380000000000000000e+02
3.820000000000000000e+02
3.680000000000000000e+02
3.790000000000000000e+02
3.760000000000000000e+02
3.360000000000000000e+02
3.400000000000000000e+02
3.660000000000000000e+02
3.660000000000000000e+02
