1.173499999999999943e+01
1.173399999999999999e+01
1.173099999999999987e+01
1.173399999999999999e+01
1.173000000000000043e+01
1.172799999999999976e+01
1.172499999999999964e+01
1.172600000000000087e+01
1.172400000000000020e+01
1.172600000000000087e+01
1.172600000000000087e+01
1.172499999999999964e+01
1.172199999999999953e+01
1.172199999999999953e+01
1.172000000000000064e+01
1.171700000000000053e+01
1.171799999999999997e+01
1.171799999999999997e+01
1.171799999999999997e+01
1.171799999999999997e+01
1.171700000000000053e+01
1.171599999999999930e+01
1.171599999999999930e+01
1.171799999999999997e+01
1.171700000000000053e+01
1.172000000000000064e+01
1.171700000000000053e+01
1.171799999999999997e+01
1.171599999999999930e+01
1.171299999999999919e+01
1.171799999999999997e+01
1.172000000000000064e+01
1.171299999999999919e+01
1.171000000000000085e+01
1.171400000000000041e+01
1.170899999999999963e+01
1.171199999999999974e+01
1.171400000000000041e+01
1.171199999999999974e+01
1.171000000000000085e+01
1.170800000000000018e+01
1.171199999999999974e+01
1.171199999999999974e+01
1.170899999999999963e+01
1.171199999999999974e+01
1.170899999999999963e+01
1.171000000000000085e+01
1.171299999999999919e+01
1.171000000000000085e+01
1.171299999999999919e+01
1.171000000000000085e+01
1.170899999999999963e+01
1.170899999999999963e+01
1.171400000000000041e+01
1.170700000000000074e+01
1.170899999999999963e+01
1.170899999999999963e+01
1.170500000000000007e+01
1.170899999999999963e+01
1.171000000000000085e+01
1.170899999999999963e+01
1.171000000000000085e+01
1.170500000000000007e+01
1.171000000000000085e+01
1.170700000000000074e+01
1.171000000000000085e+01
1.171000000000000085e+01
1.170899999999999963e+01
1.171400000000000041e+01
1.171199999999999974e+01
1.168699999999999939e+01
1.168800000000000061e+01
1.168800000000000061e+01
1.169100000000000072e+01
1.168800000000000061e+01
1.168500000000000050e+01
1.168800000000000061e+01
1.169100000000000072e+01
1.168800000000000061e+01
1.168900000000000006e+01
1.169100000000000072e+01
1.169100000000000072e+01
1.168900000000000006e+01
1.169200000000000017e+01
1.169200000000000017e+01
1.169200000000000017e+01
1.169100000000000072e+01
1.168699999999999939e+01
1.169200000000000017e+01
1.169200000000000017e+01
1.168900000000000006e+01
1.169100000000000072e+01
1.169200000000000017e+01
1.169100000000000072e+01
1.168900000000000006e+01
1.168800000000000061e+01
1.168900000000000006e+01
1.169299999999999962e+01
1.169200000000000017e+01
1.168900000000000006e+01
1.169100000000000072e+01
1.169100000000000072e+01
1.168800000000000061e+01
1.168699999999999939e+01
1.169100000000000072e+01
1.168900000000000006e+01
1.169200000000000017e+01
1.169100000000000072e+01
1.168800000000000061e+01
1.168800000000000061e+01
1.168900000000000006e+01
1.168800000000000061e+01
1.168800000000000061e+01
1.168800000000000061e+01
1.169299999999999962e+01
1.168800000000000061e+01
1.169100000000000072e+01
1.169100000000000072e+01
1.169100000000000072e+01
1.168900000000000006e+01
1.169100000000000072e+01
1.168900000000000006e+01
1.169100000000000072e+01
1.169200000000000017e+01
1.168900000000000006e+01
1.169100000000000072e+01
1.169299999999999962e+01
1.169100000000000072e+01
1.169400000000000084e+01
1.169100000000000072e+01
1.168900000000000006e+01
1.169100000000000072e+01
1.168699999999999939e+01
1.169200000000000017e+01
1.168900000000000006e+01
1.168599999999999994e+01
1.168900000000000006e+01
1.168900000000000006e+01
1.169400000000000084e+01
1.169400000000000084e+01
1.169200000000000017e+01
1.169200000000000017e+01
1.169100000000000072e+01
1.169200000000000017e+01
1.168900000000000006e+01
1.169200000000000017e+01
1.169100000000000072e+01
1.169200000000000017e+01
1.169100000000000072e+01
