5.136000000000000000e+03
5.156000000000000000e+03
5.345000000000000000e+03
5.242000000000000000e+03
5.326000000000000000e+03
5.320000000000000000e+03
5.568000000000000000e+03
5.326000000000000000e+03
5.418000000000000000e+03
5.376000000000000000e+03
5.272000000000000000e+03
5.294000000000000000e+03
5.420000000000000000e+03
5.492000000000000000e+03
5.470000000000000000e+03
5.460000000000000000e+03
5.293000000000000000e+03
5.254000000000000000e+03
5.308000000000000000e+03
5.224000000000000000e+03
5.332000000000000000e+03
5.280000000000000000e+03
5.154000000000000000e+03
5.372000000000000000e+03
5.416000000000000000e+03
5.176000000000000000e+03
5.204000000000000000e+03
5.286000000000000000e+03
5.008000000000000000e+03
5.084000000000000000e+03
4.982000000000000000e+03
4.952000000000000000e+03
4.868000000000000000e+03
4.952000000000000000e+03
4.632000000000000000e+03
4.932000000000000000e+03
4.808000000000000000e+03
4.746000000000000000e+03
4.732000000000000000e+03
4.474000000000000000e+03
4.488000000000000000e+03
4.268000000000000000e+03
4.366000000000000000e+03
4.332000000000000000e+03
4.294000000000000000e+03
4.448000000000000000e+03
4.421000000000000000e+03
4.606000000000000000e+03
4.662000000000000000e+03
4.786000000000000000e+03
4.584000000000000000e+03
4.952000000000000000e+03
4.816000000000000000e+03
4.894000000000000000e+03
4.854000000000000000e+03
5.068000000000000000e+03
5.110000000000000000e+03
4.994000000000000000e+03
5.109000000000000000e+03
5.038000000000000000e+03
5.127000000000000000e+03
5.121000000000000000e+03
5.273000000000000000e+03
5.124000000000000000e+03
5.206000000000000000e+03
5.373000000000000000e+03
5.322000000000000000e+03
5.377000000000000000e+03
5.256000000000000000e+03
5.438000000000000000e+03
5.048000000000000000e+03
5.404000000000000000e+03
5.373000000000000000e+03
5.302000000000000000e+03
5.504000000000000000e+03
5.324000000000000000e+03
5.427000000000000000e+03
5.326000000000000000e+03
5.240000000000000000e+03
5.468000000000000000e+03
5.395000000000000000e+03
5.428000000000000000e+03
5.384000000000000000e+03
5.476000000000000000e+03
5.294000000000000000e+03
