2.512700000000000000e+04
2.631300000000000000e+04
2.628700000000000000e+04
2.657500000000000000e+04
2.677900000000000000e+04
2.700900000000000000e+04
2.627300000000000000e+04
2.664900000000000000e+04
2.631700000000000000e+04
2.677300000000000000e+04
2.645600000000000000e+04
2.712800000000000000e+04
2.653500000000000000e+04
2.673900000000000000e+04
2.682100000000000000e+04
2.668700000000000000e+04
2.646900000000000000e+04
2.644700000000000000e+04
2.621800000000000000e+04
2.683100000000000000e+04
2.667500000000000000e+04
2.725100000000000000e+04
2.648100000000000000e+04
2.670100000000000000e+04
2.661100000000000000e+04
2.635300000000000000e+04
2.635300000000000000e+04
2.664500000000000000e+04
2.666500000000000000e+04
2.618700000000000000e+04
2.637700000000000000e+04
2.643500000000000000e+04
2.682100000000000000e+04
2.669700000000000000e+04
2.662900000000000000e+04
2.607100000000000000e+04
2.651200000000000000e+04
2.615900000000000000e+04
2.639500000000000000e+04
2.649900000000000000e+04
2.678500000000000000e+04
2.641900000000000000e+04
2.659500000000000000e+04
2.619700000000000000e+04
2.670600000000000000e+04
2.694900000000000000e+04
2.682900000000000000e+04
2.645100000000000000e+04
2.691200000000000000e+04
2.681900000000000000e+04
2.667700000000000000e+04
2.700900000000000000e+04
2.664100000000000000e+04
2.641100000000000000e+04
2.655300000000000000e+04
2.618200000000000000e+04
2.685900000000000000e+04
2.672200000000000000e+04
2.673900000000000000e+04
2.676100000000000000e+04
2.684100000000000000e+04
2.625900000000000000e+04
2.687700000000000000e+04
2.669900000000000000e+04
2.640500000000000000e+04
2.634100000000000000e+04
2.646600000000000000e+04
2.679700000000000000e+04
2.708100000000000000e+04
2.694300000000000000e+04
2.663300000000000000e+04
2.674000000000000000e+04
2.650500000000000000e+04
2.672500000000000000e+04
2.641500000000000000e+04
2.703900000000000000e+04
2.671100000000000000e+04
2.675400000000000000e+04
2.670900000000000000e+04
2.691300000000000000e+04
2.637100000000000000e+04
2.635900000000000000e+04
2.589300000000000000e+04
2.691900000000000000e+04
2.658000000000000000e+04
2.659500000000000000e+04
2.653000000000000000e+04
2.670700000000000000e+04
2.655900000000000000e+04
2.608700000000000000e+04
2.662100000000000000e+04
2.631500000000000000e+04
2.642500000000000000e+04
2.628700000000000000e+04
2.660500000000000000e+04
2.667700000000000000e+04
2.617100000000000000e+04
2.663500000000000000e+04
2.657700000000000000e+04
2.639300000000000000e+04
2.645700000000000000e+04
2.620300000000000000e+04
2.656300000000000000e+04
2.677100000000000000e+04
2.614800000000000000e+04
2.634700000000000000e+04
2.614300000000000000e+04
2.651700000000000000e+04
2.660100000000000000e+04
2.635500000000000000e+04
2.656200000000000000e+04
2.672100000000000000e+04
2.656300000000000000e+04
2.656300000000000000e+04
2.659700000000000000e+04
2.685600000000000000e+04
2.662300000000000000e+04
2.648100000000000000e+04
2.649300000000000000e+04
2.655900000000000000e+04
2.638100000000000000e+04
2.667400000000000000e+04
2.615300000000000000e+04
2.609500000000000000e+04
2.612700000000000000e+04
2.648400000000000000e+04
2.633300000000000000e+04
2.612400000000000000e+04
2.657900000000000000e+04
2.653300000000000000e+04
2.654300000000000000e+04
2.666000000000000000e+04
2.605900000000000000e+04
2.629800000000000000e+04
2.706300000000000000e+04
2.667700000000000000e+04
2.659500000000000000e+04
2.642700000000000000e+04
2.632500000000000000e+04
2.602900000000000000e+04
2.650300000000000000e+04
2.718700000000000000e+04
2.597300000000000000e+04
2.723200000000000000e+04
2.682700000000000000e+04
2.657000000000000000e+04
2.649100000000000000e+04
2.657600000000000000e+04
2.613300000000000000e+04
2.683300000000000000e+04
2.683300000000000000e+04
2.655500000000000000e+04
2.629900000000000000e+04
2.685700000000000000e+04
2.669900000000000000e+04
2.677700000000000000e+04
2.686100000000000000e+04
