3.640000000000000000e+02
4.380000000000000000e+02
4.040000000000000000e+02
4.140000000000000000e+02
4.120000000000000000e+02
4.360000000000000000e+02
3.780000000000000000e+02
4.100000000000000000e+02
4.160000000000000000e+02
4.000000000000000000e+02
3.900000000000000000e+02
4.560000000000000000e+02
4.140000000000000000e+02
4.580000000000000000e+02
4.740000000000000000e+02
4.360000000000000000e+02
4.420000000000000000e+02
4.600000000000000000e+02
5.080000000000000000e+02
5.240000000000000000e+02
5.960000000000000000e+02
5.900000000000000000e+02
6.660000000000000000e+02
6.840000000000000000e+02
8.140000000000000000e+02
8.360000000000000000e+02
8.980000000000000000e+02
8.760000000000000000e+02
9.060000000000000000e+02
9.180000000000000000e+02
1.020000000000000000e+03
1.072000000000000000e+03
1.104000000000000000e+03
1.190000000000000000e+03
1.230000000000000000e+03
1.316000000000000000e+03
1.376000000000000000e+03
1.604000000000000000e+03
1.654000000000000000e+03
1.670000000000000000e+03
1.786000000000000000e+03
1.780000000000000000e+03
2.109000000000000000e+03
2.191000000000000000e+03
2.594000000000000000e+03
2.726000000000000000e+03
1.304000000000000000e+03
9.080000000000000000e+02
7.860000000000000000e+02
7.610000000000000000e+02
6.920000000000000000e+02
5.700000000000000000e+02
5.740000000000000000e+02
5.720000000000000000e+02
5.320000000000000000e+02
4.400000000000000000e+02
5.120000000000000000e+02
5.100000000000000000e+02
4.660000000000000000e+02
5.100000000000000000e+02
5.000000000000000000e+02
5.180000000000000000e+02
6.180000000000000000e+02
5.400000000000000000e+02
5.100000000000000000e+02
5.120000000000000000e+02
5.600000000000000000e+02
5.200000000000000000e+02
5.120000000000000000e+02
5.200000000000000000e+02
4.950000000000000000e+02
5.420000000000000000e+02
5.640000000000000000e+02
5.980000000000000000e+02
5.480000000000000000e+02
5.640000000000000000e+02
5.480000000000000000e+02
6.020000000000000000e+02
5.920000000000000000e+02
5.460000000000000000e+02
5.880000000000000000e+02
5.840000000000000000e+02
5.720000000000000000e+02
5.760000000000000000e+02
5.680000000000000000e+02
5.940000000000000000e+02
5.320000000000000000e+02
5.660000000000000000e+02
5.060000000000000000e+02
5.080000000000000000e+02
5.500000000000000000e+02
4.400000000000000000e+02
4.560000000000000000e+02
4.700000000000000000e+02
4.880000000000000000e+02
4.720000000000000000e+02
4.780000000000000000e+02
4.420000000000000000e+02
4.740000000000000000e+02
4.360000000000000000e+02
4.860000000000000000e+02
4.920000000000000000e+02
4.400000000000000000e+02
4.380000000000000000e+02
5.300000000000000000e+02
5.420000000000000000e+02
6.200000000000000000e+02
6.940000000000000000e+02
7.520000000000000000e+02
8.000000000000000000e+02
8.680000000000000000e+02
9.540000000000000000e+02
8.700000000000000000e+02
9.200000000000000000e+02
8.800000000000000000e+02
9.020000000000000000e+02
1.002000000000000000e+03
9.280000000000000000e+02
9.000000000000000000e+02
9.780000000000000000e+02
1.000000000000000000e+03
8.500000000000000000e+02
7.580000000000000000e+02
8.000000000000000000e+02
7.380000000000000000e+02
6.380000000000000000e+02
6.900000000000000000e+02
6.280000000000000000e+02
5.420000000000000000e+02
5.320000000000000000e+02
4.860000000000000000e+02
5.160000000000000000e+02
4.940000000000000000e+02
4.080000000000000000e+02
4.060000000000000000e+02
4.360000000000000000e+02
3.660000000000000000e+02
4.120000000000000000e+02
4.240000000000000000e+02
4.100000000000000000e+02
3.880000000000000000e+02
4.160000000000000000e+02
3.800000000000000000e+02
4.400000000000000000e+02
4.620000000000000000e+02
4.600000000000000000e+02
4.820000000000000000e+02
4.800000000000000000e+02
4.820000000000000000e+02
4.680000000000000000e+02
4.340000000000000000e+02
4.200000000000000000e+02
3.720000000000000000e+02
