5.002000000000000000e+03
4.996000000000000000e+03
5.266000000000000000e+03
4.986000000000000000e+03
4.958000000000000000e+03
5.094000000000000000e+03
4.918000000000000000e+03
5.236000000000000000e+03
5.052000000000000000e+03
4.844000000000000000e+03
5.000000000000000000e+03
5.040000000000000000e+03
4.982000000000000000e+03
4.882000000000000000e+03
5.032000000000000000e+03
4.790000000000000000e+03
4.856000000000000000e+03
4.929000000000000000e+03
4.714000000000000000e+03
4.672000000000000000e+03
4.704000000000000000e+03
4.736000000000000000e+03
4.639000000000000000e+03
4.842000000000000000e+03
4.774000000000000000e+03
4.700000000000000000e+03
4.678000000000000000e+03
4.554000000000000000e+03
4.534000000000000000e+03
4.306000000000000000e+03
4.088000000000000000e+03
4.268000000000000000e+03
4.010000000000000000e+03
4.050000000000000000e+03
4.220000000000000000e+03
4.266000000000000000e+03
4.252000000000000000e+03
4.252000000000000000e+03
4.192000000000000000e+03
4.094000000000000000e+03
4.054000000000000000e+03
3.934000000000000000e+03
3.768000000000000000e+03
3.670000000000000000e+03
3.680000000000000000e+03
3.856000000000000000e+03
4.548000000000000000e+03
4.761000000000000000e+03
4.938000000000000000e+03
4.991000000000000000e+03
5.017000000000000000e+03
5.022000000000000000e+03
5.280000000000000000e+03
5.020000000000000000e+03
4.939000000000000000e+03
5.092000000000000000e+03
5.074000000000000000e+03
5.076000000000000000e+03
4.970000000000000000e+03
4.908000000000000000e+03
5.098000000000000000e+03
5.089000000000000000e+03
4.892000000000000000e+03
5.024000000000000000e+03
5.018000000000000000e+03
5.246000000000000000e+03
5.132000000000000000e+03
4.974000000000000000e+03
5.001000000000000000e+03
4.996000000000000000e+03
5.086000000000000000e+03
5.116000000000000000e+03
5.030000000000000000e+03
4.924000000000000000e+03
5.016000000000000000e+03
5.118000000000000000e+03
5.052000000000000000e+03
5.006000000000000000e+03
5.180000000000000000e+03
5.104000000000000000e+03
5.132000000000000000e+03
5.048000000000000000e+03
4.964000000000000000e+03
5.036000000000000000e+03
4.970000000000000000e+03
