1.223700000000000010e+01
1.224000000000000021e+01
1.223600000000000065e+01
1.223700000000000010e+01
1.223499999999999943e+01
1.223199999999999932e+01
1.223499999999999943e+01
1.223199999999999932e+01
1.223700000000000010e+01
1.223099999999999987e+01
1.223199999999999932e+01
1.223099999999999987e+01
1.223099999999999987e+01
1.223199999999999932e+01
1.222799999999999976e+01
1.222799999999999976e+01
1.222700000000000031e+01
1.222700000000000031e+01
1.222799999999999976e+01
1.222700000000000031e+01
1.222799999999999976e+01
1.222700000000000031e+01
1.222300000000000075e+01
1.222400000000000020e+01
1.222199999999999953e+01
1.222499999999999964e+01
1.222000000000000064e+01
1.222300000000000075e+01
1.222000000000000064e+01
1.222000000000000064e+01
1.222000000000000064e+01
1.221799999999999997e+01
1.221799999999999997e+01
1.221899999999999942e+01
1.222000000000000064e+01
1.222000000000000064e+01
1.221899999999999942e+01
1.221599999999999930e+01
1.222000000000000064e+01
1.221599999999999930e+01
1.221799999999999997e+01
1.221599999999999930e+01
1.222000000000000064e+01
1.221899999999999942e+01
1.221199999999999974e+01
1.221000000000000085e+01
1.221499999999999986e+01
1.221199999999999974e+01
1.221599999999999930e+01
1.220800000000000018e+01
1.221400000000000041e+01
1.221199999999999974e+01
1.221499999999999986e+01
1.221400000000000041e+01
1.221199999999999974e+01
1.220800000000000018e+01
1.221199999999999974e+01
1.221100000000000030e+01
1.221100000000000030e+01
1.220599999999999952e+01
1.221000000000000085e+01
1.220800000000000018e+01
1.220700000000000074e+01
1.220800000000000018e+01
1.220700000000000074e+01
1.220700000000000074e+01
1.220299999999999940e+01
1.220800000000000018e+01
1.220500000000000007e+01
1.220199999999999996e+01
1.220800000000000018e+01
1.220100000000000051e+01
1.220500000000000007e+01
1.220500000000000007e+01
1.221100000000000030e+01
1.221100000000000030e+01
1.221199999999999974e+01
1.221100000000000030e+01
1.221400000000000041e+01
1.221000000000000085e+01
1.221100000000000030e+01
1.221199999999999974e+01
1.221000000000000085e+01
1.221100000000000030e+01
1.221400000000000041e+01
1.221100000000000030e+01
1.221100000000000030e+01
1.221100000000000030e+01
1.221000000000000085e+01
1.220800000000000018e+01
1.221400000000000041e+01
1.220800000000000018e+01
1.221100000000000030e+01
0.000000000000000000e+00
0.000000000000000000e+00
0.000000000000000000e+00
0.000000000000000000e+00
0.000000000000000000e+00
0.000000000000000000e+00
0.000000000000000000e+00
0.000000000000000000e+00
0.000000000000000000e+00
0.000000000000000000e+00
0.000000000000000000e+00
0.000000000000000000e+00
0.000000000000000000e+00
0.000000000000000000e+00
0.000000000000000000e+00
0.000000000000000000e+00
0.000000000000000000e+00
0.000000000000000000e+00
0.000000000000000000e+00
0.000000000000000000e+00
0.000000000000000000e+00
0.000000000000000000e+00
0.000000000000000000e+00
0.000000000000000000e+00
0.000000000000000000e+00
0.000000000000000000e+00
0.000000000000000000e+00
0.000000000000000000e+00
0.000000000000000000e+00
0.000000000000000000e+00
0.000000000000000000e+00
0.000000000000000000e+00
0.000000000000000000e+00
0.000000000000000000e+00
0.000000000000000000e+00
0.000000000000000000e+00
0.000000000000000000e+00
0.000000000000000000e+00
0.000000000000000000e+00
0.000000000000000000e+00
0.000000000000000000e+00
0.000000000000000000e+00
0.000000000000000000e+00
0.000000000000000000e+00
0.000000000000000000e+00
0.000000000000000000e+00
0.000000000000000000e+00
0.000000000000000000e+00
0.000000000000000000e+00
0.000000000000000000e+00
0.000000000000000000e+00
0.000000000000000000e+00
0.000000000000000000e+00
0.000000000000000000e+00
0.000000000000000000e+00
0.000000000000000000e+00
0.000000000000000000e+00
0.000000000000000000e+00
0.000000000000000000e+00
0.000000000000000000e+00
0.000000000000000000e+00
0.000000000000000000e+00
0.000000000000000000e+00
0.000000000000000000e+00
0.000000000000000000e+00
0.000000000000000000e+00
0.000000000000000000e+00
0.000000000000000000e+00
0.000000000000000000e+00
0.000000000000000000e+00
0.000000000000000000e+00
0.000000000000000000e+00
0.000000000000000000e+00
0.000000000000000000e+00
0.000000000000000000e+00
0.000000000000000000e+00
0.000000000000000000e+00
0.000000000000000000e+00
0.000000000000000000e+00
0.000000000000000000e+00
0.000000000000000000e+00
0.000000000000000000e+00
0.000000000000000000e+00
0.000000000000000000e+00
0.000000000000000000e+00
0.000000000000000000e+00
0.000000000000000000e+00
