1.427000000000000000e+03
1.329000000000000000e+03
2.562000000000000000e+03
1.098000000000000000e+03
1.342000000000000000e+03
1.900000000000000000e+03
1.410000000000000000e+03
1.058000000000000000e+03
1.143000000000000000e+03
1.964000000000000000e+03
1.622000000000000000e+03
1.624000000000000000e+03
1.951000000000000000e+03
2.980000000000000000e+03
1.632000000000000000e+03
1.237000000000000000e+03
1.580000000000000000e+03
2.413000000000000000e+03
1.096000000000000000e+03
2.245000000000000000e+03
1.291000000000000000e+03
1.676000000000000000e+03
1.146000000000000000e+03
1.606000000000000000e+03
1.177000000000000000e+03
3.304000000000000000e+03
2.067000000000000000e+03
1.812000000000000000e+03
1.383000000000000000e+03
1.525000000000000000e+03
3.098000000000000000e+03
2.200000000000000000e+03
3.113000000000000000e+03
3.208000000000000000e+03
2.056000000000000000e+03
2.066000000000000000e+03
1.842000000000000000e+03
1.737000000000000000e+03
2.253000000000000000e+03
1.572000000000000000e+03
1.605000000000000000e+03
1.697000000000000000e+03
1.481000000000000000e+03
1.693000000000000000e+03
1.694000000000000000e+03
1.990000000000000000e+03
1.621000000000000000e+03
1.711000000000000000e+03
1.802000000000000000e+03
1.106000000000000000e+03
2.513000000000000000e+03
1.600000000000000000e+03
1.518000000000000000e+03
1.661000000000000000e+03
1.388000000000000000e+03
1.711000000000000000e+03
1.436000000000000000e+03
1.420000000000000000e+03
3.217000000000000000e+03
1.482000000000000000e+03
1.048000000000000000e+03
2.474000000000000000e+03
1.540000000000000000e+03
1.112000000000000000e+03
1.176000000000000000e+03
2.968000000000000000e+03
3.102000000000000000e+03
3.296000000000000000e+03
2.530000000000000000e+03
2.207000000000000000e+03
2.660000000000000000e+03
2.759000000000000000e+03
2.569000000000000000e+03
2.301000000000000000e+03
2.876000000000000000e+03
1.062000000000000000e+03
2.810000000000000000e+03
1.228000000000000000e+03
1.228000000000000000e+03
3.435000000000000000e+03
1.207000000000000000e+03
1.322000000000000000e+03
2.306000000000000000e+03
2.085000000000000000e+03
2.753000000000000000e+03
1.146000000000000000e+03
2.889000000000000000e+03
1.307000000000000000e+03
2.359000000000000000e+03
1.117000000000000000e+03
2.515000000000000000e+03
2.588000000000000000e+03
2.194000000000000000e+03
0.000000000000000000e+00
0.000000000000000000e+00
0.000000000000000000e+00
0.000000000000000000e+00
0.000000000000000000e+00
0.000000000000000000e+00
0.000000000000000000e+00
0.000000000000000000e+00
0.000000000000000000e+00
0.000000000000000000e+00
0.000000000000000000e+00
0.000000000000000000e+00
0.000000000000000000e+00
0.000000000000000000e+00
0.000000000000000000e+00
0.000000000000000000e+00
0.000000000000000000e+00
0.000000000000000000e+00
0.000000000000000000e+00
0.000000000000000000e+00
0.000000000000000000e+00
0.000000000000000000e+00
0.000000000000000000e+00
0.000000000000000000e+00
0.000000000000000000e+00
0.000000000000000000e+00
0.000000000000000000e+00
0.000000000000000000e+00
0.000000000000000000e+00
0.000000000000000000e+00
0.000000000000000000e+00
0.000000000000000000e+00
0.000000000000000000e+00
0.000000000000000000e+00
0.000000000000000000e+00
0.000000000000000000e+00
0.000000000000000000e+00
0.000000000000000000e+00
0.000000000000000000e+00
0.000000000000000000e+00
0.000000000000000000e+00
0.000000000000000000e+00
0.000000000000000000e+00
0.000000000000000000e+00
0.000000000000000000e+00
0.000000000000000000e+00
0.000000000000000000e+00
0.000000000000000000e+00
0.000000000000000000e+00
0.000000000000000000e+00
0.000000000000000000e+00
0.000000000000000000e+00
0.000000000000000000e+00
0.000000000000000000e+00
0.000000000000000000e+00
0.000000000000000000e+00
0.000000000000000000e+00
0.000000000000000000e+00
0.000000000000000000e+00
0.000000000000000000e+00
0.000000000000000000e+00
0.000000000000000000e+00
0.000000000000000000e+00
0.000000000000000000e+00
0.000000000000000000e+00
0.000000000000000000e+00
0.000000000000000000e+00
0.000000000000000000e+00
0.000000000000000000e+00
0.000000000000000000e+00
0.000000000000000000e+00
0.000000000000000000e+00
0.000000000000000000e+00
0.000000000000000000e+00
0.000000000000000000e+00
0.000000000000000000e+00
0.000000000000000000e+00
0.000000000000000000e+00
0.000000000000000000e+00
0.000000000000000000e+00
0.000000000000000000e+00
0.000000000000000000e+00
0.000000000000000000e+00
0.000000000000000000e+00
0.000000000000000000e+00
0.000000000000000000e+00
0.000000000000000000e+00
