2.126202583312988281e+00
2.114421129226684570e+00
2.013323783874511719e+00
2.109234809875488281e+00
2.089970827102661133e+00
2.102455615997314453e+00
2.014846563339233398e+00
2.061786174774169922e+00
2.078066587448120117e+00
2.065409183502197266e+00
2.011648654937744141e+00
2.082980871200561523e+00
2.046384572982788086e+00
2.074139118194580078e+00
1.987596988677978516e+00
2.016900062561035156e+00
2.011399984359741211e+00
2.018648147583007812e+00
1.998094320297241211e+00
1.983121871948242188e+00
2.073502302169799805e+00
2.018084287643432617e+00
2.023066520690917969e+00
2.058107614517211914e+00
2.066711425781250000e+00
2.026566982269287109e+00
2.019330024719238281e+00
2.032202959060668945e+00
2.088472127914428711e+00
2.014441967010498047e+00
2.108076572418212891e+00
2.156195402145385742e+00
2.136879920959472656e+00
2.336498975753784180e+00
2.268560171127319336e+00
2.306621789932250977e+00
2.287389039993286133e+00
2.258219718933105469e+00
2.223996877670288086e+00
2.331877946853637695e+00
2.252048730850219727e+00
2.308909654617309570e+00
2.300401210784912109e+00
2.349211215972900391e+00
2.303891897201538086e+00
2.183235406875610352e+00
2.344429969787597656e+00
2.222601652145385742e+00
2.374709367752075195e+00
2.271769762039184570e+00
2.239840269088745117e+00
2.353965044021606445e+00
2.232417583465576172e+00
2.402619361877441406e+00
2.340139389038085938e+00
2.759486913681030273e+00
2.363897323608398438e+00
2.207765102386474609e+00
2.263694047927856445e+00
2.332066059112548828e+00
2.270555734634399414e+00
2.383678913116455078e+00
2.292034387588500977e+00
2.256325960159301758e+00
2.318615913391113281e+00
2.329637527465820312e+00
2.409665822982788086e+00
2.308823347091674805e+00
2.341564893722534180e+00
2.340763807296752930e+00
2.261104583740234375e+00
2.424719810485839844e+00
2.275792360305786133e+00
2.402878522872924805e+00
2.396126031875610352e+00
2.297769546508789062e+00
2.303551197052001953e+00
2.350906610488891602e+00
2.268336534500122070e+00
2.310788393020629883e+00
2.300801992416381836e+00
2.322920322418212891e+00
2.320268154144287109e+00
2.250620365142822266e+00
2.320444345474243164e+00
2.198993444442749023e+00
2.271918058395385742e+00
2.367013931274414062e+00
2.373488426208496094e+00
2.532050848007202148e+00
2.385488986968994141e+00
2.318317174911499023e+00
2.354099273681640625e+00
0.000000000000000000e+00
0.000000000000000000e+00
0.000000000000000000e+00
0.000000000000000000e+00
0.000000000000000000e+00
0.000000000000000000e+00
0.000000000000000000e+00
0.000000000000000000e+00
0.000000000000000000e+00
0.000000000000000000e+00
0.000000000000000000e+00
0.000000000000000000e+00
0.000000000000000000e+00
0.000000000000000000e+00
0.000000000000000000e+00
0.000000000000000000e+00
0.000000000000000000e+00
0.000000000000000000e+00
0.000000000000000000e+00
0.000000000000000000e+00
0.000000000000000000e+00
0.000000000000000000e+00
0.000000000000000000e+00
0.000000000000000000e+00
0.000000000000000000e+00
0.000000000000000000e+00
0.000000000000000000e+00
0.000000000000000000e+00
0.000000000000000000e+00
0.000000000000000000e+00
0.000000000000000000e+00
0.000000000000000000e+00
0.000000000000000000e+00
0.000000000000000000e+00
0.000000000000000000e+00
0.000000000000000000e+00
0.000000000000000000e+00
0.000000000000000000e+00
0.000000000000000000e+00
0.000000000000000000e+00
0.000000000000000000e+00
0.000000000000000000e+00
0.000000000000000000e+00
0.000000000000000000e+00
0.000000000000000000e+00
0.000000000000000000e+00
0.000000000000000000e+00
0.000000000000000000e+00
0.000000000000000000e+00
0.000000000000000000e+00
0.000000000000000000e+00
0.000000000000000000e+00
0.000000000000000000e+00
0.000000000000000000e+00
0.000000000000000000e+00
0.000000000000000000e+00
0.000000000000000000e+00
0.000000000000000000e+00
0.000000000000000000e+00
0.000000000000000000e+00
0.000000000000000000e+00
0.000000000000000000e+00
0.000000000000000000e+00
0.000000000000000000e+00
0.000000000000000000e+00
0.000000000000000000e+00
0.000000000000000000e+00
0.000000000000000000e+00
0.000000000000000000e+00
0.000000000000000000e+00
0.000000000000000000e+00
0.000000000000000000e+00
0.000000000000000000e+00
0.000000000000000000e+00
0.000000000000000000e+00
0.000000000000000000e+00
0.000000000000000000e+00
0.000000000000000000e+00
0.000000000000000000e+00
0.000000000000000000e+00
0.000000000000000000e+00
0.000000000000000000e+00
0.000000000000000000e+00
0.000000000000000000e+00
0.000000000000000000e+00
0.000000000000000000e+00
0.000000000000000000e+00
