3.260000000000000000e+02
3.340000000000000000e+02
3.080000000000000000e+02
3.080000000000000000e+02
3.660000000000000000e+02
3.520000000000000000e+02
3.040000000000000000e+02
3.880000000000000000e+02
4.000000000000000000e+02
3.420000000000000000e+02
3.460000000000000000e+02
4.100000000000000000e+02
3.660000000000000000e+02
3.760000000000000000e+02
4.300000000000000000e+02
4.350000000000000000e+02
3.420000000000000000e+02
3.120000000000000000e+02
2.540000000000000000e+02
1.920000000000000000e+02
1.740000000000000000e+02
1.660000000000000000e+02
1.120000000000000000e+02
1.050000000000000000e+02
7.600000000000000000e+01
8.000000000000000000e+01
7.200000000000000000e+01
7.200000000000000000e+01
5.800000000000000000e+01
4.200000000000000000e+01
4.000000000000000000e+01
4.800000000000000000e+01
2.600000000000000000e+01
3.200000000000000000e+01
3.600000000000000000e+01
1.800000000000000000e+01
3.000000000000000000e+01
2.200000000000000000e+01
2.400000000000000000e+01
2.200000000000000000e+01
3.000000000000000000e+01
1.200000000000000000e+01
2.200000000000000000e+01
1.800000000000000000e+01
1.300000000000000000e+01
1.200000000000000000e+01
2.400000000000000000e+01
1.200000000000000000e+01
1.800000000000000000e+01
2.000000000000000000e+00
6.000000000000000000e+00
6.000000000000000000e+00
1.600000000000000000e+01
8.000000000000000000e+00
2.000000000000000000e+00
4.000000000000000000e+00
6.000000000000000000e+00
9.000000000000000000e+00
2.000000000000000000e+00
1.000000000000000000e+01
1.400000000000000000e+01
