3.035273551940917969e+00
3.006143093109130859e+00
2.970004796981811523e+00
3.080969810485839844e+00
3.062240362167358398e+00
2.971295356750488281e+00
3.061516046524047852e+00
3.051020622253417969e+00
3.031048774719238281e+00
2.976319074630737305e+00
2.969387054443359375e+00
3.093282461166381836e+00
3.013449192047119141e+00
3.050067663192749023e+00
2.970365047454833984e+00
3.106420278549194336e+00
3.020784616470336914e+00
3.063020229339599609e+00
3.015961885452270508e+00
3.017074346542358398e+00
3.001900672912597656e+00
3.059862136840820312e+00
3.069100379943847656e+00
3.039221763610839844e+00
3.064743041992187500e+00
2.978310585021972656e+00
3.083690404891967773e+00
3.018416404724121094e+00
3.055335044860839844e+00
3.038645744323730469e+00
3.013898372650146484e+00
3.005557060241699219e+00
2.979243278503417969e+00
2.967382192611694336e+00
3.093654394149780273e+00
3.033494472503662109e+00
3.063059568405151367e+00
2.999925374984741211e+00
3.029517889022827148e+00
2.970025300979614258e+00
2.971926689147949219e+00
3.072910785675048828e+00
3.011808633804321289e+00
2.968155145645141602e+00
3.032027482986450195e+00
3.007375478744506836e+00
3.037398338317871094e+00
3.056685447692871094e+00
3.047965526580810547e+00
3.085647106170654297e+00
3.026278495788574219e+00
3.058864593505859375e+00
3.054605960845947266e+00
3.005849123001098633e+00
3.000400066375732422e+00
3.055767297744750977e+00
3.005693197250366211e+00
3.069798469543457031e+00
3.062995672225952148e+00
3.056541681289672852e+00
3.002689599990844727e+00
