7.090787639999999783e+02
7.090775869999999941e+02
7.090815179999999600e+02
7.090726769999999988e+02
7.090819259999999531e+02
7.091274680000000217e+02
7.090866379999999936e+02
7.091302849999999580e+02
7.090799279999999953e+02
7.091003200000000106e+02
7.090797310000000380e+02
7.091298890000000483e+02
7.090792639999999665e+02
7.090787579999999934e+02
7.090780549999999494e+02
7.090788009999999986e+02
7.090748160000000553e+02
7.090812899999999672e+02
7.091274869999999737e+02
7.090840540000000374e+02
7.091303269999999657e+02
7.090801219999999603e+02
7.090974569999999630e+02
7.090799319999999852e+02
7.091298180000000002e+02
7.090801639999999679e+02
7.090974009999999907e+02
7.090839869999999792e+02
7.091302289999999857e+02
7.090801169999999729e+02
7.091271900000000414e+02
7.090799230000000080e+02
7.090788019999999960e+02
7.090793579999999565e+02
7.090788750000000391e+02
7.090780379999999923e+02
7.090788529999999810e+02
7.090735290000000077e+02
7.090815800000000309e+02
7.091274409999999762e+02
7.090858570000000327e+02
