7.073000000000000000e+03
4.950000000000000000e+02
6.941000000000000000e+03
1.195000000000000000e+03
3.723000000000000000e+03
1.895000000000000000e+03
5.916000000000000000e+03
1.017000000000000000e+03
4.031000000000000000e+03
1.819000000000000000e+03
1.195000000000000000e+03
5.663000000000000000e+03
3.130000000000000000e+02
8.047000000000000000e+03
3.030000000000000000e+02
8.473000000000000000e+03
5.900000000000000000e+02
7.275000000000000000e+03
1.225000000000000000e+03
3.545000000000000000e+03
2.321000000000000000e+03
1.056000000000000000e+03
5.761000000000000000e+03
2.780000000000000000e+02
8.351000000000000000e+03
3.440000000000000000e+02
8.313000000000000000e+03
5.350000000000000000e+02
7.413000000000000000e+03
1.329000000000000000e+03
4.663000000000000000e+03
1.795000000000000000e+03
1.425000000000000000e+03
4.297000000000000000e+03
3.950000000000000000e+02
7.355000000000000000e+03
3.070000000000000000e+02
7.830000000000000000e+03
5.250000000000000000e+02
7.587000000000000000e+03
1.351000000000000000e+03
