7.090769219999999677e+02
7.091263790000000427e+02
7.090695369999999684e+02
7.090751860000000306e+02
7.090763909999999441e+02
7.090965210000000525e+02
7.090718490000000429e+02
7.090757929999999760e+02
7.090764100000000099e+02
7.090965929999999844e+02
7.090733199999999670e+02
7.090850440000000390e+02
7.090766449999999850e+02
7.090965879999999970e+02
7.090733810000000403e+02
7.090842850000000226e+02
7.090770199999999477e+02
7.090994859999999562e+02
7.090720820000000231e+02
7.090772389999999632e+02
7.090775280000000294e+02
7.091260979999999563e+02
7.090878880000000208e+02
7.090768160000000080e+02
7.090787759999999480e+02
7.090776069999999436e+02
7.091263420000000224e+02
7.090712240000000293e+02
7.090778219999999692e+02
7.090785600000000386e+02
7.090780559999999468e+02
7.091262410000000500e+02
7.090673090000000229e+02
7.090779700000000503e+02
7.090792870000000221e+02
7.090785730000000058e+02
7.090785829999999805e+02
7.091260660000000371e+02
7.090878900000000158e+02
7.090783989999999903e+02
7.090799339999999802e+02
7.090791860000000497e+02
7.090791900000000396e+02
7.090792649999999639e+02
7.090793579999999565e+02
7.090794580000000451e+02
7.090795560000000251e+02
7.090796550000000025e+02
7.090797579999999698e+02
7.090798559999999497e+02
7.090799620000000232e+02
7.090800540000000183e+02
7.090784979999999678e+02
7.090813990000000331e+02
7.090808779999999842e+02
7.090805010000000266e+02
7.090788979999999810e+02
7.090807360000000017e+02
7.090807720000000245e+02
7.090789939999999660e+02
7.090810129999999845e+02
