7.090966889999999694e+02
7.090784240000000409e+02
7.090706969999999956e+02
7.090761549999999716e+02
7.090751229999999623e+02
7.091264159999999492e+02
7.090837169999999787e+02
7.090669589999999971e+02
7.090767110000000457e+02
7.090742450000000190e+02
7.091260879999999815e+02
7.090757300000000214e+02
7.090967409999999518e+02
7.090785869999999704e+02
7.090705530000000181e+02
7.090763020000000552e+02
7.090751480000000129e+02
7.091263279999999440e+02
7.090828820000000405e+02
7.090968579999999974e+02
7.090773560000000089e+02
7.090730549999999539e+02
7.090761949999999842e+02
7.090755910000000313e+02
7.090965449999999919e+02
7.090819430000000239e+02
7.090681429999999636e+02
7.090768520000000308e+02
7.090741580000000113e+02
7.090761320000000296e+02
7.090757800000000088e+02
7.090966260000000148e+02
7.090797229999999445e+02
7.090683639999999741e+02
7.090766320000000178e+02
7.090748379999999997e+02
7.091261369999999715e+02
7.090760940000000119e+02
7.090967630000000099e+02
7.090782239999999774e+02
7.090712079999999560e+02
