6.888919115066528320e+00
6.850865602493286133e+00
6.874349594116210938e+00
6.870505332946777344e+00
6.916539192199707031e+00
6.907443523406982422e+00
6.944671392440795898e+00
6.946910142898559570e+00
6.818959712982177734e+00
6.874527454376220703e+00
6.853620052337646484e+00
6.925585985183715820e+00
6.860193490982055664e+00
6.882511138916015625e+00
6.880830526351928711e+00
6.932932376861572266e+00
6.873086929321289062e+00
6.888696908950805664e+00
6.907212495803833008e+00
6.899755001068115234e+00
6.928467750549316406e+00
6.869348049163818359e+00
6.965013265609741211e+00
6.872429370880126953e+00
6.884134054183959961e+00
6.926642417907714844e+00
6.978105545043945312e+00
6.859155178070068359e+00
6.872377872467041016e+00
6.915994882583618164e+00
6.934053897857666016e+00
6.871878862380981445e+00
6.882296562194824219e+00
6.944297313690185547e+00
6.958285331726074219e+00
6.858793020248413086e+00
6.855923891067504883e+00
6.946062088012695312e+00
6.847632884979248047e+00
6.884831905364990234e+00
6.894567012786865234e+00
