1.878850102669404540e-02
1.949986458427372185e-02
2.052811650144749367e-02
1.860625376862778957e-02
1.785867605391946306e-02
1.679120141046091738e-02
1.587438529893883329e-02
2.045552213149978357e-02
1.378498781205345948e-02
1.964936054882696764e-02
2.115860421465745253e-02
2.251826385904598035e-02
2.086337036722924268e-02
1.667390360399478855e-02
2.062946310499867708e-02
1.753616834721613213e-02
2.504309953724707244e-02
1.944321696862571711e-02
2.509598276992227803e-02
1.970623118328619638e-02
1.872277319492075126e-02
2.115402776466144066e-02
2.241363341668982032e-02
2.457049620884921640e-02
1.918273553801578407e-02
2.011021947210673774e-02
2.231916404585573832e-02
2.432791577225799917e-02
2.856849244681944344e-02
2.700058696928193946e-02
2.795190627890247609e-02
2.390794324656463077e-02
2.822815817100198313e-02
3.200208143619097390e-02
3.386097728836889170e-02
2.984299987024782719e-02
3.685792706835707561e-02
2.973415648229809846e-02
3.528028224225793902e-02
4.034278180619643717e-02
3.744013931214627833e-02
3.955911218481050762e-02
4.037814452812049648e-02
4.734315510677040290e-02
4.543815362423368059e-02
5.268667131891137390e-02
5.808676710836812446e-02
4.997341839447102391e-02
5.738880918220946870e-02
5.787268010377170230e-02
6.709731193998749732e-02
6.603565925599823305e-02
6.930065497570250810e-02
6.835619623343408557e-02
7.628128724672228467e-02
6.483439041578575868e-02
5.687426556991774518e-02
7.940446650124069472e-02
7.606727037516171352e-02
8.335531522025850515e-02
9.363610877488084960e-02
1.267565242328649311e-01
9.523809523809523281e-02
9.685499582521570061e-02
1.299266104919815090e-01
1.284080914687774910e-01
1.302325581395348819e-01
1.372492003489386436e-01
8.191330343796711377e-02
5.423320277191925193e-02
4.703044920108531701e-02
5.407104684061615762e-02
5.392652510953825640e-02
3.382533825338253364e-02
4.295116037409075355e-02
4.514229636898920567e-02
3.719275549805951125e-02
3.466419065304859187e-02
3.920287487749101601e-02
3.340828782524895429e-02
3.603013429413691460e-02
3.549129148866250749e-02
3.332199931995919601e-02
3.511286277319956850e-02
3.444976076555023720e-02
4.619096863150637389e-02
3.861003861003860921e-02
4.012240734444066925e-02
4.043220634367375443e-02
3.681415929203539494e-02
4.165170556552962033e-02
4.138898632058926608e-02
3.327305605786618631e-02
3.973509933774834607e-02
4.975863349424433646e-02
4.233526800955957764e-02
4.572220297887080037e-02
3.477380148548277899e-02
3.601617052554208220e-02
3.876257920238539156e-02
3.905369883589936142e-02
3.038162282326787797e-02
3.727171077152441336e-02
4.154624277456647058e-02
4.452830188679245127e-02
2.991944764096662879e-02
3.673309886674482050e-02
3.656003323639385461e-02
4.246952418403460161e-02
3.837471783295710870e-02
3.316621673736984410e-02
4.133180252583237846e-02
2.832650018635855457e-02
3.307607497243660738e-02
4.072565716401332914e-02
4.267844002943340515e-02
3.398791540785498638e-02
3.615819209039548149e-02
4.446147949405902799e-02
3.673938002296211341e-02
4.529201430274135826e-02
4.108108108108107781e-02
4.151404151404151227e-02
3.995299647473560256e-02
3.942505133470226159e-02
4.306762372497166536e-02
4.119704624951418814e-02
4.188911704312114903e-02
4.798080767692922827e-02
4.189824711415134767e-02
3.725055432372505887e-02
5.479452054794520244e-02
4.268032437046521271e-02
3.486394557823128959e-02
3.757828810020876625e-02
5.110437418796015541e-02
4.731727925644275273e-02
3.243470935130580990e-02
3.972436157276043600e-02
3.830734966592427848e-02
4.183006535947712129e-02
4.389574759945129995e-02
4.326710816777042112e-02
4.147656574035669952e-02
4.008714596949890935e-02
3.747454175152749312e-02
4.458856911228212261e-02
4.107830551989730128e-02
3.993203058623619184e-02
5.662805662805663054e-02
4.076207354895879792e-02
4.453961456102784044e-02
3.551797040169132891e-02
4.030632809351068074e-02
5.836415947390053566e-02
4.886412344620660181e-02
4.732762137902896821e-02
3.995205753096284229e-02
5.081826012058570513e-02
4.499338332598147583e-02
4.422194409678765342e-02
5.321326238231682132e-02
6.628369421122404237e-02
7.240948813982521493e-02
5.637583892617449577e-02
6.114649681528662450e-02
6.312148724600086247e-02
5.357890330682293922e-02
5.431698419132549582e-02
1.079669133652590290e-01
9.804772234273319287e-02
9.970426700464722625e-02
7.831060272767267905e-02
9.874404504114335512e-02
7.598142676234698190e-02
5.927952576379388883e-02
5.049208386820710354e-02
3.990719257540602943e-02
5.050952591936198194e-02
4.117108874656907891e-02
4.584819154355578019e-02
3.934426229508197065e-02
3.901532745006967146e-02
3.829160530191458300e-02
4.831833254381809328e-02
3.837572512271307523e-02
4.412426834759117233e-02
5.647058823529411964e-02
3.397829164700330584e-02
4.781997187060477855e-02
4.204993429697766183e-02
5.083976395823876226e-02
5.757984705353126620e-02
4.673321234119782314e-02
5.920078934385791802e-02
5.458823529411764575e-02
5.147402901263453678e-02
4.472532814778804044e-02
7.802469135802468647e-02
8.547008547008547175e-02
5.778003041054231848e-02
4.337111877772301810e-02
5.751115518096182322e-02
7.492029755579171502e-02
4.576183047321892572e-02
5.112154407929055816e-02
5.363984674329502073e-02
4.332840965041851594e-02
4.808184143222506146e-02
5.358012664393570212e-02
5.163175840233804464e-02
5.383443372270187849e-02
1.170643854119765848e-01
5.711371749107597984e-02
4.611260053619303106e-02
4.856988667026443385e-02
4.390471742176552811e-02
5.143134400776322446e-02
4.761904761904761640e-02
3.166226912928760129e-02
3.910348116356700265e-02
3.592814371257484901e-02
3.306565895134624261e-02
3.867129400099156983e-02
5.347132384648555642e-02
6.009721608484312749e-02
4.973183812774256696e-02
5.241379310344827791e-02
4.419889502762430755e-02
3.888098624940729969e-02
3.755416466056812896e-02
3.206034889203206173e-02
3.123564538355535006e-02
5.022156573116691447e-02
3.906622201048118304e-02
4.255319148936170109e-02
4.451188669701568179e-02
3.410852713178294526e-02
4.232230059685295614e-02
4.217185028993147150e-02
4.534253326761951419e-02
