1.108099999999999952e+01
1.107699999999999996e+01
1.108000000000000007e+01
1.107799999999999940e+01
1.107300000000000040e+01
1.107799999999999940e+01
1.108000000000000007e+01
1.107699999999999996e+01
1.108000000000000007e+01
1.107699999999999996e+01
1.108000000000000007e+01
1.108099999999999952e+01
1.108099999999999952e+01
1.107699999999999996e+01
1.107600000000000051e+01
1.107799999999999940e+01
1.108099999999999952e+01
1.108099999999999952e+01
1.107799999999999940e+01
1.108000000000000007e+01
1.107699999999999996e+01
1.108099999999999952e+01
1.107699999999999996e+01
1.107799999999999940e+01
1.107699999999999996e+01
1.108500000000000085e+01
1.107699999999999996e+01
1.107799999999999940e+01
1.108200000000000074e+01
1.107799999999999940e+01
1.107699999999999996e+01
1.107699999999999996e+01
1.108000000000000007e+01
1.107600000000000051e+01
1.108099999999999952e+01
1.107799999999999940e+01
1.108200000000000074e+01
1.108200000000000074e+01
1.108000000000000007e+01
1.107699999999999996e+01
1.108200000000000074e+01
1.108000000000000007e+01
1.108200000000000074e+01
1.108000000000000007e+01
1.108399999999999963e+01
1.107699999999999996e+01
1.107799999999999940e+01
1.108200000000000074e+01
1.107399999999999984e+01
1.107799999999999940e+01
1.108200000000000074e+01
1.108200000000000074e+01
1.107799999999999940e+01
1.108200000000000074e+01
1.108000000000000007e+01
1.108200000000000074e+01
1.108399999999999963e+01
1.107600000000000051e+01
1.107699999999999996e+01
1.108799999999999919e+01
1.108200000000000074e+01
