7.090781070000000454e+02
7.091276789999999437e+02
7.090743760000000293e+02
7.090752400000000080e+02
7.090753789999999981e+02
7.090754799999999705e+02
7.090755870000000414e+02
7.090756870000000163e+02
7.090757680000000391e+02
7.090758690000000115e+02
7.090759530000000268e+02
7.090760559999999941e+02
7.090761619999999539e+02
7.090762650000000349e+02
7.090763819999999669e+02
7.090764729999999645e+02
7.090765709999999444e+02
7.090766620000000557e+02
7.090767610000000332e+02
7.090768699999999853e+02
7.090769810000000462e+02
7.090771379999999908e+02
7.090773020000000315e+02
7.090774229999999534e+02
7.091276910000000271e+02
7.090766750000000229e+02
7.090775750000000244e+02
7.090777229999999918e+02
7.090778410000000349e+02
7.090779489999999896e+02
7.090778460000000223e+02
7.091276159999999891e+02
7.090767029999999522e+02
7.090782540000000154e+02
7.090784660000000486e+02
7.090829959999999801e+02
7.090976259999999911e+02
7.090732420000000502e+02
7.090785540000000537e+02
7.090789770000000090e+02
7.090858690000000024e+02
7.091301130000000512e+02
7.090666290000000345e+02
7.090787709999999606e+02
7.090794570000000476e+02
7.090841040000000248e+02
7.091273429999999962e+02
7.090778679999999667e+02
7.090797830000000204e+02
7.090828269999999520e+02
7.091274529999999459e+02
7.090715149999999767e+02
7.090798240000000305e+02
7.090804960000000392e+02
7.090811589999999569e+02
7.091305260000000317e+02
7.090781030000000555e+02
7.090806559999999763e+02
7.090839039999999613e+02
7.091300479999999880e+02
7.091277780000000348e+02
