1.152100000000000000e+04
1.286200000000000000e+04
1.305900000000000000e+04
1.346500000000000000e+04
1.358900000000000000e+04
1.378500000000000000e+04
1.414700000000000000e+04
1.397500000000000000e+04
1.450500000000000000e+04
1.434400000000000000e+04
1.510000000000000000e+04
1.486300000000000000e+04
1.522500000000000000e+04
1.493300000000000000e+04
1.516100000000000000e+04
1.521500000000000000e+04
1.485700000000000000e+04
1.532500000000000000e+04
1.514900000000000000e+04
1.464300000000000000e+04
1.460100000000000000e+04
1.425700000000000000e+04
1.418100000000000000e+04
1.391900000000000000e+04
1.358100000000000000e+04
1.346500000000000000e+04
1.301500000000000000e+04
1.291300000000000000e+04
1.265100000000000000e+04
1.247700000000000000e+04
1.209300000000000000e+04
1.195900000000000000e+04
1.172700000000000000e+04
1.144100000000000000e+04
1.123100000000000000e+04
1.129700000000000000e+04
1.106500000000000000e+04
1.062900000000000000e+04
1.028700000000000000e+04
1.033300000000000000e+04
1.024700000000000000e+04
