1.580000000000000000e+02
4.400000000000000000e+01
9.600000000000000000e+01
5.400000000000000000e+01
1.580000000000000000e+02
2.000000000000000000e+01
1.720000000000000000e+02
3.800000000000000000e+01
1.840000000000000000e+02
3.400000000000000000e+01
1.880000000000000000e+02
4.400000000000000000e+01
1.500000000000000000e+02
4.600000000000000000e+01
1.300000000000000000e+02
3.400000000000000000e+01
1.420000000000000000e+02
3.400000000000000000e+01
1.420000000000000000e+02
3.200000000000000000e+01
1.300000000000000000e+02
6.400000000000000000e+01
1.340000000000000000e+02
5.800000000000000000e+01
1.000000000000000000e+02
5.400000000000000000e+01
1.020000000000000000e+02
7.000000000000000000e+01
8.600000000000000000e+01
6.200000000000000000e+01
9.000000000000000000e+01
6.600000000000000000e+01
7.800000000000000000e+01
8.800000000000000000e+01
6.800000000000000000e+01
9.200000000000000000e+01
5.600000000000000000e+01
1.000000000000000000e+02
6.200000000000000000e+01
1.080000000000000000e+02
6.200000000000000000e+01
