4.100000000000000000e+02
4.000000000000000000e+00
5.120000000000000000e+02
2.970000000000000000e+02
7.000000000000000000e+01
3.220000000000000000e+02
6.700000000000000000e+01
3.920000000000000000e+02
2.300000000000000000e+02
3.000000000000000000e+01
4.500000000000000000e+02
2.720000000000000000e+02
2.820000000000000000e+02
2.900000000000000000e+02
8.400000000000000000e+01
4.300000000000000000e+02
2.940000000000000000e+02
3.800000000000000000e+01
5.080000000000000000e+02
4.600000000000000000e+02
2.000000000000000000e+00
5.120000000000000000e+02
4.560000000000000000e+02
2.400000000000000000e+01
4.440000000000000000e+02
3.320000000000000000e+02
6.400000000000000000e+01
3.380000000000000000e+02
2.480000000000000000e+02
9.000000000000000000e+01
3.780000000000000000e+02
2.540000000000000000e+02
2.420000000000000000e+02
3.760000000000000000e+02
2.300000000000000000e+02
2.060000000000000000e+02
3.700000000000000000e+02
3.040000000000000000e+02
5.800000000000000000e+01
2.860000000000000000e+02
4.600000000000000000e+02
