7.090796450000000277e+02
7.090681700000000092e+02
7.090794230000000198e+02
7.090979370000000017e+02
7.090793190000000550e+02
7.090807670000000371e+02
7.090785519999999451e+02
7.090796380000000454e+02
7.090717690000000175e+02
7.090795130000000199e+02
7.091305859999999939e+02
7.090794439999999668e+02
7.090808220000000119e+02
7.090789170000000468e+02
7.090866710000000239e+02
7.090746100000000069e+02
7.090795940000000428e+02
7.091277489999999943e+02
7.090795540000000301e+02
7.091274419999999736e+02
7.090793499999999767e+02
7.090818980000000238e+02
7.090777170000000069e+02
7.090797059999999874e+02
7.090655570000000125e+02
7.090796559999999999e+02
7.090687520000000177e+02
7.090795640000000049e+02
7.090809870000000501e+02
7.090792059999999992e+02
7.090827030000000377e+02
7.090773860000000468e+02
7.090798129999999446e+02
7.090661760000000413e+02
7.090797469999999976e+02
7.091305680000000393e+02
7.090796759999999495e+02
7.091301879999999755e+02
7.090793640000000551e+02
7.090820099999999684e+02
7.090777130000000170e+02
