3.200000000000000000e+01
1.100000000000000000e+02
9.400000000000000000e+01
6.200000000000000000e+01
1.380000000000000000e+02
3.200000000000000000e+01
1.620000000000000000e+02
4.000000000000000000e+01
2.340000000000000000e+02
3.400000000000000000e+01
2.160000000000000000e+02
3.100000000000000000e+01
2.040000000000000000e+02
4.000000000000000000e+01
1.760000000000000000e+02
4.000000000000000000e+01
1.320000000000000000e+02
8.200000000000000000e+01
8.400000000000000000e+01
7.200000000000000000e+01
6.600000000000000000e+01
1.280000000000000000e+02
4.600000000000000000e+01
1.740000000000000000e+02
2.400000000000000000e+01
1.420000000000000000e+02
2.600000000000000000e+01
1.560000000000000000e+02
1.200000000000000000e+01
1.880000000000000000e+02
2.700000000000000000e+01
1.500000000000000000e+02
5.200000000000000000e+01
1.330000000000000000e+02
3.200000000000000000e+01
1.620000000000000000e+02
4.200000000000000000e+01
1.480000000000000000e+02
4.400000000000000000e+01
1.360000000000000000e+02
5.800000000000000000e+01
