6.749000000000000000e+03
5.470000000000000000e+02
7.183000000000000000e+03
5.850000000000000000e+02
7.185000000000000000e+03
5.630000000000000000e+02
7.297000000000000000e+03
5.110000000000000000e+02
7.085000000000000000e+03
5.250000000000000000e+02
7.411000000000000000e+03
4.870000000000000000e+02
7.175000000000000000e+03
4.820000000000000000e+02
7.305000000000000000e+03
2.727000000000000000e+03
2.033000000000000000e+03
3.459000000000000000e+03
2.187000000000000000e+03
3.401000000000000000e+03
2.483000000000000000e+03
3.275000000000000000e+03
2.359000000000000000e+03
3.263000000000000000e+03
2.529000000000000000e+03
3.322000000000000000e+03
2.697000000000000000e+03
2.905000000000000000e+03
3.063000000000000000e+03
2.643000000000000000e+03
3.079000000000000000e+03
2.199000000000000000e+03
3.439000000000000000e+03
1.774000000000000000e+03
3.905000000000000000e+03
1.258000000000000000e+03
4.187000000000000000e+03
1.097000000000000000e+03
4.359000000000000000e+03
9.130000000000000000e+02
4.421000000000000000e+03
