1.069800000000000040e+01
1.070100000000000051e+01
1.069999999999999929e+01
1.070400000000000063e+01
1.069999999999999929e+01
1.070599999999999952e+01
1.069699999999999918e+01
1.070100000000000051e+01
1.069800000000000040e+01
1.070100000000000051e+01
1.070199999999999996e+01
1.070400000000000063e+01
1.069800000000000040e+01
1.069999999999999929e+01
1.070100000000000051e+01
1.069699999999999918e+01
1.069800000000000040e+01
1.070199999999999996e+01
1.069400000000000084e+01
1.069899999999999984e+01
1.069899999999999984e+01
1.070199999999999996e+01
1.069899999999999984e+01
1.069899999999999984e+01
1.069800000000000040e+01
1.070199999999999996e+01
1.069800000000000040e+01
1.070400000000000063e+01
1.069699999999999918e+01
1.069999999999999929e+01
1.069999999999999929e+01
1.069699999999999918e+01
1.069899999999999984e+01
1.069800000000000040e+01
1.069800000000000040e+01
1.069999999999999929e+01
1.069899999999999984e+01
1.069400000000000084e+01
1.069299999999999962e+01
1.069299999999999962e+01
1.069999999999999929e+01
