7.090780379999999923e+02
7.090784899999999880e+02
7.090724420000000237e+02
7.090833679999999504e+02
7.091275219999999990e+02
7.090796629999999823e+02
7.090687100000000100e+02
7.090820270000000392e+02
7.091275100000000293e+02
7.090797149999999647e+02
7.091302590000000237e+02
7.090795150000000149e+02
7.091269969999999603e+02
7.090790060000000494e+02
7.090786339999999655e+02
7.090770820000000185e+02
7.090781819999999698e+02
7.090684959999999819e+02
7.090848099999999476e+02
7.091274550000000545e+02
7.090797430000000077e+02
7.090976879999999483e+02
7.090795650000000023e+02
7.091298329999999623e+02
7.090789790000000039e+02
7.090786470000000463e+02
7.090766999999999598e+02
7.090780109999999468e+02
7.090674259999999549e+02
7.090850110000000086e+02
7.091274389999999812e+02
7.090798879999999826e+02
7.091316859999999451e+02
7.090797139999999672e+02
7.091269849999999906e+02
7.090792830000000322e+02
7.090817349999999806e+02
7.090778769999999440e+02
7.090785879999999679e+02
7.090728540000000066e+02
7.090821680000000242e+02
