4.900000000000000000e+01
6.700000000000000000e+01
5.300000000000000000e+01
1.690000000000000000e+02
1.010000000000000000e+02
5.800000000000000000e+01
7.100000000000000000e+01
4.500000000000000000e+01
2.410000000000000000e+02
3.750000000000000000e+02
6.700000000000000000e+01
5.600000000000000000e+01
7.800000000000000000e+01
2.570000000000000000e+02
3.870000000000000000e+02
6.500000000000000000e+01
5.400000000000000000e+01
5.900000000000000000e+01
7.500000000000000000e+01
1.540000000000000000e+02
5.900000000000000000e+01
7.000000000000000000e+01
2.930000000000000000e+02
2.850000000000000000e+02
6.300000000000000000e+01
7.100000000000000000e+01
5.100000000000000000e+01
1.290000000000000000e+02
9.900000000000000000e+01
6.100000000000000000e+01
8.100000000000000000e+01
3.330000000000000000e+02
1.010000000000000000e+02
5.400000000000000000e+01
6.700000000000000000e+01
5.900000000000000000e+01
2.030000000000000000e+02
2.820000000000000000e+02
4.050000000000000000e+02
6.500000000000000000e+01
5.900000000000000000e+01
8.100000000000000000e+01
1.323000000000000000e+03
2.570000000000000000e+02
8.790000000000000000e+02
6.700000000000000000e+01
8.010000000000000000e+02
4.390000000000000000e+02
5.430000000000000000e+02
1.029000000000000000e+03
4.800000000000000000e+01
7.700000000000000000e+01
1.740000000000000000e+02
9.770000000000000000e+02
6.310000000000000000e+02
6.110000000000000000e+02
4.410000000000000000e+02
5.900000000000000000e+01
7.100000000000000000e+01
7.500000000000000000e+01
9.470000000000000000e+02
