6.889563322067260742e+00
6.923163414001464844e+00
6.914295196533203125e+00
6.926516771316528320e+00
6.866472721099853516e+00
6.922726869583129883e+00
6.875856399536132812e+00
6.891180038452148438e+00
6.871984243392944336e+00
6.890856504440307617e+00
6.870136976242065430e+00
6.947022438049316406e+00
6.847609519958496094e+00
6.914174795150756836e+00
6.811553001403808594e+00
6.954947233200073242e+00
6.931578874588012695e+00
6.905972480773925781e+00
6.923920869827270508e+00
6.859049797058105469e+00
6.930553674697875977e+00
6.914832115173339844e+00
6.959067821502685547e+00
6.872012376785278320e+00
6.855280160903930664e+00
6.874158620834350586e+00
6.944198131561279297e+00
6.862458944320678711e+00
6.946105957031250000e+00
6.875696182250976562e+00
6.944117784500122070e+00
6.878304243087768555e+00
6.860482692718505859e+00
6.886253595352172852e+00
6.940951585769653320e+00
6.842029571533203125e+00
6.941579341888427734e+00
6.915194034576416016e+00
6.870881319046020508e+00
6.904969215393066406e+00
6.892473220825195312e+00
