4.500000000000000000e+01
7.300000000000000000e+01
1.120000000000000000e+02
9.400000000000000000e+01
7.900000000000000000e+01
1.050000000000000000e+02
1.040000000000000000e+02
1.170000000000000000e+02
1.130000000000000000e+02
1.190000000000000000e+02
1.010000000000000000e+02
1.170000000000000000e+02
1.200000000000000000e+02
1.030000000000000000e+02
1.310000000000000000e+02
1.440000000000000000e+02
1.590000000000000000e+02
1.290000000000000000e+02
1.540000000000000000e+02
1.510000000000000000e+02
1.930000000000000000e+02
1.820000000000000000e+02
1.670000000000000000e+02
1.980000000000000000e+02
2.010000000000000000e+02
2.260000000000000000e+02
6.090000000000000000e+02
4.880000000000000000e+02
7.300000000000000000e+01
2.030000000000000000e+02
3.610000000000000000e+02
3.890000000000000000e+02
6.910000000000000000e+02
2.000000000000000000e+02
6.700000000000000000e+01
2.950000000000000000e+02
5.290000000000000000e+02
9.130000000000000000e+02
5.120000000000000000e+02
5.700000000000000000e+01
5.190000000000000000e+02
1.596000000000000000e+03
1.007000000000000000e+03
1.650000000000000000e+02
2.530000000000000000e+02
3.243000000000000000e+03
7.490000000000000000e+02
1.850000000000000000e+02
6.700000000000000000e+01
3.139000000000000000e+03
1.945000000000000000e+03
3.590000000000000000e+02
5.800000000000000000e+01
4.090000000000000000e+02
1.535000000000000000e+03
5.310000000000000000e+02
2.970000000000000000e+02
5.800000000000000000e+01
2.379000000000000000e+03
6.470000000000000000e+02
3.370000000000000000e+02
