1.012300296903718422e-01
7.676767676767676241e-02
1.054603083129232038e-01
1.054393305439330492e-01
9.884501745903841174e-02
1.203166226912928821e-01
1.069979716024340721e-01
7.866273352999016144e-02
1.041925080625155098e-01
1.011544804837822970e-01
1.004184100418410025e-01
1.003001942433339178e-01
8.945686900958466081e-02
1.004100907170374091e-01
3.960396039603960444e-02
1.010267909831228661e-01
1.169491525423728834e-01
1.074914089347079049e-01
1.093877551020408095e-01
8.913963328631875627e-02
1.068504954760878950e-01
7.954545454545454419e-02
9.789967019614649602e-02
2.877697841726618855e-02
1.058555861573464291e-01
5.813953488372092943e-02
9.815950920245399003e-02
8.971962616822429237e-02
1.027923917442331025e-01
9.932279909706545618e-02
9.822003002358996315e-02
1.136490250696378795e-01
9.403508771929824928e-02
1.149639283220851710e-01
7.594936708860759722e-02
1.063222297756628160e-01
1.954397394136807645e-02
1.076628352490421464e-01
6.095238095238095233e-02
1.001713457229471416e-01
1.036269430051813406e-01
