1.260477111540941331e-01
1.250297123841216940e-01
1.123411234112341173e-01
3.717472118959107980e-02
1.097011870650839160e-01
1.166238387033010498e-01
1.150314161430642801e-01
1.013795316008982983e-01
1.102103418054338341e-01
1.179795125397386096e-01
9.031491384432560610e-02
7.720144752714112879e-02
1.029040404040404005e-01
1.268520925396412757e-01
1.227436823104693098e-01
8.215297450424929870e-02
1.004759386567953411e-01
1.099093832212803268e-01
8.930075821398483771e-02
1.058948111542534348e-01
1.270974651910032061e-01
1.092391304347826025e-01
1.030444964871194413e-01
9.912536443148688148e-02
1.087405368203716444e-01
1.226163625179413630e-01
1.227557411273486471e-01
9.576427255985267561e-02
1.104628549202644888e-01
1.126085654387541241e-01
1.332362577357116828e-01
1.498327759197324305e-01
1.032047800108636670e-01
1.291044776119402993e-01
1.159487776484284111e-01
1.118522319138019472e-01
1.082206035379812692e-01
1.063723030607124920e-01
1.210321991322219626e-01
1.197641948495190845e-01
1.096163428001993012e-01
