8.888888888888889228e-02
1.369863013698630061e-01
6.250000000000000000e-02
9.574468085106382920e-02
1.265822784810126667e-01
0.000000000000000000e+00
1.057692307692307682e-01
1.196581196581196632e-01
8.849557522123893682e-02
6.722689075630251809e-02
1.386138613861386260e-01
1.196581196581196632e-01
1.250000000000000000e-01
1.165048543689320426e-01
1.221374045801526670e-01
6.944444444444444753e-02
7.547169811320754429e-02
6.201550387596899139e-02
7.792207792207792028e-02
6.622516556291391243e-02
8.290155440414508081e-02
5.494505494505494414e-02
4.790419161676646997e-02
5.050505050505050414e-02
2.985074626865671585e-02
6.637168141592920956e-02
1.642036124794745561e-02
2.868852459016393505e-02
1.095890410958904049e-01
2.955665024630541732e-02
4.986149584487534897e-02
5.141388174807198091e-02
4.341534008683067825e-02
2.000000000000000042e-02
1.194029850746268634e-01
4.067796610169491234e-02
5.293005671077504609e-02
2.847754654983570763e-02
3.125000000000000000e-02
3.508771929824561209e-02
3.082851637764932526e-02
3.383458646616541166e-02
1.588877855014895688e-02
3.636363636363636187e-02
7.905138339920948776e-02
1.973481344434165757e-02
2.670226969292389951e-02
5.405405405405405705e-02
3.582089552238805763e-01
1.847722204523733619e-02
1.645244215938303223e-02
3.342618384401114390e-02
5.172413793103448204e-02
5.378973105134474131e-02
1.693811074918566764e-02
4.143126177024482326e-02
2.020202020202020374e-02
1.896551724137930939e-01
1.849516603614964269e-02
4.945904173106645957e-02
2.967359050445103966e-02
