2.753000000000000000e+03
5.700000000000000000e+01
4.600000000000000000e+01
1.710000000000000000e+02
2.659000000000000000e+03
4.800000000000000000e+01
7.500000000000000000e+01
2.360000000000000000e+02
2.599000000000000000e+03
6.500000000000000000e+01
7.400000000000000000e+01
1.630000000000000000e+02
1.991000000000000000e+03
6.500000000000000000e+01
7.300000000000000000e+01
1.870000000000000000e+02
1.157000000000000000e+03
5.700000000000000000e+01
7.500000000000000000e+01
1.850000000000000000e+02
6.570000000000000000e+02
3.900000000000000000e+01
8.100000000000000000e+01
2.870000000000000000e+02
2.170000000000000000e+02
3.250000000000000000e+02
4.800000000000000000e+01
8.000000000000000000e+01
1.410000000000000000e+02
2.030000000000000000e+02
1.310000000000000000e+02
6.300000000000000000e+01
1.600000000000000000e+02
1.410000000000000000e+02
1.470000000000000000e+02
3.810000000000000000e+02
4.810000000000000000e+02
4.300000000000000000e+01
9.500000000000000000e+01
2.150000000000000000e+02
9.000000000000000000e+01
2.030000000000000000e+02
2.770000000000000000e+02
4.610000000000000000e+02
5.590000000000000000e+02
5.380000000000000000e+02
4.830000000000000000e+02
4.270000000000000000e+02
5.550000000000000000e+02
5.350000000000000000e+02
5.510000000000000000e+02
3.700000000000000000e+02
1.440000000000000000e+02
3.370000000000000000e+02
1.480000000000000000e+02
3.990000000000000000e+02
3.720000000000000000e+02
1.770000000000000000e+02
1.350000000000000000e+02
1.270000000000000000e+02
2.170000000000000000e+02
