7.090819279999999480e+02
7.090790530000000444e+02
7.090783659999999600e+02
7.090821909999999662e+02
7.090973219999999628e+02
7.090799439999999549e+02
7.090793029999999817e+02
7.091302719999999908e+02
7.090842930000000024e+02
7.090790960000000496e+02
7.090750020000000404e+02
7.090785710000000108e+02
7.091268240000000560e+02
7.090867690000000039e+02
7.090792430000000195e+02
7.091302739999999858e+02
7.090840339999999742e+02
7.090821720000000141e+02
7.090722200000000157e+02
7.090812130000000479e+02
7.090791379999999435e+02
7.090782940000000281e+02
7.090823440000000346e+02
7.091268330000000333e+02
7.090795669999999973e+02
7.090791460000000370e+02
7.090972649999999931e+02
7.090800269999999728e+02
7.090824189999999589e+02
7.090973950000000059e+02
7.090801370000000361e+02
7.090793740000000298e+02
7.090679569999999785e+02
7.090803469999999606e+02
7.090794529999999440e+02
7.090885580000000346e+02
7.090803250000000162e+02
7.090825099999999566e+02
7.090972669999999880e+02
7.090800900000000411e+02
7.090795450000000528e+02
