8.188585607940446209e-02
1.136825010150223358e-01
1.066666666666666735e-01
1.252502144695453179e-01
6.315789473684210731e-02
1.094264996704021053e-01
8.735632183908045856e-02
1.291338582677165336e-01
8.727272727272727959e-02
1.033660217333686737e-01
2.787456445993031356e-02
1.047184170471841674e-01
9.116809116809117264e-02
9.514170040485829538e-02
1.101015499732763275e-01
1.119221411192214133e-01
9.753521126760562876e-02
9.276944065484310498e-02
1.042787000233808686e-01
7.705779334500875710e-02
1.122757978103890025e-01
7.117437722419929502e-02
1.133896260554885377e-01
2.730375426621160437e-02
1.042308769963575243e-01
3.755868544600939052e-02
1.020318021201413461e-01
1.074168797953964222e-01
4.800000000000000100e-02
6.451612903225806273e-02
6.798866855524079988e-02
6.434316353887399587e-02
9.495548961424332690e-02
6.460674157303371301e-02
7.100591715976331542e-02
7.887323943661972425e-02
1.093057607090103384e-01
9.536423841059603335e-02
1.064162754303599329e-01
9.671179883945840716e-02
1.059459459459459463e-01
