1.667917418479919434e+01
1.146219515800476074e+01
1.152644038200378418e+01
1.151218700408935547e+01
1.157045340538024902e+01
1.156502771377563477e+01
1.154233193397521973e+01
1.159812617301940918e+01
1.163177275657653809e+01
1.153477692604064941e+01
1.144389486312866211e+01
1.158756279945373535e+01
1.147865653038024902e+01
1.151968860626220703e+01
1.155424976348876953e+01
1.155047678947448730e+01
1.152835226058959961e+01
1.158525443077087402e+01
1.153310585021972656e+01
1.156606030464172363e+01
1.150220251083374023e+01
1.152574825286865234e+01
1.152681541442871094e+01
1.150431227684020996e+01
1.166326093673706055e+01
1.154686474800109863e+01
1.155981063842773438e+01
1.157316184043884277e+01
1.153600382804870605e+01
1.149445605278015137e+01
1.168032145500183105e+01
1.157513928413391113e+01
1.149295878410339355e+01
1.152934360504150391e+01
1.151420354843139648e+01
1.158534955978393555e+01
1.153201627731323242e+01
1.154154372215270996e+01
1.155616903305053711e+01
1.147917270660400391e+01
1.164246320724487305e+01
1.154446506500244141e+01
1.152982521057128906e+01
1.156826663017272949e+01
1.148059844970703125e+01
1.154984402656555176e+01
1.143522763252258301e+01
1.163431167602539062e+01
1.155025267601013184e+01
1.155751299858093262e+01
1.145074677467346191e+01
1.148984742164611816e+01
1.144751977920532227e+01
1.153462839126586914e+01
1.155239677429199219e+01
1.150319433212280273e+01
1.153528857231140137e+01
1.147527766227722168e+01
1.143715882301330566e+01
1.161551427841186523e+01
1.145115089416503906e+01
1.166834473609924316e+01
1.149798250198364258e+01
1.150778412818908691e+01
1.156447768211364746e+01
1.150473380088806152e+01
1.144347786903381348e+01
1.148183202743530273e+01
1.154980683326721191e+01
1.156629109382629395e+01
1.150086665153503418e+01
1.154672789573669434e+01
1.148415589332580566e+01
1.148255324363708496e+01
1.167584824562072754e+01
1.158182764053344727e+01
1.152723431587219238e+01
1.146177816390991211e+01
1.147270250320434570e+01
1.156828737258911133e+01
1.148897910118103027e+01
1.149446702003479004e+01
1.150183248519897461e+01
1.155012917518615723e+01
1.157543301582336426e+01
1.154196977615356445e+01
1.148583412170410156e+01
1.161568522453308105e+01
1.151679253578186035e+01
1.153672742843627930e+01
1.982391333580017090e+01
1.151763200759887695e+01
1.150463843345642090e+01
1.157034158706665039e+01
1.156318378448486328e+01
1.157648015022277832e+01
1.156105494499206543e+01
1.154561996459960938e+01
1.151279568672180176e+01
1.146779799461364746e+01
1.152093815803527832e+01
1.167657184600830078e+01
1.152870202064514160e+01
1.149665021896362305e+01
1.154212212562561035e+01
1.151615834236145020e+01
1.151607584953308105e+01
1.167888689041137695e+01
1.159498429298400879e+01
1.155350613594055176e+01
1.148002696037292480e+01
1.152021074295043945e+01
1.150730586051940918e+01
1.165596890449523926e+01
1.149067521095275879e+01
1.152610087394714355e+01
1.157601904869079590e+01
1.155174374580383301e+01
1.151287055015563965e+01
1.161101746559143066e+01
1.154886746406555176e+01
1.154729938507080078e+01
1.151914024353027344e+01
1.153561067581176758e+01
1.154281139373779297e+01
1.162400054931640625e+01
1.147994637489318848e+01
1.177889943122863770e+01
1.149127650260925293e+01
1.149440598487854004e+01
1.155167031288146973e+01
1.155012273788452148e+01
1.152104997634887695e+01
1.148700356483459473e+01
1.154317831993103027e+01
1.159945631027221680e+01
1.154738926887512207e+01
1.148946738243103027e+01
1.148502135276794434e+01
1.158010625839233398e+01
1.148730373382568359e+01
1.148542046546936035e+01
1.158520293235778809e+01
1.153346514701843262e+01
1.153548264503479004e+01
1.152088570594787598e+01
1.158287191390991211e+01
1.157568550109863281e+01
1.146670913696289062e+01
1.149194264411926270e+01
1.157027244567871094e+01
1.153394222259521484e+01
1.150825572013854980e+01
1.149354410171508789e+01
1.159932589530944824e+01
1.147927856445312500e+01
1.164809465408325195e+01
1.161252689361572266e+01
1.152693414688110352e+01
1.150584936141967773e+01
1.148463487625122070e+01
1.153410410881042480e+01
1.159771871566772461e+01
1.154345250129699707e+01
1.148149180412292480e+01
1.160280847549438477e+01
1.149228930473327637e+01
1.160923719406127930e+01
1.160263562202453613e+01
1.159543442726135254e+01
1.152955698966979980e+01
1.153034448623657227e+01
1.150949335098266602e+01
1.157616329193115234e+01
1.151953768730163574e+01
1.149090099334716797e+01
1.151316928863525391e+01
1.146468424797058105e+01
1.153519225120544434e+01
1.146545529365539551e+01
1.157236337661743164e+01
1.153249192237854004e+01
1.151324367523193359e+01
1.150272560119628906e+01
1.158263802528381348e+01
1.159885716438293457e+01
1.157003235816955566e+01
1.152055644989013672e+01
1.162147283554077148e+01
1.151484084129333496e+01
1.144014453887939453e+01
1.151566982269287109e+01
1.148438835144042969e+01
1.156778883934020996e+01
1.155955862998962402e+01
1.153726363182067871e+01
1.147208738327026367e+01
1.148140239715576172e+01
1.155400681495666504e+01
1.159380173683166504e+01
1.152101349830627441e+01
1.162347841262817383e+01
1.147602486610412598e+01
1.158941268920898438e+01
1.151082777976989746e+01
1.153326845169067383e+01
1.151726531982421875e+01
1.158708286285400391e+01
1.154192566871643066e+01
1.152476406097412109e+01
1.157277703285217285e+01
1.150294804573059082e+01
1.156428790092468262e+01
1.151975846290588379e+01
1.158903336524963379e+01
1.157820463180541992e+01
1.147175884246826172e+01
1.153889369964599609e+01
1.168347477912902832e+01
1.156716895103454590e+01
1.151645350456237793e+01
1.156575822830200195e+01
1.164409923553466797e+01
1.163762354850769043e+01
1.158378458023071289e+01
1.150457620620727539e+01
1.169554996490478516e+01
1.149303054809570312e+01
1.151729893684387207e+01
1.166417479515075684e+01
1.157426834106445312e+01
1.151619791984558105e+01
1.157727432250976562e+01
1.163895893096923828e+01
1.169372344017028809e+01
1.153081226348876953e+01
1.151440000534057617e+01
1.157450723648071289e+01
1.143959259986877441e+01
1.150120782852172852e+01
1.173107218742370605e+01
