1.082399999999999984e+01
1.082399999999999984e+01
1.082699999999999996e+01
1.082300000000000040e+01
1.082000000000000028e+01
1.082600000000000051e+01
1.081600000000000072e+01
1.082399999999999984e+01
1.082300000000000040e+01
1.082000000000000028e+01
1.081900000000000084e+01
1.082199999999999918e+01
1.082300000000000040e+01
1.082399999999999984e+01
1.082699999999999996e+01
1.082300000000000040e+01
1.082600000000000051e+01
1.082199999999999918e+01
1.082600000000000051e+01
1.082300000000000040e+01
1.082300000000000040e+01
1.082199999999999918e+01
1.081900000000000084e+01
1.082399999999999984e+01
1.082300000000000040e+01
1.080000000000000071e+01
1.080100000000000016e+01
1.080100000000000016e+01
1.080300000000000082e+01
1.080400000000000027e+01
1.080799999999999983e+01
1.080499999999999972e+01
1.080300000000000082e+01
1.080400000000000027e+01
1.080700000000000038e+01
1.080400000000000027e+01
1.080700000000000038e+01
1.080499999999999972e+01
1.080300000000000082e+01
1.080499999999999972e+01
1.080300000000000082e+01
