2.421153233513857750e-02
2.036919159770846435e-02
2.481047553411440398e-02
1.899007337073802329e-02
2.035225048923679225e-02
2.116062840654055893e-02
2.183280666475150705e-02
2.176278563656148038e-02
2.229208345241497427e-02
2.018727958166119385e-02
3.996925441967717069e-02
2.219140083217753176e-02
1.818995079767407250e-02
3.181049069373942384e-02
2.445585717779408252e-02
1.975021783328492764e-02
3.027604630454140688e-02
1.890103955717564385e-02
2.985074626865671585e-02
1.921024546424759949e-02
2.533714752758479613e-02
7.619047619047619735e-02
1.072796934865900415e-01
2.368866328257191248e-02
1.778024725656341190e-02
2.475011899095668627e-02
2.370872142252328577e-02
1.746005600395322127e-02
6.373292867981790455e-02
3.013344812742143816e-02
2.180339985218034127e-02
8.795411089866156384e-02
1.558441558441558406e-01
2.424584155624471410e-02
2.655265526552655353e-02
6.299212598425196763e-02
2.880400751408891680e-02
1.735106998264893119e-02
3.262481463173504820e-02
2.114427860696517503e-02
2.084309133489461313e-02
