9.772901250318959121e-02
1.030703458997279387e-01
1.022669166524629303e-01
1.025641025641025605e-01
1.030604237509809007e-01
1.060203283815480818e-01
5.997001499250374790e-02
1.017671609981351533e-01
1.047751506722299497e-01
1.259842519685039353e-01
1.084540848075384450e-01
1.057547956630525421e-01
1.035856573705179334e-01
1.037912358444116195e-01
1.224316882016521918e-01
9.948032665181885670e-02
1.045125348189415021e-01
1.134649910233393177e-01
9.584374290256643392e-02
1.137609998724652405e-01
1.000746825989544397e-01
1.039700374531835197e-01
1.055311925307681475e-01
1.082887700534759384e-01
1.177601538091804789e-01
1.179698216735253768e-01
1.016949152542372947e-01
1.090532314467037994e-01
1.045544554455445502e-01
8.772316508706193283e-02
1.243440928605501622e-01
8.714133900106270370e-02
1.098084072061767252e-01
1.053566143829535312e-01
1.163757273482959320e-01
1.101725377426312075e-01
9.256661991584852478e-02
1.115565626634129337e-01
1.205330102967898248e-01
9.691629955947136943e-02
1.182127830094169552e-01
