2.190000000000000000e+02
0.000000000000000000e+00
3.720000000000000000e+02
8.000000000000000000e+00
2.860000000000000000e+02
3.800000000000000000e+01
1.240000000000000000e+02
3.040000000000000000e+02
2.000000000000000000e+00
3.480000000000000000e+02
1.600000000000000000e+01
3.740000000000000000e+02
5.000000000000000000e+01
1.280000000000000000e+02
2.540000000000000000e+02
0.000000000000000000e+00
3.700000000000000000e+02
2.800000000000000000e+01
2.840000000000000000e+02
3.400000000000000000e+01
1.280000000000000000e+02
2.800000000000000000e+02
0.000000000000000000e+00
3.800000000000000000e+02
8.000000000000000000e+00
3.640000000000000000e+02
4.600000000000000000e+01
1.240000000000000000e+02
2.580000000000000000e+02
0.000000000000000000e+00
3.440000000000000000e+02
1.200000000000000000e+01
3.540000000000000000e+02
4.800000000000000000e+01
2.040000000000000000e+02
2.200000000000000000e+02
4.000000000000000000e+00
3.460000000000000000e+02
8.000000000000000000e+00
3.480000000000000000e+02
4.600000000000000000e+01
