3.555555555555555552e-02
1.052631578947368363e-01
6.315789473684210731e-02
3.883495145631067624e-02
9.756097560975610095e-02
2.515723270440251708e-02
1.550387596899224785e-02
6.837606837606838295e-02
1.290322580645161255e-01
5.673758865248226813e-02
1.261261261261261146e-01
5.294117647058823456e-02
2.096985583224115351e-02
1.016949152542372947e-01
3.305785123966942241e-02
1.557377049180327933e-01
1.007194244604316530e-01
1.032702237521514708e-02
1.189464740866610047e-02
2.571428571428571175e-01
8.839779005524861510e-02
5.286343612334801906e-02
6.910569105691057035e-02
1.988071570576540811e-02
1.754385964912280604e-01
6.741573033707864981e-02
5.243445692883895448e-02
4.651162790697674354e-02
4.338394793926247245e-02
1.090909090909090856e-01
9.195402298850574585e-02
7.052896725440806203e-02
3.606102635228848607e-02
2.933985330073349621e-02
2.711864406779661008e-01
1.030927835051546337e-01
3.062787136294027601e-02
3.985932004689331926e-02
5.479452054794520244e-02
1.818181818181818232e-01
9.009009009009008584e-02
3.725656223539373230e-02
1.156069364161849654e-02
2.724795640326975465e-02
8.000000000000000167e-02
2.105263157894736795e-02
1.266171208367740213e-02
2.200825309491059173e-02
5.015673981191222375e-02
7.017543859649122417e-02
5.315614617940199460e-02
1.708671507902605885e-02
1.443001443001443000e-02
6.079027355623100454e-02
1.224489795918367319e-01
2.094240837696335206e-02
2.317497103128621228e-02
5.460750853242320874e-02
7.792207792207792028e-02
6.153846153846154188e-02
1.648634724368882101e-02
