2.440000000000000000e+02
1.910000000000000000e+02
2.240000000000000000e+02
2.410000000000000000e+02
2.250000000000000000e+02
4.050000000000000000e+02
3.830000000000000000e+02
4.690000000000000000e+02
5.090000000000000000e+02
6.110000000000000000e+02
7.270000000000000000e+02
1.104000000000000000e+03
1.463000000000000000e+03
2.153000000000000000e+03
3.077000000000000000e+03
4.305000000000000000e+03
3.457000000000000000e+03
2.441000000000000000e+03
1.754000000000000000e+03
1.305000000000000000e+03
9.250000000000000000e+02
7.730000000000000000e+02
6.030000000000000000e+02
5.590000000000000000e+02
4.890000000000000000e+02
4.390000000000000000e+02
3.470000000000000000e+02
3.100000000000000000e+02
2.350000000000000000e+02
1.920000000000000000e+02
1.590000000000000000e+02
2.000000000000000000e+02
1.290000000000000000e+02
1.510000000000000000e+02
1.530000000000000000e+02
1.110000000000000000e+02
9.300000000000000000e+01
1.190000000000000000e+02
1.010000000000000000e+02
9.100000000000000000e+01
1.120000000000000000e+02
9.300000000000000000e+01
9.000000000000000000e+01
9.900000000000000000e+01
8.100000000000000000e+01
8.500000000000000000e+01
8.300000000000000000e+01
9.100000000000000000e+01
1.060000000000000000e+02
7.900000000000000000e+01
5.700000000000000000e+01
5.700000000000000000e+01
8.100000000000000000e+01
8.300000000000000000e+01
1.010000000000000000e+02
8.300000000000000000e+01
6.900000000000000000e+01
6.900000000000000000e+01
7.700000000000000000e+01
5.700000000000000000e+01
5.500000000000000000e+01
