1.220000000000000000e+02
5.300000000000000000e+01
7.900000000000000000e+01
1.160000000000000000e+02
9.700000000000000000e+01
1.140000000000000000e+02
1.030000000000000000e+02
5.300000000000000000e+01
5.900000000000000000e+01
9.100000000000000000e+01
1.510000000000000000e+02
1.470000000000000000e+02
1.370000000000000000e+02
3.730000000000000000e+02
5.800000000000000000e+01
7.300000000000000000e+01
1.190000000000000000e+02
1.790000000000000000e+02
5.190000000000000000e+02
1.380000000000000000e+02
5.100000000000000000e+01
1.370000000000000000e+02
2.000000000000000000e+02
5.370000000000000000e+02
6.720000000000000000e+02
4.500000000000000000e+01
1.060000000000000000e+02
2.330000000000000000e+02
4.870000000000000000e+02
2.750000000000000000e+02
7.500000000000000000e+01
2.840000000000000000e+02
5.410000000000000000e+02
3.830000000000000000e+02
5.500000000000000000e+01
1.230000000000000000e+02
5.570000000000000000e+02
5.890000000000000000e+02
3.520000000000000000e+02
6.500000000000000000e+01
6.300000000000000000e+01
1.020000000000000000e+03
1.123000000000000000e+03
3.660000000000000000e+02
7.300000000000000000e+01
6.800000000000000000e+01
8.390000000000000000e+02
2.531000000000000000e+03
8.630000000000000000e+02
2.010000000000000000e+02
4.900000000000000000e+01
2.160000000000000000e+02
2.007000000000000000e+03
5.530000000000000000e+02
4.490000000000000000e+02
5.700000000000000000e+01
7.300000000000000000e+01
1.911000000000000000e+03
4.920000000000000000e+02
6.730000000000000000e+02
4.300000000000000000e+01
