5.200000000000000000e+01
5.600000000000000000e+01
1.560000000000000000e+02
6.000000000000000000e+01
2.000000000000000000e+01
7.800000000000000000e+01
1.400000000000000000e+02
4.200000000000000000e+01
6.000000000000000000e+01
1.340000000000000000e+02
8.800000000000000000e+01
1.800000000000000000e+01
7.000000000000000000e+01
1.140000000000000000e+02
8.000000000000000000e+01
4.000000000000000000e+01
7.900000000000000000e+01
1.340000000000000000e+02
1.060000000000000000e+02
4.400000000000000000e+01
5.200000000000000000e+01
1.020000000000000000e+02
7.800000000000000000e+01
4.600000000000000000e+01
7.100000000000000000e+01
1.260000000000000000e+02
1.080000000000000000e+02
9.000000000000000000e+01
9.800000000000000000e+01
6.900000000000000000e+01
8.400000000000000000e+01
5.800000000000000000e+01
8.600000000000000000e+01
6.200000000000000000e+01
6.600000000000000000e+01
5.200000000000000000e+01
4.600000000000000000e+01
8.800000000000000000e+01
7.200000000000000000e+01
6.200000000000000000e+01
7.000000000000000000e+01
