2.200000000000000000e+01
3.560000000000000000e+02
8.000000000000000000e+01
5.800000000000000000e+01
3.540000000000000000e+02
6.000000000000000000e+00
3.460000000000000000e+02
3.400000000000000000e+01
2.080000000000000000e+02
3.180000000000000000e+02
8.000000000000000000e+00
4.740000000000000000e+02
3.600000000000000000e+01
3.420000000000000000e+02
6.600000000000000000e+01
6.000000000000000000e+01
3.960000000000000000e+02
6.000000000000000000e+00
3.820000000000000000e+02
4.000000000000000000e+01
3.380000000000000000e+02
1.680000000000000000e+02
1.600000000000000000e+01
4.220000000000000000e+02
1.000000000000000000e+01
3.700000000000000000e+02
7.200000000000000000e+01
2.680000000000000000e+02
2.580000000000000000e+02
2.000000000000000000e+00
3.900000000000000000e+02
1.200000000000000000e+01
4.000000000000000000e+02
6.200000000000000000e+01
1.820000000000000000e+02
3.540000000000000000e+02
1.200000000000000000e+01
4.190000000000000000e+02
5.000000000000000000e+01
3.760000000000000000e+02
1.020000000000000000e+02
