7.090753379999999879e+02
7.090753469999999652e+02
7.090753640000000360e+02
7.090753680000000259e+02
7.090753230000000258e+02
7.090753140000000485e+02
7.090755470000000287e+02
7.090756599999999708e+02
7.090757589999999482e+02
7.090758590000000368e+02
7.090759530000000268e+02
7.090760559999999941e+02
7.090761609999999564e+02
7.090762600000000475e+02
7.090763560000000325e+02
7.090764530000000150e+02
7.090765599999999722e+02
7.090766499999999724e+02
7.090767530000000534e+02
7.090768570000000182e+02
7.090769530000000032e+02
7.090770529999999781e+02
7.090771549999999479e+02
7.090772500000000491e+02
7.090773590000000013e+02
7.090774529999999913e+02
7.090775499999999738e+02
7.090776509999999462e+02
7.090777570000000196e+02
7.090778510000000097e+02
7.090779589999999644e+02
7.090780519999999569e+02
7.090781520000000455e+02
7.090782440000000406e+02
7.090783589999999776e+02
7.090784579999999551e+02
7.090785570000000462e+02
7.090786600000000135e+02
7.090787540000000035e+02
7.090788569999999709e+02
7.090789549999999508e+02
7.090790560000000369e+02
7.090791550000000143e+02
7.090792529999999942e+02
7.090793619999999464e+02
7.090794560000000502e+02
7.090795560000000251e+02
7.090796490000000176e+02
7.090797559999999748e+02
7.090798610000000508e+02
7.090799660000000131e+02
7.090800619999999981e+02
7.090801559999999881e+02
7.090802559999999630e+02
7.090803519999999480e+02
7.090804600000000164e+02
7.090805560000000014e+02
7.090806509999999889e+02
7.090807549999999537e+02
7.090808560000000398e+02
7.090809500000000298e+02
