6.820000000000000000e+02
5.980000000000000000e+02
2.540000000000000000e+02
4.000000000000000000e+00
4.300000000000000000e+02
8.900000000000000000e+02
5.710000000000000000e+02
5.340000000000000000e+02
6.020000000000000000e+02
5.500000000000000000e+02
4.580000000000000000e+02
4.620000000000000000e+02
4.220000000000000000e+02
4.640000000000000000e+02
4.580000000000000000e+02
4.920000000000000000e+02
4.170000000000000000e+02
4.960000000000000000e+02
3.560000000000000000e+02
3.980000000000000000e+02
4.160000000000000000e+02
3.620000000000000000e+02
3.180000000000000000e+02
3.300000000000000000e+02
3.480000000000000000e+02
3.860000000000000000e+02
3.800000000000000000e+02
4.020000000000000000e+02
2.780000000000000000e+02
3.880000000000000000e+02
3.220000000000000000e+02
3.110000000000000000e+02
3.450000000000000000e+02
3.360000000000000000e+02
3.340000000000000000e+02
2.840000000000000000e+02
3.420000000000000000e+02
3.280000000000000000e+02
2.600000000000000000e+02
2.900000000000000000e+02
2.940000000000000000e+02
