6.981432914733886719e+00
6.930579662322998047e+00
6.923762083053588867e+00
6.925108671188354492e+00
6.918456554412841797e+00
6.850678443908691406e+00
6.868325948715209961e+00
6.877386569976806641e+00
6.875135421752929688e+00
6.912695407867431641e+00
6.887781143188476562e+00
6.941808938980102539e+00
6.880367994308471680e+00
6.897372484207153320e+00
6.887248277664184570e+00
6.969464778900146484e+00
6.869636774063110352e+00
6.945566892623901367e+00
6.944057226181030273e+00
6.884254455566406250e+00
6.933591127395629883e+00
6.918414592742919922e+00
6.961018562316894531e+00
6.943984746932983398e+00
6.913894891738891602e+00
6.845901966094970703e+00
6.888425588607788086e+00
6.930381536483764648e+00
6.897300958633422852e+00
6.903591871261596680e+00
6.947971105575561523e+00
6.928750991821289062e+00
6.882205009460449219e+00
6.863637924194335938e+00
6.944469690322875977e+00
6.877765655517578125e+00
6.903216123580932617e+00
6.933175086975097656e+00
6.910620450973510742e+00
6.910538196563720703e+00
6.901479005813598633e+00
