7.090802569999999605e+02
7.091276800000000549e+02
7.090735959999999523e+02
7.090751890000000230e+02
7.090753670000000284e+02
7.090754739999999856e+02
7.090755639999999858e+02
7.090756689999999480e+02
7.090757549999999583e+02
7.090758779999999888e+02
7.090759719999999788e+02
7.090760739999999487e+02
7.090761780000000272e+02
7.090762680000000273e+02
7.090763709999999946e+02
7.090764599999999973e+02
7.090765569999999798e+02
7.090766599999999471e+02
7.090767590000000382e+02
7.090768749999999727e+02
7.090769729999999527e+02
7.090770690000000513e+02
7.090771630000000414e+02
7.090772620000000188e+02
7.090773599999999988e+02
7.090774730000000545e+02
7.090775939999999764e+02
7.090777259999999842e+02
7.090778129999999919e+02
7.090778910000000224e+02
7.090779410000000098e+02
7.090780449999999746e+02
7.090781650000000127e+02
7.090812630000000354e+02
7.090690349999999853e+02
7.090749220000000150e+02
7.090784350000000131e+02
7.090787279999999555e+02
7.090788320000000340e+02
7.090889779999999973e+02
7.091272290000000567e+02
7.090661310000000412e+02
7.090786659999999983e+02
7.090793499999999767e+02
7.090795299999999770e+02
7.090809060000000272e+02
7.090737030000000232e+02
7.090794849999999769e+02
7.090798959999999624e+02
7.090814699999999675e+02
7.091306080000000520e+02
7.090772439999999506e+02
7.090800940000000310e+02
7.090804229999999961e+02
7.090812459999999646e+02
7.091277330000000347e+02
7.090786829999999554e+02
7.090806870000000117e+02
7.090858230000000049e+02
7.091302080000000387e+02
7.090664600000000064e+02
