5.042016806722689204e-02
0.000000000000000000e+00
5.633802816901408578e-02
9.195402298850574585e-02
5.633802816901408578e-02
1.265822784810126667e-01
2.352941176470588203e-02
6.593406593406593574e-02
7.407407407407406996e-02
4.597701149425287293e-02
8.490566037735848559e-02
1.282051282051282007e-02
1.834862385321101019e-02
5.940594059405940319e-02
6.315789473684210731e-02
8.928571428571428770e-02
1.025641025641025605e-01
3.669724770642202039e-02
6.722689075630251809e-02
1.538461538461538547e-01
8.284023668639053928e-02
7.831325301204819511e-02
1.016949152542372947e-01
1.530054644808743203e-01
2.395209580838323499e-02
6.091370558375634736e-02
8.484848484848485362e-02
7.782101167315175205e-02
1.522842639593908753e-01
7.655502392344497309e-02
1.706161137440758424e-01
1.295546558704453455e-01
9.655172413793103314e-02
9.264305177111716028e-02
8.883248730964467266e-02
1.344262295081967151e-01
3.125000000000000000e-02
6.593406593406593574e-02
1.150855365474339059e-01
1.214495592556317366e-01
1.345202769535113752e-01
1.106523534269198972e-01
1.364605543710021296e-01
0.000000000000000000e+00
5.347593582887700397e-02
9.942638623326960357e-02
9.162717219589257278e-02
1.061876247504990045e-01
1.316614420062695856e-01
0.000000000000000000e+00
8.716377255703097737e-02
8.216094541361845804e-02
9.331651954602773746e-02
1.258741258741258862e-01
1.234119782214156136e-01
9.468599033816425814e-02
1.424148606811145579e-01
8.873720136518771506e-02
3.773584905660377214e-02
1.192711209276642731e-01
1.229314420803782476e-01
