3.139000000000000000e+03
4.713000000000000000e+03
1.451000000000000000e+03
2.317000000000000000e+03
7.665000000000000000e+03
3.119000000000000000e+03
3.481000000000000000e+03
2.757000000000000000e+03
3.499000000000000000e+03
8.223000000000000000e+03
1.301000000000000000e+03
2.163000000000000000e+03
6.707000000000000000e+03
2.955000000000000000e+03
4.089000000000000000e+03
3.443000000000000000e+03
3.369000000000000000e+03
7.407000000000000000e+03
1.541000000000000000e+03
2.811000000000000000e+03
7.341000000000000000e+03
5.250000000000000000e+02
2.610000000000000000e+02
4.137000000000000000e+03
7.199000000000000000e+03
2.101000000000000000e+03
3.543000000000000000e+03
6.071000000000000000e+03
6.590000000000000000e+02
2.323000000000000000e+03
5.412000000000000000e+03
5.230000000000000000e+02
2.310000000000000000e+02
3.547000000000000000e+03
4.444000000000000000e+03
6.350000000000000000e+02
1.597000000000000000e+03
5.187000000000000000e+03
2.023000000000000000e+03
3.216000000000000000e+03
4.270000000000000000e+03
