2.816901408450704289e-02
4.494382022471909988e-02
1.014492753623188470e-01
1.459999999999999909e-01
0.000000000000000000e+00
1.020408163265306145e-01
1.239892183288409666e-01
8.364083640836408873e-02
0.000000000000000000e+00
4.705882352941176405e-02
5.977011494252873480e-02
1.116279069767441845e-01
0.000000000000000000e+00
7.499999999999999722e-02
1.086419753086419748e-01
1.101243339253996506e-01
1.432926829268292568e-01
0.000000000000000000e+00
7.079646017699114946e-02
1.152542372881355942e-01
1.015625000000000000e-01
0.000000000000000000e+00
8.247422680412370977e-02
1.343669250645994906e-01
1.031161473087818664e-01
1.284185493460166527e-01
3.636363636363636187e-02
0.000000000000000000e+00
1.250000000000000000e-01
1.083455344070278215e-01
1.230012300123001223e-01
0.000000000000000000e+00
2.531645569620253125e-02
9.649122807017543324e-02
1.143946615824594920e-01
1.160714285714285754e-01
1.904761904761904656e-01
5.555555555555555247e-02
1.106259097525473106e-01
1.150000000000000050e-01
1.127596439169139403e-01
1.048543689320388383e-01
3.508771929824561209e-02
1.114616193480546802e-01
9.523809523809523281e-02
1.150855365474339059e-01
1.778471138845553745e-01
0.000000000000000000e+00
9.384164222873900285e-02
9.448818897637795144e-02
8.497409326424870679e-02
9.735744089012517144e-02
1.303370786516853952e-01
0.000000000000000000e+00
1.058038007190549579e-01
1.370309951060358911e-01
1.246753246753246752e-01
7.932011331444759061e-02
1.006097560975609817e-01
9.439528023598819928e-02
1.206349206349206366e-01
