1.830000000000000000e+02
2.160000000000000000e+02
2.340000000000000000e+02
2.160000000000000000e+02
2.080000000000000000e+02
2.000000000000000000e+02
1.840000000000000000e+02
2.380000000000000000e+02
1.640000000000000000e+02
2.320000000000000000e+02
2.480000000000000000e+02
2.620000000000000000e+02
2.460000000000000000e+02
1.920000000000000000e+02
2.340000000000000000e+02
2.000000000000000000e+02
2.760000000000000000e+02
2.200000000000000000e+02
2.680000000000000000e+02
2.160000000000000000e+02
2.020000000000000000e+02
2.240000000000000000e+02
2.420000000000000000e+02
2.560000000000000000e+02
1.920000000000000000e+02
2.080000000000000000e+02
2.200000000000000000e+02
2.380000000000000000e+02
2.780000000000000000e+02
2.760000000000000000e+02
2.720000000000000000e+02
2.140000000000000000e+02
2.420000000000000000e+02
2.460000000000000000e+02
2.460000000000000000e+02
2.300000000000000000e+02
2.820000000000000000e+02
2.360000000000000000e+02
2.700000000000000000e+02
3.060000000000000000e+02
2.580000000000000000e+02
2.620000000000000000e+02
2.520000000000000000e+02
2.860000000000000000e+02
2.520000000000000000e+02
3.020000000000000000e+02
3.200000000000000000e+02
2.820000000000000000e+02
2.800000000000000000e+02
2.900000000000000000e+02
3.220000000000000000e+02
3.000000000000000000e+02
3.280000000000000000e+02
2.940000000000000000e+02
3.200000000000000000e+02
2.760000000000000000e+02
2.420000000000000000e+02
3.200000000000000000e+02
2.940000000000000000e+02
3.160000000000000000e+02
3.340000000000000000e+02
4.420000000000000000e+02
3.580000000000000000e+02
3.480000000000000000e+02
4.780000000000000000e+02
4.380000000000000000e+02
4.760000000000000000e+02
4.720000000000000000e+02
2.740000000000000000e+02
1.800000000000000000e+02
1.560000000000000000e+02
1.720000000000000000e+02
1.600000000000000000e+02
1.100000000000000000e+02
1.240000000000000000e+02
1.380000000000000000e+02
1.150000000000000000e+02
1.120000000000000000e+02
1.200000000000000000e+02
1.040000000000000000e+02
1.100000000000000000e+02
1.080000000000000000e+02
9.800000000000000000e+01
9.800000000000000000e+01
1.080000000000000000e+02
1.340000000000000000e+02
1.100000000000000000e+02
1.180000000000000000e+02
1.160000000000000000e+02
1.040000000000000000e+02
1.160000000000000000e+02
1.180000000000000000e+02
9.200000000000000000e+01
1.140000000000000000e+02
1.340000000000000000e+02
1.240000000000000000e+02
1.320000000000000000e+02
1.030000000000000000e+02
9.800000000000000000e+01
1.040000000000000000e+02
1.040000000000000000e+02
8.200000000000000000e+01
1.000000000000000000e+02
1.150000000000000000e+02
1.180000000000000000e+02
7.800000000000000000e+01
9.400000000000000000e+01
8.800000000000000000e+01
1.080000000000000000e+02
1.020000000000000000e+02
8.600000000000000000e+01
1.080000000000000000e+02
7.600000000000000000e+01
9.000000000000000000e+01
1.100000000000000000e+02
1.160000000000000000e+02
9.000000000000000000e+01
9.600000000000000000e+01
1.160000000000000000e+02
9.600000000000000000e+01
1.140000000000000000e+02
1.140000000000000000e+02
1.020000000000000000e+02
1.020000000000000000e+02
9.600000000000000000e+01
1.140000000000000000e+02
1.060000000000000000e+02
1.020000000000000000e+02
1.200000000000000000e+02
9.800000000000000000e+01
8.400000000000000000e+01
1.160000000000000000e+02
1.000000000000000000e+02
8.200000000000000000e+01
9.000000000000000000e+01
1.180000000000000000e+02
1.120000000000000000e+02
7.700000000000000000e+01
9.800000000000000000e+01
8.600000000000000000e+01
9.600000000000000000e+01
9.600000000000000000e+01
9.800000000000000000e+01
1.000000000000000000e+02
9.200000000000000000e+01
9.200000000000000000e+01
1.100000000000000000e+02
9.600000000000000000e+01
9.400000000000000000e+01
1.320000000000000000e+02
9.200000000000000000e+01
1.040000000000000000e+02
8.400000000000000000e+01
1.000000000000000000e+02
1.420000000000000000e+02
1.140000000000000000e+02
1.160000000000000000e+02
1.000000000000000000e+02
1.180000000000000000e+02
1.020000000000000000e+02
1.060000000000000000e+02
1.300000000000000000e+02
1.500000000000000000e+02
1.740000000000000000e+02
1.260000000000000000e+02
1.440000000000000000e+02
1.460000000000000000e+02
1.280000000000000000e+02
1.340000000000000000e+02
2.480000000000000000e+02
2.260000000000000000e+02
2.360000000000000000e+02
1.780000000000000000e+02
2.280000000000000000e+02
1.800000000000000000e+02
1.300000000000000000e+02
1.180000000000000000e+02
8.600000000000000000e+01
1.140000000000000000e+02
9.000000000000000000e+01
9.000000000000000000e+01
8.400000000000000000e+01
8.400000000000000000e+01
7.800000000000000000e+01
1.020000000000000000e+02
8.600000000000000000e+01
9.800000000000000000e+01
1.200000000000000000e+02
7.200000000000000000e+01
1.020000000000000000e+02
9.600000000000000000e+01
1.120000000000000000e+02
1.280000000000000000e+02
1.030000000000000000e+02
1.200000000000000000e+02
1.160000000000000000e+02
1.100000000000000000e+02
9.200000000000000000e+01
1.580000000000000000e+02
1.900000000000000000e+02
1.140000000000000000e+02
8.800000000000000000e+01
1.160000000000000000e+02
1.410000000000000000e+02
8.800000000000000000e+01
9.800000000000000000e+01
9.800000000000000000e+01
8.800000000000000000e+01
9.400000000000000000e+01
1.100000000000000000e+02
1.060000000000000000e+02
1.060000000000000000e+02
2.600000000000000000e+02
1.120000000000000000e+02
8.600000000000000000e+01
9.000000000000000000e+01
9.400000000000000000e+01
1.060000000000000000e+02
9.400000000000000000e+01
6.000000000000000000e+01
8.200000000000000000e+01
7.800000000000000000e+01
7.000000000000000000e+01
7.800000000000000000e+01
1.240000000000000000e+02
1.360000000000000000e+02
1.020000000000000000e+02
1.140000000000000000e+02
8.800000000000000000e+01
8.200000000000000000e+01
7.800000000000000000e+01
6.800000000000000000e+01
6.800000000000000000e+01
1.020000000000000000e+02
8.200000000000000000e+01
8.600000000000000000e+01
8.800000000000000000e+01
6.600000000000000000e+01
7.800000000000000000e+01
8.000000000000000000e+01
9.200000000000000000e+01
