5.797101449275362389e-02
5.788712011577423766e-02
7.547169811320754429e-02
1.194029850746268634e-01
1.647058823529411742e-01
2.051282051282051280e-02
1.967213114754098324e-01
1.975308641975308532e-01
6.896551724137930939e-02
1.355932203389830504e-01
1.269841269841269771e-01
2.832861189801699764e-02
2.531645569620253125e-02
1.632653061224489666e-01
1.379310344827586188e-01
5.479452054794520244e-02
3.367003367003366943e-02
1.038961038961039030e-01
1.652892561983471120e-02
1.081081081081081141e-02
9.756097560975610095e-02
5.063291139240506250e-02
3.498542274052478251e-02
8.301886792452829733e-02
1.846153846153846256e-01
1.204819277108433728e-01
3.970223325062034736e-02
7.380073800738007166e-03
1.126760563380281716e-01
1.176470588235294101e-01
3.780718336483931963e-02
5.405405405405405705e-02
7.058823529411764608e-02
1.587301587301587213e-01
4.502814258911819884e-02
0.000000000000000000e+00
3.192702394526795995e-02
2.264150943396226467e-01
1.562500000000000000e-02
3.342618384401114390e-02
6.584362139917696033e-02
1.236476043276661489e-02
7.792207792207792028e-02
3.007518796992481036e-02
4.232804232804232569e-02
2.637362637362637360e-02
1.216333622936576972e-02
2.846975088967971385e-02
2.597402597402597574e-02
1.924104756814537520e-02
9.271523178807947185e-02
2.398081534772182263e-02
2.462801436634171406e-02
2.361275088547815787e-02
4.021937842778793709e-02
3.131115459882582996e-02
2.553191489361701996e-02
4.100227790432801889e-02
6.042296072507553212e-02
3.773584905660377214e-02
4.149377593360995681e-02
