7.090761169999999538e+02
7.090764179999999897e+02
7.090764299999999594e+02
7.090764319999999543e+02
7.090764410000000453e+02
7.090764500000000226e+02
7.090764570000000049e+02
7.090764659999999822e+02
7.090764729999999645e+02
7.090764860000000454e+02
7.090764860000000454e+02
7.090765059999999949e+02
7.090765109999999822e+02
7.090765239999999494e+02
7.090765310000000454e+02
7.090765410000000202e+02
7.090765609999999697e+02
7.090765659999999571e+02
7.090765780000000404e+02
7.090765800000000354e+02
7.090765920000000051e+02
7.090766049999999723e+02
7.090766129999999521e+02
7.090766270000000304e+02
7.090766350000000102e+02
7.090766449999999850e+02
7.090766509999999698e+02
7.090766700000000355e+02
7.090766760000000204e+02
7.090766879999999901e+02
7.090766969999999674e+02
7.090767049999999472e+02
7.090767170000000306e+02
7.090767230000000154e+02
7.090767309999999952e+02
7.090767469999999548e+02
7.090767570000000433e+02
7.090767660000000205e+02
7.090767769999999928e+02
7.090767879999999650e+02
7.090767980000000534e+02
