1.108999999999999986e+01
1.109299999999999997e+01
1.109200000000000053e+01
1.109200000000000053e+01
1.108699999999999974e+01
1.109500000000000064e+01
1.109200000000000053e+01
1.109200000000000053e+01
1.109200000000000053e+01
1.108399999999999963e+01
1.109099999999999930e+01
1.109200000000000053e+01
1.108799999999999919e+01
1.109099999999999930e+01
1.108999999999999986e+01
1.108999999999999986e+01
1.109200000000000053e+01
1.109200000000000053e+01
1.108799999999999919e+01
1.109299999999999997e+01
1.109200000000000053e+01
1.108999999999999986e+01
1.108999999999999986e+01
1.109099999999999930e+01
1.109200000000000053e+01
1.109200000000000053e+01
1.109099999999999930e+01
1.109200000000000053e+01
1.108699999999999974e+01
1.109099999999999930e+01
1.109099999999999930e+01
1.108799999999999919e+01
1.108799999999999919e+01
1.109200000000000053e+01
1.109200000000000053e+01
1.109200000000000053e+01
1.108799999999999919e+01
1.108600000000000030e+01
1.108699999999999974e+01
1.108799999999999919e+01
1.107900000000000063e+01
1.108099999999999952e+01
1.108099999999999952e+01
1.107699999999999996e+01
1.108300000000000018e+01
1.108300000000000018e+01
1.108000000000000007e+01
1.108399999999999963e+01
1.108300000000000018e+01
1.107900000000000063e+01
1.108000000000000007e+01
1.108399999999999963e+01
1.108500000000000085e+01
1.108300000000000018e+01
1.108099999999999952e+01
1.108300000000000018e+01
1.108300000000000018e+01
1.108399999999999963e+01
1.108399999999999963e+01
1.108399999999999963e+01
1.108099999999999952e+01
1.108000000000000007e+01
1.108000000000000007e+01
1.108300000000000018e+01
1.108600000000000030e+01
1.108600000000000030e+01
1.108600000000000030e+01
1.108600000000000030e+01
1.108099999999999952e+01
1.108500000000000085e+01
1.108300000000000018e+01
1.108399999999999963e+01
1.108099999999999952e+01
1.108500000000000085e+01
1.108399999999999963e+01
1.108600000000000030e+01
1.108600000000000030e+01
1.108399999999999963e+01
1.108399999999999963e+01
1.108399999999999963e+01
1.108300000000000018e+01
1.108500000000000085e+01
1.108600000000000030e+01
1.108399999999999963e+01
1.108799999999999919e+01
1.108399999999999963e+01
1.108099999999999952e+01
1.108099999999999952e+01
1.108500000000000085e+01
1.108300000000000018e+01
1.108000000000000007e+01
1.108900000000000041e+01
1.108600000000000030e+01
1.108999999999999986e+01
1.108300000000000018e+01
1.108699999999999974e+01
1.108799999999999919e+01
1.108699999999999974e+01
1.108999999999999986e+01
1.108799999999999919e+01
1.108699999999999974e+01
1.109099999999999930e+01
1.108799999999999919e+01
1.109099999999999930e+01
1.108799999999999919e+01
1.108600000000000030e+01
1.108799999999999919e+01
1.108600000000000030e+01
1.108799999999999919e+01
1.108699999999999974e+01
1.108600000000000030e+01
1.109200000000000053e+01
1.108799999999999919e+01
1.108999999999999986e+01
1.108600000000000030e+01
1.108699999999999974e+01
1.108699999999999974e+01
1.108699999999999974e+01
1.108999999999999986e+01
1.108799999999999919e+01
1.108799999999999919e+01
1.108999999999999986e+01
1.109099999999999930e+01
1.108799999999999919e+01
1.108999999999999986e+01
1.108799999999999919e+01
1.108999999999999986e+01
1.108999999999999986e+01
1.109200000000000053e+01
1.109399999999999942e+01
1.108999999999999986e+01
1.108799999999999919e+01
1.108799999999999919e+01
1.109099999999999930e+01
1.108999999999999986e+01
1.108999999999999986e+01
1.108399999999999963e+01
1.109399999999999942e+01
1.109399999999999942e+01
1.109500000000000064e+01
1.109399999999999942e+01
1.109099999999999930e+01
1.109099999999999930e+01
1.108999999999999986e+01
1.108699999999999974e+01
1.108500000000000085e+01
1.108699999999999974e+01
1.109200000000000053e+01
1.108999999999999986e+01
1.108900000000000041e+01
1.108900000000000041e+01
1.108900000000000041e+01
1.108999999999999986e+01
1.108900000000000041e+01
1.109299999999999997e+01
1.109200000000000053e+01
1.109200000000000053e+01
1.109299999999999997e+01
1.108900000000000041e+01
1.109200000000000053e+01
1.109600000000000009e+01
1.109399999999999942e+01
1.109200000000000053e+01
1.109200000000000053e+01
1.109299999999999997e+01
1.109200000000000053e+01
1.109200000000000053e+01
1.109600000000000009e+01
1.108999999999999986e+01
1.109299999999999997e+01
1.109200000000000053e+01
1.108999999999999986e+01
1.108999999999999986e+01
1.108999999999999986e+01
1.109200000000000053e+01
1.109200000000000053e+01
1.109299999999999997e+01
1.109200000000000053e+01
1.109600000000000009e+01
1.109200000000000053e+01
1.109200000000000053e+01
1.109699999999999953e+01
1.109299999999999997e+01
1.109699999999999953e+01
1.109399999999999942e+01
1.109600000000000009e+01
1.109600000000000009e+01
1.109800000000000075e+01
1.109800000000000075e+01
1.109399999999999942e+01
1.109600000000000009e+01
1.109399999999999942e+01
1.109200000000000053e+01
1.109399999999999942e+01
1.109600000000000009e+01
1.109299999999999997e+01
1.108900000000000041e+01
1.108799999999999919e+01
1.109200000000000053e+01
1.109299999999999997e+01
1.108999999999999986e+01
1.109299999999999997e+01
1.108999999999999986e+01
1.108900000000000041e+01
1.108999999999999986e+01
1.108999999999999986e+01
1.108999999999999986e+01
1.109200000000000053e+01
1.108999999999999986e+01
1.109299999999999997e+01
1.108999999999999986e+01
1.108900000000000041e+01
1.108999999999999986e+01
1.109200000000000053e+01
1.108699999999999974e+01
1.109399999999999942e+01
1.109200000000000053e+01
1.108900000000000041e+01
1.109200000000000053e+01
1.108900000000000041e+01
1.109299999999999997e+01
1.108799999999999919e+01
1.108999999999999986e+01
1.108799999999999919e+01
1.108900000000000041e+01
1.109399999999999942e+01
1.109200000000000053e+01
1.108999999999999986e+01
1.108799999999999919e+01
1.109299999999999997e+01
1.108900000000000041e+01
1.109699999999999953e+01
1.108999999999999986e+01
1.108799999999999919e+01
1.108900000000000041e+01
1.108999999999999986e+01
1.108699999999999974e+01
1.108900000000000041e+01
1.108999999999999986e+01
1.108799999999999919e+01
1.109299999999999997e+01
