6.700000000000000000e+02
7.600000000000000000e+01
8.520000000000000000e+02
1.400000000000000000e+01
8.600000000000000000e+02
2.600000000000000000e+01
9.300000000000000000e+02
1.020000000000000000e+02
7.600000000000000000e+02
8.000000000000000000e+00
9.840000000000000000e+02
3.600000000000000000e+01
9.630000000000000000e+02
8.800000000000000000e+01
8.730000000000000000e+02
7.600000000000000000e+01
7.880000000000000000e+02
1.040000000000000000e+02
5.080000000000000000e+02
2.860000000000000000e+02
3.500000000000000000e+02
5.140000000000000000e+02
1.900000000000000000e+02
5.920000000000000000e+02
1.100000000000000000e+02
7.960000000000000000e+02
3.400000000000000000e+01
8.850000000000000000e+02
2.180000000000000000e+02
4.640000000000000000e+02
1.780000000000000000e+02
6.500000000000000000e+02
9.200000000000000000e+01
7.280000000000000000e+02
3.200000000000000000e+01
8.810000000000000000e+02
1.600000000000000000e+01
9.860000000000000000e+02
3.400000000000000000e+01
1.032000000000000000e+03
8.800000000000000000e+01
