2.183000000000000000e+03
5.900000000000000000e+01
7.300000000000000000e+01
1.510000000000000000e+02
1.929000000000000000e+03
5.000000000000000000e+01
5.500000000000000000e+01
1.630000000000000000e+02
1.493000000000000000e+03
3.600000000000000000e+01
8.700000000000000000e+01
1.790000000000000000e+02
1.427000000000000000e+03
4.700000000000000000e+01
7.200000000000000000e+01
1.650000000000000000e+02
8.110000000000000000e+02
5.900000000000000000e+01
6.900000000000000000e+01
1.290000000000000000e+02
4.760000000000000000e+02
7.100000000000000000e+01
5.500000000000000000e+01
2.870000000000000000e+02
1.510000000000000000e+02
5.050000000000000000e+02
5.300000000000000000e+01
7.300000000000000000e+01
2.870000000000000000e+02
1.620000000000000000e+02
4.730000000000000000e+02
4.300000000000000000e+01
6.700000000000000000e+01
3.750000000000000000e+02
8.300000000000000000e+01
2.730000000000000000e+02
5.600000000000000000e+02
1.900000000000000000e+01
6.500000000000000000e+01
3.310000000000000000e+02
8.700000000000000000e+01
1.870000000000000000e+02
2.150000000000000000e+02
3.190000000000000000e+02
3.390000000000000000e+02
4.350000000000000000e+02
4.300000000000000000e+02
4.950000000000000000e+02
5.310000000000000000e+02
6.090000000000000000e+02
9.740000000000000000e+02
1.205000000000000000e+03
3.090000000000000000e+02
1.064000000000000000e+03
9.500000000000000000e+01
7.700000000000000000e+01
3.610000000000000000e+02
1.110000000000000000e+02
8.500000000000000000e+01
6.370000000000000000e+02
1.540000000000000000e+02
