1.773335482830888307e-02
3.905160390516038832e-02
2.197527781246098183e-02
1.286173633440514386e-01
1.719562679121112297e-02
7.780320366132723042e-02
1.211020284589766835e-02
3.964321110009910720e-02
1.812250815512866930e-02
9.966777408637873814e-02
2.066567312468951811e-02
9.151785714285713691e-02
1.739629134008793820e-02
2.860548271752085675e-02
1.725296885503024846e-02
3.252032520325203596e-02
1.820940819423368801e-02
3.278688524590164105e-02
2.007956052282629245e-02
2.131202131202131200e-02
2.724795640326975465e-02
2.238966630785791181e-02
2.101050525262631447e-02
1.525957870293580959e-02
5.695509309967141526e-02
1.424238428062771927e-02
6.451612903225806273e-02
1.599289204797867472e-02
3.140227395776935826e-02
2.041312272174969702e-02
2.329644729178800139e-02
2.030963875478608224e-02
4.941482444733420049e-02
1.846864178530203959e-02
7.334963325183374572e-02
1.717126073203795872e-02
5.980066445182724566e-02
1.853926861566669929e-02
3.354297693920335610e-02
2.095412470755772527e-02
4.208194905869324515e-02
