5.633802816901408578e-02
2.105263157894736725e-01
1.230769230769230838e-01
8.219178082191780366e-02
8.791208791208791895e-02
7.291666666666667129e-02
4.705882352941176405e-02
1.391304347826086973e-01
1.010101010101010083e-01
5.940594059405940319e-02
5.607476635514018620e-02
8.695652173913043237e-02
6.201550387596899139e-02
0.000000000000000000e+00
1.374045801526717625e-01
5.217391304347825803e-02
9.302325581395348708e-02
5.442176870748299117e-02
3.076923076923077094e-02
6.060606060606060774e-02
6.106870229007633349e-02
8.805031446540879936e-02
6.622516556291391243e-02
3.260869565217391214e-02
1.069518716577540045e-02
5.128205128205128027e-02
3.524229074889868168e-02
2.690582959641255739e-02
5.780346820809248443e-02
3.755868544600939052e-02
4.405286343612335037e-02
3.745318352059925221e-02
6.557377049180328210e-02
5.899705014749262455e-02
5.542725173210161921e-02
2.051282051282051280e-02
1.016949152542372947e-01
7.843137254901960675e-02
3.024574669187145640e-02
2.888086642599278081e-02
2.409638554216867595e-02
2.757352941176470507e-02
4.838709677419354704e-02
6.315789473684210731e-02
1.893663510560815791e-02
1.394475730758916628e-02
2.087081684059013953e-02
4.878048780487805047e-02
1.690140845070422504e-01
2.376708259061200215e-02
1.457351050150021421e-02
2.502606882168926031e-02
3.663003663003663174e-02
6.153846153846154188e-02
2.573913043478260818e-02
2.308499475341028312e-02
4.950495049504950729e-02
2.222222222222222099e-01
2.679031427099433371e-02
2.761341222879684296e-02
2.597402597402597574e-02
