6.895429372787475586e+00
6.906123399734497070e+00
6.913809776306152344e+00
6.970462083816528320e+00
6.882363796234130859e+00
6.902654170989990234e+00
6.847000837326049805e+00
6.887793540954589844e+00
6.882967710494995117e+00
6.918385744094848633e+00
6.874869108200073242e+00
6.979066371917724609e+00
6.913626670837402344e+00
6.913517475128173828e+00
6.881038904190063477e+00
6.940283298492431641e+00
6.854812383651733398e+00
6.848067760467529297e+00
6.921419620513916016e+00
6.862465381622314453e+00
6.918748617172241211e+00
6.890386581420898438e+00
6.965790748596191406e+00
6.851695537567138672e+00
6.901549100875854492e+00
6.929934263229370117e+00
6.922776699066162109e+00
6.878111600875854492e+00
6.838114261627197266e+00
6.868097305297851562e+00
6.919279098510742188e+00
6.905273199081420898e+00
6.911141633987426758e+00
6.867260694503784180e+00
6.918745040893554688e+00
6.859024524688720703e+00
6.938055276870727539e+00
6.917765617370605469e+00
6.869613170623779297e+00
6.896499156951904297e+00
6.898120164871215820e+00
