4.000000000000000000e+01
6.400000000000000000e+01
1.020000000000000000e+02
3.000000000000000000e+01
1.620000000000000000e+02
3.600000000000000000e+01
1.440000000000000000e+02
3.000000000000000000e+01
9.900000000000000000e+01
1.120000000000000000e+02
5.800000000000000000e+01
1.560000000000000000e+02
3.200000000000000000e+01
1.960000000000000000e+02
2.400000000000000000e+01
1.420000000000000000e+02
6.000000000000000000e+01
8.400000000000000000e+01
1.400000000000000000e+02
4.900000000000000000e+01
1.800000000000000000e+02
3.000000000000000000e+01
1.380000000000000000e+02
4.800000000000000000e+01
1.040000000000000000e+02
1.120000000000000000e+02
5.400000000000000000e+01
2.140000000000000000e+02
2.400000000000000000e+01
2.100000000000000000e+02
4.000000000000000000e+01
1.880000000000000000e+02
5.000000000000000000e+01
9.400000000000000000e+01
9.400000000000000000e+01
6.400000000000000000e+01
1.700000000000000000e+02
3.400000000000000000e+01
2.240000000000000000e+02
4.000000000000000000e+01
1.820000000000000000e+02
