2.863000000000000000e+03
7.670000000000000000e+02
5.287000000000000000e+03
6.180000000000000000e+02
5.925000000000000000e+03
2.810000000000000000e+02
4.867000000000000000e+03
2.690000000000000000e+02
3.665000000000000000e+03
9.070000000000000000e+02
1.677000000000000000e+03
3.233000000000000000e+03
8.560000000000000000e+02
5.241000000000000000e+03
7.130000000000000000e+02
6.585000000000000000e+03
4.910000000000000000e+02
5.748000000000000000e+03
2.790000000000000000e+02
4.015000000000000000e+03
8.100000000000000000e+02
1.880000000000000000e+03
2.439000000000000000e+03
7.490000000000000000e+02
4.465000000000000000e+03
6.110000000000000000e+02
5.171000000000000000e+03
3.590000000000000000e+02
4.559000000000000000e+03
2.300000000000000000e+02
3.410000000000000000e+03
1.141000000000000000e+03
1.091000000000000000e+03
2.565000000000000000e+03
6.570000000000000000e+02
4.781000000000000000e+03
2.630000000000000000e+02
3.465000000000000000e+03
6.730000000000000000e+02
2.156000000000000000e+03
1.831000000000000000e+03
