5.633802816901408578e-02
8.988764044943819975e-02
5.434782608695652023e-02
1.600000000000000033e-02
7.272727272727272374e-02
6.122448979591836593e-02
5.929919137466307250e-02
4.428044280442804126e-02
1.403508771929824483e-01
1.411764705882352922e-01
5.517241379310344751e-02
4.341085271317829397e-02
1.086956521739130405e-01
1.250000000000000069e-02
6.419753086419753563e-02
2.486678507992895124e-02
5.487804878048780505e-02
8.955223880597014408e-02
1.238938053097345116e-01
3.389830508474576259e-02
1.930147058823529493e-02
7.547169811320754429e-02
6.185567010309278579e-02
2.583979328165374525e-02
1.699716713881019997e-02
3.091557669441141395e-02
1.090909090909090856e-01
1.204819277108433728e-01
3.532608695652173642e-02
1.464128843338213803e-02
2.214022140221402063e-02
1.348314606741572996e-01
1.265822784810126667e-01
2.850877192982455982e-02
3.431839847473784622e-02
3.061224489795918297e-02
7.792207792207792028e-02
1.250000000000000000e-01
2.620087336244541348e-02
7.000000000000000666e-02
2.571711177052423206e-02
4.271844660194174664e-02
1.052631578947368363e-01
3.785488958990536335e-02
4.395604395604395948e-02
2.592016588906169081e-02
1.560062402496099898e-02
2.409638554216867595e-02
6.451612903225806273e-02
2.099737532808398921e-02
1.450777202072538880e-02
3.059805285118219823e-02
3.595505617977528406e-02
1.846153846153846256e-01
1.438109912686183836e-02
3.588907014681892022e-02
3.116883116883116880e-02
6.232294617563739064e-02
1.219512195121951262e-02
2.359882005899704982e-02
3.174603174603174427e-02
