1.500000000000000000e+02
1.280000000000000000e+02
1.660000000000000000e+02
1.280000000000000000e+02
1.520000000000000000e+02
1.600000000000000000e+02
1.620000000000000000e+02
1.640000000000000000e+02
1.580000000000000000e+02
1.580000000000000000e+02
1.720000000000000000e+02
2.160000000000000000e+02
1.680000000000000000e+02
1.720000000000000000e+02
2.480000000000000000e+02
1.660000000000000000e+02
2.100000000000000000e+02
2.200000000000000000e+02
2.340000000000000000e+02
1.880000000000000000e+02
1.860000000000000000e+02
2.300000000000000000e+02
2.060000000000000000e+02
2.000000000000000000e+02
1.880000000000000000e+02
2.500000000000000000e+02
2.220000000000000000e+02
2.000000000000000000e+02
2.200000000000000000e+02
1.700000000000000000e+02
1.460000000000000000e+02
1.700000000000000000e+02
1.760000000000000000e+02
1.540000000000000000e+02
1.520000000000000000e+02
1.520000000000000000e+02
1.220000000000000000e+02
1.380000000000000000e+02
1.580000000000000000e+02
1.240000000000000000e+02
1.500000000000000000e+02
