1.162403774261474609e+01
1.153333663940429688e+01
1.150154781341552734e+01
1.160465836524963379e+01
1.158368444442749023e+01
1.153939294815063477e+01
1.157354927062988281e+01
1.152791833877563477e+01
1.152737593650817871e+01
1.153250837326049805e+01
1.147491025924682617e+01
1.160652256011962891e+01
1.156823468208312988e+01
1.167047142982482910e+01
1.151535463333129883e+01
1.155822944641113281e+01
1.153240656852722168e+01
1.155448436737060547e+01
1.153814840316772461e+01
1.153691864013671875e+01
1.147456192970275879e+01
1.146986436843872070e+01
1.158012747764587402e+01
1.158581018447875977e+01
1.158500528335571289e+01
1.141862940788269043e+01
1.153670501708984375e+01
1.149227452278137207e+01
1.159116911888122559e+01
1.148720407485961914e+01
1.264104628562927246e+01
1.148139595985412598e+01
1.149142527580261230e+01
1.148333501815795898e+01
1.169115900993347168e+01
1.155830097198486328e+01
1.147609472274780273e+01
1.152228808403015137e+01
1.154196476936340332e+01
1.148940300941467285e+01
1.160069775581359863e+01
1.152831006050109863e+01
1.142933273315429688e+01
1.158472967147827148e+01
1.152961969375610352e+01
1.153558325767517090e+01
1.151466417312622070e+01
1.152500629425048828e+01
1.147736477851867676e+01
1.149673771858215332e+01
1.148973679542541504e+01
1.151232576370239258e+01
1.152697634696960449e+01
1.178512382507324219e+01
1.152108263969421387e+01
1.152785587310791016e+01
1.154917716979980469e+01
1.146791243553161621e+01
1.142995619773864746e+01
1.167826509475708008e+01
1.151170182228088379e+01
1.145033407211303711e+01
1.154325819015502930e+01
1.141440820693969727e+01
1.151159954071044922e+01
1.154327487945556641e+01
1.151632642745971680e+01
1.147019648551940918e+01
1.154468178749084473e+01
1.154715633392333984e+01
1.139645338058471680e+01
1.153382301330566406e+01
1.148528361320495605e+01
1.145149612426757812e+01
1.147901821136474609e+01
1.145727348327636719e+01
1.151102781295776367e+01
1.149252533912658691e+01
1.148463344573974609e+01
1.158732843399047852e+01
1.148677349090576172e+01
1.151608514785766602e+01
1.156738615036010742e+01
1.153748536109924316e+01
1.157402324676513672e+01
1.153194737434387207e+01
1.163435816764831543e+01
1.159076642990112305e+01
1.148591542243957520e+01
1.152991795539855957e+01
1.153868150711059570e+01
1.157072925567626953e+01
1.159731674194335938e+01
1.150676846504211426e+01
1.157464313507080078e+01
1.146970248222351074e+01
1.145307564735412598e+01
1.147140789031982422e+01
1.151968407630920410e+01
1.154069066047668457e+01
1.149504780769348145e+01
1.148306012153625488e+01
1.168442606925964355e+01
1.145944046974182129e+01
1.158294367790222168e+01
1.151205182075500488e+01
1.154888248443603516e+01
1.154023218154907227e+01
1.160678768157958984e+01
1.153572702407836914e+01
1.152833247184753418e+01
1.158223438262939453e+01
1.142734384536743164e+01
1.155556726455688477e+01
1.155204081535339355e+01
1.149462723731994629e+01
1.154941558837890625e+01
1.154915380477905273e+01
1.151583743095397949e+01
1.154976701736450195e+01
1.157468366622924805e+01
1.155721163749694824e+01
1.156825327873229980e+01
1.157393884658813477e+01
1.158239221572875977e+01
1.154805016517639160e+01
1.152836489677429199e+01
1.154749798774719238e+01
1.160004806518554688e+01
1.173725485801696777e+01
1.155847144126892090e+01
1.153488993644714355e+01
1.167707514762878418e+01
1.158777809143066406e+01
1.159346771240234375e+01
1.148803806304931641e+01
1.155079197883605957e+01
1.151184797286987305e+01
1.155195212364196777e+01
1.151688623428344727e+01
1.154743862152099609e+01
1.148000359535217285e+01
1.156843900680541992e+01
1.158086347579956055e+01
1.146680331230163574e+01
1.154387760162353516e+01
1.145140957832336426e+01
1.168655037879943848e+01
1.152070999145507812e+01
1.153468585014343262e+01
1.157742238044738770e+01
1.167271566390991211e+01
1.153210473060607910e+01
1.156303763389587402e+01
1.143671131134033203e+01
1.151738524436950684e+01
1.153615880012512207e+01
1.157196927070617676e+01
1.150977635383605957e+01
1.171450924873352051e+01
1.155049824714660645e+01
1.148597049713134766e+01
1.156309175491333008e+01
1.148908638954162598e+01
1.148770284652709961e+01
1.172472238540649414e+01
1.150801396369934082e+01
1.144503211975097656e+01
1.155440998077392578e+01
1.153542494773864746e+01
1.159438276290893555e+01
1.159458208084106445e+01
1.152992868423461914e+01
1.149599909782409668e+01
1.155508446693420410e+01
1.141420197486877441e+01
1.141402435302734375e+01
1.167938733100891113e+01
1.149452066421508789e+01
1.145967507362365723e+01
1.151470398902893066e+01
2.207212662696838379e+01
1.147447276115417480e+01
1.151545047760009766e+01
1.165221357345581055e+01
1.151060938835144043e+01
1.147137379646301270e+01
1.151271939277648926e+01
1.165248560905456543e+01
1.157716870307922363e+01
1.146431636810302734e+01
1.152415609359741211e+01
1.167787790298461914e+01
1.155864667892456055e+01
1.163926863670349121e+01
1.158560013771057129e+01
1.154646778106689453e+01
1.148113989830017090e+01
1.152340435981750488e+01
1.163712859153747559e+01
1.149946570396423340e+01
1.143875336647033691e+01
1.158762979507446289e+01
1.163820981979370117e+01
1.153324866294860840e+01
1.156119775772094727e+01
1.153474855422973633e+01
1.158009862899780273e+01
1.149678039550781250e+01
1.156683802604675293e+01
1.153048658370971680e+01
1.155380463600158691e+01
1.155472755432128906e+01
1.152567172050476074e+01
1.167834496498107910e+01
1.143375182151794434e+01
1.167253971099853516e+01
1.157601547241210938e+01
1.155884909629821777e+01
1.154485702514648438e+01
1.151262497901916504e+01
1.158585429191589355e+01
1.156874895095825195e+01
1.153943085670471191e+01
1.151756000518798828e+01
1.152248358726501465e+01
1.158439540863037109e+01
1.153829216957092285e+01
1.157224392890930176e+01
1.155178666114807129e+01
1.165586280822753906e+01
1.152513194084167480e+01
1.152128386497497559e+01
1.159637904167175293e+01
1.152576303482055664e+01
1.154576230049133301e+01
1.158641862869262695e+01
1.160665512084960938e+01
1.150419950485229492e+01
1.150867390632629395e+01
1.152489733695983887e+01
