2.130000000000000000e+02
5.700000000000000000e+01
6.500000000000000000e+01
7.300000000000000000e+01
9.100000000000000000e+01
9.600000000000000000e+01
8.500000000000000000e+01
1.150000000000000000e+02
9.900000000000000000e+01
1.010000000000000000e+02
1.070000000000000000e+02
1.150000000000000000e+02
1.290000000000000000e+02
1.200000000000000000e+02
1.310000000000000000e+02
1.150000000000000000e+02
1.290000000000000000e+02
1.470000000000000000e+02
1.300000000000000000e+02
1.650000000000000000e+02
1.310000000000000000e+02
1.590000000000000000e+02
1.510000000000000000e+02
1.840000000000000000e+02
1.870000000000000000e+02
1.950000000000000000e+02
2.270000000000000000e+02
2.230000000000000000e+02
1.730000000000000000e+02
2.130000000000000000e+02
2.270000000000000000e+02
2.670000000000000000e+02
3.050000000000000000e+02
3.390000000000000000e+02
4.330000000000000000e+02
5.850000000000000000e+02
5.900000000000000000e+01
5.100000000000000000e+01
5.290000000000000000e+02
8.310000000000000000e+02
1.245000000000000000e+03
5.440000000000000000e+02
6.200000000000000000e+01
9.500000000000000000e+01
1.373000000000000000e+03
3.729000000000000000e+03
2.779000000000000000e+03
2.050000000000000000e+02
7.100000000000000000e+01
1.683000000000000000e+03
2.333000000000000000e+03
9.590000000000000000e+02
2.730000000000000000e+02
6.500000000000000000e+01
2.875000000000000000e+03
9.530000000000000000e+02
4.040000000000000000e+02
6.300000000000000000e+01
1.941000000000000000e+03
5.070000000000000000e+02
5.390000000000000000e+02
