1.111111111111111049e-01
6.250000000000000000e-02
2.298850574712643646e-02
0.000000000000000000e+00
2.531645569620253125e-02
2.321428571428571508e-01
2.298850574712643646e-02
4.494382022471909988e-02
7.792207792207792028e-02
0.000000000000000000e+00
6.153846153846154188e-02
5.333333333333333676e-02
1.212121212121212155e-01
4.301075268817204644e-02
1.269841269841269771e-01
9.345794392523364136e-02
1.052631578947368363e-01
6.315789473684210731e-02
1.159420289855072478e-01
4.444444444444444614e-02
7.766990291262135249e-02
6.315789473684210731e-02
1.456953642384105907e-01
1.350482315112540299e-01
0.000000000000000000e+00
0.000000000000000000e+00
0.000000000000000000e+00
0.000000000000000000e+00
3.174603174603174427e-02
9.142857142857142849e-02
5.940594059405940319e-02
1.452859350850077280e-01
1.078144588382783098e-01
0.000000000000000000e+00
1.008403361344537841e-01
3.864734299516908028e-02
9.448818897637795144e-02
1.032258064516129031e-01
6.504065040650407192e-02
0.000000000000000000e+00
6.140350877192982115e-02
1.359223300970873738e-01
1.318681318681318715e-01
1.022727272727272790e-01
8.695652173913043237e-02
4.597701149425287293e-02
9.876543209876542662e-02
0.000000000000000000e+00
6.315789473684210731e-02
4.819277108433735191e-02
5.090909090909091078e-02
1.093750000000000000e-01
5.333333333333333676e-02
0.000000000000000000e+00
0.000000000000000000e+00
0.000000000000000000e+00
5.633802816901408578e-02
0.000000000000000000e+00
2.739726027397260122e-02
5.063291139240506250e-02
5.479452054794520244e-02
