2.726000000000000000e+03
2.842000000000000000e+03
2.862000000000000000e+03
2.684000000000000000e+03
2.778000000000000000e+03
2.737000000000000000e+03
2.872000000000000000e+03
2.796000000000000000e+03
2.694000000000000000e+03
2.668000000000000000e+03
2.750000000000000000e+03
2.712000000000000000e+03
2.682000000000000000e+03
2.592000000000000000e+03
2.788000000000000000e+03
2.832000000000000000e+03
2.780000000000000000e+03
2.882000000000000000e+03
2.775000000000000000e+03
2.600000000000000000e+03
2.788000000000000000e+03
2.846000000000000000e+03
2.705000000000000000e+03
2.798000000000000000e+03
2.611000000000000000e+03
2.822000000000000000e+03
2.722000000000000000e+03
2.758000000000000000e+03
2.876000000000000000e+03
2.862000000000000000e+03
2.609000000000000000e+03
2.762000000000000000e+03
2.598000000000000000e+03
2.640000000000000000e+03
2.634000000000000000e+03
2.769000000000000000e+03
2.530000000000000000e+03
2.514000000000000000e+03
2.608000000000000000e+03
2.500000000000000000e+03
2.637000000000000000e+03
2.478000000000000000e+03
2.474000000000000000e+03
2.516000000000000000e+03
2.492000000000000000e+03
2.404000000000000000e+03
2.436000000000000000e+03
2.484000000000000000e+03
2.358000000000000000e+03
2.384000000000000000e+03
2.132000000000000000e+03
2.232000000000000000e+03
2.284000000000000000e+03
2.422000000000000000e+03
2.288000000000000000e+03
2.313000000000000000e+03
2.286000000000000000e+03
2.218000000000000000e+03
2.112000000000000000e+03
1.920000000000000000e+03
1.390000000000000000e+03
1.550000000000000000e+03
1.700000000000000000e+03
1.708000000000000000e+03
1.980000000000000000e+03
2.056000000000000000e+03
1.913000000000000000e+03
1.712000000000000000e+03
1.310000000000000000e+03
1.484000000000000000e+03
1.108000000000000000e+03
1.138000000000000000e+03
1.202000000000000000e+03
1.506000000000000000e+03
1.498000000000000000e+03
1.954000000000000000e+03
2.038000000000000000e+03
2.040000000000000000e+03
2.110000000000000000e+03
2.328000000000000000e+03
2.386000000000000000e+03
2.562000000000000000e+03
2.562000000000000000e+03
2.630000000000000000e+03
2.598000000000000000e+03
2.554000000000000000e+03
2.646000000000000000e+03
2.599000000000000000e+03
2.682000000000000000e+03
2.692000000000000000e+03
3.525000000000000000e+03
2.718000000000000000e+03
2.770000000000000000e+03
2.690000000000000000e+03
2.756000000000000000e+03
2.740000000000000000e+03
2.334000000000000000e+03
1.356000000000000000e+03
2.030000000000000000e+03
2.552000000000000000e+03
2.850000000000000000e+03
2.910000000000000000e+03
2.827000000000000000e+03
2.712000000000000000e+03
2.826000000000000000e+03
2.842000000000000000e+03
2.826000000000000000e+03
2.756000000000000000e+03
2.756000000000000000e+03
2.788000000000000000e+03
2.802000000000000000e+03
2.928000000000000000e+03
2.922000000000000000e+03
2.812000000000000000e+03
2.885000000000000000e+03
2.850000000000000000e+03
2.930000000000000000e+03
2.826000000000000000e+03
2.834000000000000000e+03
2.760000000000000000e+03
2.690000000000000000e+03
2.690000000000000000e+03
2.772000000000000000e+03
2.686000000000000000e+03
2.850000000000000000e+03
2.824000000000000000e+03
2.810000000000000000e+03
2.782000000000000000e+03
2.766000000000000000e+03
2.844000000000000000e+03
2.822000000000000000e+03
2.780000000000000000e+03
2.882000000000000000e+03
2.874000000000000000e+03
2.674000000000000000e+03
2.710000000000000000e+03
2.826000000000000000e+03
2.856000000000000000e+03
2.830000000000000000e+03
2.740000000000000000e+03
2.728000000000000000e+03
2.738000000000000000e+03
2.832000000000000000e+03
2.824000000000000000e+03
2.879000000000000000e+03
2.734000000000000000e+03
2.805000000000000000e+03
2.774000000000000000e+03
2.612000000000000000e+03
2.812000000000000000e+03
2.758000000000000000e+03
2.848000000000000000e+03
2.736000000000000000e+03
2.706000000000000000e+03
2.692000000000000000e+03
2.638000000000000000e+03
2.696000000000000000e+03
2.682000000000000000e+03
2.632000000000000000e+03
2.642000000000000000e+03
2.620000000000000000e+03
2.522000000000000000e+03
2.622000000000000000e+03
2.506000000000000000e+03
2.520000000000000000e+03
2.476000000000000000e+03
2.454000000000000000e+03
2.563000000000000000e+03
2.534000000000000000e+03
2.652000000000000000e+03
2.522000000000000000e+03
2.428000000000000000e+03
2.394000000000000000e+03
2.204000000000000000e+03
2.018000000000000000e+03
1.348000000000000000e+03
4.200000000000000000e+02
1.672000000000000000e+03
1.879000000000000000e+03
1.998000000000000000e+03
2.204000000000000000e+03
2.226000000000000000e+03
2.354000000000000000e+03
2.374000000000000000e+03
2.516000000000000000e+03
2.594000000000000000e+03
2.458000000000000000e+03
2.564000000000000000e+03
2.566000000000000000e+03
2.698000000000000000e+03
2.814000000000000000e+03
2.798000000000000000e+03
2.629000000000000000e+03
2.708000000000000000e+03
2.560000000000000000e+03
2.532000000000000000e+03
2.536000000000000000e+03
2.580000000000000000e+03
2.296000000000000000e+03
1.896000000000000000e+03
2.258000000000000000e+03
2.578000000000000000e+03
2.600000000000000000e+03
2.682000000000000000e+03
2.520000000000000000e+03
2.544000000000000000e+03
2.264000000000000000e+03
2.484000000000000000e+03
2.538000000000000000e+03
2.227000000000000000e+03
2.412000000000000000e+03
2.390000000000000000e+03
2.594000000000000000e+03
2.777000000000000000e+03
2.784000000000000000e+03
2.788000000000000000e+03
2.680000000000000000e+03
2.926000000000000000e+03
2.905000000000000000e+03
2.840000000000000000e+03
2.926000000000000000e+03
2.706000000000000000e+03
2.826000000000000000e+03
2.828000000000000000e+03
2.890000000000000000e+03
2.868000000000000000e+03
2.946000000000000000e+03
2.844000000000000000e+03
2.864000000000000000e+03
2.864000000000000000e+03
2.804000000000000000e+03
2.784000000000000000e+03
2.744000000000000000e+03
2.568000000000000000e+03
2.506000000000000000e+03
2.766000000000000000e+03
2.730000000000000000e+03
2.730000000000000000e+03
2.758000000000000000e+03
2.770000000000000000e+03
2.882000000000000000e+03
