9.740000000000000000e+03
1.107700000000000000e+04
1.139900000000000000e+04
1.160900000000000000e+04
1.164700000000000000e+04
1.191100000000000000e+04
1.159100000000000000e+04
1.163500000000000000e+04
1.189700000000000000e+04
1.180700000000000000e+04
1.172100000000000000e+04
1.163500000000000000e+04
1.179100000000000000e+04
1.151500000000000000e+04
1.134300000000000000e+04
1.140500000000000000e+04
1.102100000000000000e+04
1.131500000000000000e+04
1.067900000000000000e+04
1.096100000000000000e+04
1.078900000000000000e+04
1.058900000000000000e+04
1.079700000000000000e+04
1.041900000000000000e+04
1.000900000000000000e+04
1.034300000000000000e+04
9.857000000000000000e+03
9.783000000000000000e+03
9.731000000000000000e+03
1.022200000000000000e+04
9.731000000000000000e+03
8.951000000000000000e+03
8.573000000000000000e+03
7.687000000000000000e+03
7.265000000000000000e+03
7.707000000000000000e+03
7.651000000000000000e+03
7.937000000000000000e+03
7.653000000000000000e+03
7.585000000000000000e+03
6.891000000000000000e+03
6.623000000000000000e+03
6.241000000000000000e+03
6.041000000000000000e+03
5.546000000000000000e+03
5.732000000000000000e+03
5.509000000000000000e+03
5.643000000000000000e+03
4.879000000000000000e+03
5.011000000000000000e+03
4.799000000000000000e+03
4.543000000000000000e+03
4.733000000000000000e+03
4.301000000000000000e+03
4.195000000000000000e+03
4.257000000000000000e+03
4.255000000000000000e+03
4.030000000000000000e+03
3.865000000000000000e+03
3.791000000000000000e+03
3.567000000000000000e+03
3.487000000000000000e+03
3.759000000000000000e+03
3.593000000000000000e+03
3.679000000000000000e+03
3.411000000000000000e+03
3.655000000000000000e+03
3.439000000000000000e+03
3.345000000000000000e+03
3.319000000000000000e+03
3.317000000000000000e+03
3.181000000000000000e+03
2.967000000000000000e+03
3.252000000000000000e+03
2.887000000000000000e+03
3.057000000000000000e+03
3.092000000000000000e+03
3.231000000000000000e+03
3.061000000000000000e+03
3.113000000000000000e+03
3.053000000000000000e+03
3.043000000000000000e+03
2.941000000000000000e+03
2.791000000000000000e+03
3.135000000000000000e+03
2.901000000000000000e+03
2.849000000000000000e+03
2.941000000000000000e+03
2.869000000000000000e+03
2.825000000000000000e+03
2.785000000000000000e+03
2.851000000000000000e+03
2.765000000000000000e+03
2.869000000000000000e+03
2.693000000000000000e+03
2.929000000000000000e+03
2.887000000000000000e+03
2.962000000000000000e+03
2.721000000000000000e+03
2.683000000000000000e+03
2.663000000000000000e+03
2.699000000000000000e+03
2.683000000000000000e+03
2.768000000000000000e+03
2.650000000000000000e+03
2.607000000000000000e+03
2.559000000000000000e+03
2.407000000000000000e+03
2.543000000000000000e+03
2.658000000000000000e+03
2.593000000000000000e+03
2.613000000000000000e+03
2.683000000000000000e+03
2.721000000000000000e+03
2.701000000000000000e+03
2.718000000000000000e+03
2.648000000000000000e+03
2.655000000000000000e+03
2.609000000000000000e+03
2.613000000000000000e+03
2.517000000000000000e+03
2.775000000000000000e+03
2.457000000000000000e+03
2.553000000000000000e+03
2.435000000000000000e+03
2.647000000000000000e+03
2.573000000000000000e+03
2.435000000000000000e+03
2.501000000000000000e+03
2.339000000000000000e+03
2.255000000000000000e+03
2.117000000000000000e+03
2.343000000000000000e+03
2.352000000000000000e+03
2.395000000000000000e+03
2.309000000000000000e+03
2.367000000000000000e+03
2.374000000000000000e+03
2.467000000000000000e+03
2.245000000000000000e+03
2.295000000000000000e+03
2.187000000000000000e+03
2.265000000000000000e+03
2.411000000000000000e+03
2.295000000000000000e+03
2.455000000000000000e+03
2.467000000000000000e+03
2.337000000000000000e+03
2.354000000000000000e+03
2.331000000000000000e+03
2.257000000000000000e+03
2.335000000000000000e+03
2.365000000000000000e+03
2.481000000000000000e+03
2.433000000000000000e+03
2.333000000000000000e+03
2.451000000000000000e+03
2.503000000000000000e+03
2.322000000000000000e+03
2.267000000000000000e+03
2.397000000000000000e+03
2.443000000000000000e+03
2.263000000000000000e+03
2.403000000000000000e+03
2.235000000000000000e+03
2.355000000000000000e+03
2.313000000000000000e+03
2.389000000000000000e+03
2.467000000000000000e+03
2.297000000000000000e+03
2.305000000000000000e+03
2.367000000000000000e+03
2.273000000000000000e+03
2.309000000000000000e+03
2.369000000000000000e+03
2.193000000000000000e+03
2.337000000000000000e+03
2.155000000000000000e+03
2.257000000000000000e+03
2.186000000000000000e+03
1.963000000000000000e+03
2.135000000000000000e+03
2.153000000000000000e+03
2.037000000000000000e+03
2.111000000000000000e+03
2.241000000000000000e+03
2.221000000000000000e+03
2.125000000000000000e+03
2.119000000000000000e+03
2.133000000000000000e+03
2.283000000000000000e+03
2.203000000000000000e+03
2.223000000000000000e+03
2.204000000000000000e+03
2.027000000000000000e+03
2.125000000000000000e+03
2.137000000000000000e+03
2.057000000000000000e+03
2.025000000000000000e+03
2.223000000000000000e+03
1.973000000000000000e+03
2.029000000000000000e+03
2.017000000000000000e+03
1.882000000000000000e+03
1.923000000000000000e+03
1.917000000000000000e+03
1.827000000000000000e+03
2.031000000000000000e+03
1.955000000000000000e+03
2.053000000000000000e+03
2.053000000000000000e+03
1.969000000000000000e+03
2.221000000000000000e+03
1.961000000000000000e+03
1.865000000000000000e+03
1.853000000000000000e+03
2.141000000000000000e+03
2.061000000000000000e+03
1.974000000000000000e+03
1.895000000000000000e+03
2.097000000000000000e+03
2.171000000000000000e+03
2.117000000000000000e+03
2.017000000000000000e+03
2.319000000000000000e+03
2.263000000000000000e+03
2.051000000000000000e+03
2.175000000000000000e+03
1.991000000000000000e+03
2.109000000000000000e+03
2.077000000000000000e+03
2.121000000000000000e+03
2.177000000000000000e+03
2.031000000000000000e+03
2.099000000000000000e+03
2.021000000000000000e+03
1.977000000000000000e+03
1.935000000000000000e+03
1.843000000000000000e+03
1.897000000000000000e+03
2.029000000000000000e+03
