6.957802772521972656e+00
6.880225419998168945e+00
6.944239854812622070e+00
6.919881582260131836e+00
6.937509059906005859e+00
6.824941158294677734e+00
6.851808547973632812e+00
6.948052406311035156e+00
6.920932054519653320e+00
6.907306194305419922e+00
6.903370380401611328e+00
6.929613828659057617e+00
6.859012842178344727e+00
6.890882730484008789e+00
6.875810623168945312e+00
6.949618339538574219e+00
6.877010583877563477e+00
6.899857997894287109e+00
6.928842067718505859e+00
6.882681608200073242e+00
6.938869476318359375e+00
6.900508642196655273e+00
6.901868820190429688e+00
6.916604995727539062e+00
6.894606113433837891e+00
6.920195579528808594e+00
6.948649883270263672e+00
6.887956857681274414e+00
6.902739048004150391e+00
6.887469291687011719e+00
6.912364959716796875e+00
6.855126380920410156e+00
6.863023996353149414e+00
6.932029247283935547e+00
6.958240509033203125e+00
6.842887878417968750e+00
6.876822948455810547e+00
6.911022663116455078e+00
6.870898246765136719e+00
6.878346920013427734e+00
6.898879289627075195e+00
