1.104800000000000004e+01
1.104499999999999993e+01
1.104800000000000004e+01
1.104800000000000004e+01
1.104499999999999993e+01
1.104499999999999993e+01
1.104400000000000048e+01
1.104400000000000048e+01
1.104400000000000048e+01
1.104800000000000004e+01
1.104499999999999993e+01
1.104499999999999993e+01
1.104400000000000048e+01
1.104299999999999926e+01
1.104499999999999993e+01
1.104499999999999993e+01
1.104700000000000060e+01
1.104299999999999926e+01
1.104499999999999993e+01
1.104800000000000004e+01
1.102999999999999936e+01
1.102999999999999936e+01
1.103400000000000070e+01
1.103400000000000070e+01
1.103299999999999947e+01
1.103700000000000081e+01
1.103700000000000081e+01
1.103599999999999959e+01
1.103800000000000026e+01
1.102899999999999991e+01
1.103599999999999959e+01
1.103400000000000070e+01
1.103200000000000003e+01
1.103200000000000003e+01
1.102999999999999936e+01
1.103599999999999959e+01
1.103700000000000081e+01
1.103400000000000070e+01
1.103599999999999959e+01
1.103400000000000070e+01
1.103599999999999959e+01
