1.079899999999999949e+01
1.080100000000000016e+01
1.079700000000000060e+01
1.079899999999999949e+01
1.079899999999999949e+01
1.080199999999999960e+01
1.080199999999999960e+01
1.080499999999999972e+01
1.080300000000000082e+01
1.080300000000000082e+01
1.079899999999999949e+01
1.079400000000000048e+01
1.079899999999999949e+01
1.080100000000000016e+01
1.079899999999999949e+01
1.076500000000000057e+01
1.076699999999999946e+01
1.076800000000000068e+01
1.076699999999999946e+01
1.076399999999999935e+01
1.076399999999999935e+01
1.076699999999999946e+01
1.076699999999999946e+01
1.076699999999999946e+01
1.076399999999999935e+01
1.076800000000000068e+01
1.076399999999999935e+01
1.075999999999999979e+01
1.076299999999999990e+01
1.076699999999999946e+01
1.076399999999999935e+01
1.076699999999999946e+01
1.076699999999999946e+01
1.076900000000000013e+01
1.076900000000000013e+01
1.076500000000000057e+01
1.076999999999999957e+01
1.076399999999999935e+01
1.076900000000000013e+01
1.076800000000000068e+01
1.076900000000000013e+01
