1.825095057034220591e-02
5.657237936772046422e-02
2.568883364408535222e-02
1.320132013201320009e-01
1.703358508757833734e-02
3.798670465337131846e-02
1.954951126221844346e-02
2.668962548428755951e-02
1.058201058201058142e-01
1.982160555004955360e-02
4.500703234880450154e-02
1.881950384944396787e-02
6.461538461538461620e-02
1.940123766516139991e-02
3.036576949620427984e-02
7.591240875912408370e-02
1.962227127790041811e-02
2.588996763754045430e-02
1.978055941894606845e-02
2.162162162162162282e-02
2.549182599057910753e-02
2.706621556307394968e-02
1.552511415525114069e-01
2.707611028561994482e-02
2.773497688751926094e-02
1.969411271736853236e-02
3.267528931245745200e-02
9.771986970684039264e-02
2.208127789523138193e-02
7.459207459207459201e-02
2.410560550985268655e-02
5.718585402558314795e-02
5.853174603174603197e-02
2.301184433164128740e-02
8.583690987124463490e-02
1.723189734188817698e-02
3.773584905660377214e-02
2.007909948281107540e-02
2.508780732563973756e-02
1.421319796954314818e-01
1.864975755315180853e-02
