6.976290225982666016e+00
6.870830059051513672e+00
6.960208654403686523e+00
6.933992147445678711e+00
6.876380681991577148e+00
6.873678445816040039e+00
6.893702507019042969e+00
6.893293857574462891e+00
6.858632326126098633e+00
6.861736774444580078e+00
6.925842761993408203e+00
6.938852071762084961e+00
6.862948656082153320e+00
6.893378734588623047e+00
6.847324132919311523e+00
6.863440990447998047e+00
6.916276454925537109e+00
6.901577472686767578e+00
6.920238256454467773e+00
6.852343320846557617e+00
6.896400690078735352e+00
6.908501863479614258e+00
6.905927658081054688e+00
6.918642759323120117e+00
6.850042581558227539e+00
6.853252887725830078e+00
6.915431261062622070e+00
6.864717245101928711e+00
6.883464813232421875e+00
6.940621137619018555e+00
6.950998067855834961e+00
6.852825164794921875e+00
6.921421051025390625e+00
6.945020437240600586e+00
6.902166843414306641e+00
6.941545248031616211e+00
6.881128311157226562e+00
6.929337024688720703e+00
6.862819671630859375e+00
6.907158851623535156e+00
6.877488136291503906e+00
