6.203000000000000000e+03
7.170000000000000000e+02
8.009000000000000000e+03
3.110000000000000000e+02
9.421000000000000000e+03
4.370000000000000000e+02
9.909000000000000000e+03
1.009000000000000000e+03
8.277000000000000000e+03
3.010000000000000000e+02
1.006500000000000000e+04
4.480000000000000000e+02
1.046200000000000000e+04
8.390000000000000000e+02
8.926000000000000000e+03
9.840000000000000000e+02
7.249000000000000000e+03
1.281000000000000000e+03
5.279000000000000000e+03
3.003000000000000000e+03
3.303000000000000000e+03
4.645000000000000000e+03
1.999000000000000000e+03
6.029000000000000000e+03
9.130000000000000000e+02
7.583000000000000000e+03
4.650000000000000000e+02
9.004000000000000000e+03
1.847000000000000000e+03
4.115000000000000000e+03
1.717000000000000000e+03
6.007000000000000000e+03
7.690000000000000000e+02
7.797000000000000000e+03
4.090000000000000000e+02
8.852000000000000000e+03
3.010000000000000000e+02
9.817000000000000000e+03
4.770000000000000000e+02
9.831000000000000000e+03
9.030000000000000000e+02
