6.887465238571166992e+00
6.872049808502197266e+00
6.863753318786621094e+00
6.882486104965209961e+00
6.938279628753662109e+00
6.923405408859252930e+00
6.864045381546020508e+00
6.937836170196533203e+00
6.903250694274902344e+00
6.885025262832641602e+00
6.911563873291015625e+00
6.933136463165283203e+00
6.886074542999267578e+00
6.870160818099975586e+00
6.905308485031127930e+00
6.946065664291381836e+00
6.866780996322631836e+00
6.918546676635742188e+00
6.949947834014892578e+00
6.917325496673583984e+00
6.898816347122192383e+00
6.881544351577758789e+00
6.926626443862915039e+00
6.867506504058837891e+00
6.909325361251831055e+00
6.919291973114013672e+00
6.944768190383911133e+00
6.850283384323120117e+00
6.846245050430297852e+00
6.915657043457031250e+00
6.924898147583007812e+00
6.849832534790039062e+00
6.879330158233642578e+00
6.889635562896728516e+00
6.953061342239379883e+00
6.803202152252197266e+00
6.844645977020263672e+00
6.924769401550292969e+00
6.845707893371582031e+00
6.934202194213867188e+00
6.894154310226440430e+00
