1.066200000000000081e+01
1.065900000000000070e+01
1.066300000000000026e+01
1.066300000000000026e+01
1.066799999999999926e+01
1.066200000000000081e+01
1.066399999999999970e+01
1.066699999999999982e+01
1.066200000000000081e+01
1.066300000000000026e+01
1.066799999999999926e+01
1.065799999999999947e+01
1.066799999999999926e+01
1.066300000000000026e+01
1.066399999999999970e+01
1.066000000000000014e+01
1.066499999999999915e+01
1.066300000000000026e+01
1.066499999999999915e+01
1.066399999999999970e+01
1.066200000000000081e+01
1.066499999999999915e+01
1.066200000000000081e+01
1.066799999999999926e+01
1.066000000000000014e+01
1.066300000000000026e+01
1.066699999999999982e+01
1.066499999999999915e+01
1.065799999999999947e+01
1.066300000000000026e+01
1.066300000000000026e+01
1.066300000000000026e+01
1.066300000000000026e+01
1.066000000000000014e+01
1.066300000000000026e+01
1.066300000000000026e+01
1.066300000000000026e+01
1.066399999999999970e+01
1.066399999999999970e+01
1.066399999999999970e+01
1.066000000000000014e+01
1.066300000000000026e+01
1.066200000000000081e+01
1.066000000000000014e+01
1.066699999999999982e+01
1.066000000000000014e+01
1.066499999999999915e+01
1.066300000000000026e+01
1.066499999999999915e+01
1.066499999999999915e+01
1.066300000000000026e+01
1.066499999999999915e+01
1.065099999999999980e+01
1.065700000000000003e+01
1.065399999999999991e+01
1.066200000000000081e+01
1.065399999999999991e+01
1.065700000000000003e+01
1.065700000000000003e+01
1.065900000000000070e+01
1.066000000000000014e+01
1.065900000000000070e+01
1.066000000000000014e+01
1.065700000000000003e+01
1.065900000000000070e+01
1.066200000000000081e+01
1.065900000000000070e+01
1.065799999999999947e+01
1.065900000000000070e+01
1.065799999999999947e+01
1.065900000000000070e+01
1.065700000000000003e+01
1.065900000000000070e+01
1.065700000000000003e+01
1.066000000000000014e+01
1.066000000000000014e+01
1.065900000000000070e+01
1.066000000000000014e+01
1.066200000000000081e+01
1.066399999999999970e+01
1.066000000000000014e+01
1.065700000000000003e+01
1.066399999999999970e+01
1.065900000000000070e+01
1.066000000000000014e+01
1.066399999999999970e+01
1.065799999999999947e+01
1.066200000000000081e+01
1.066000000000000014e+01
1.066399999999999970e+01
1.066300000000000026e+01
1.066200000000000081e+01
1.066399999999999970e+01
1.066399999999999970e+01
1.066200000000000081e+01
1.066300000000000026e+01
1.066399999999999970e+01
1.066200000000000081e+01
1.066000000000000014e+01
1.066300000000000026e+01
1.066200000000000081e+01
1.065900000000000070e+01
1.066399999999999970e+01
1.066200000000000081e+01
1.067999999999999972e+01
1.068099999999999916e+01
1.068099999999999916e+01
1.067999999999999972e+01
1.068099999999999916e+01
1.067900000000000027e+01
1.067699999999999960e+01
1.067900000000000027e+01
1.068299999999999983e+01
1.068399999999999928e+01
1.068399999999999928e+01
1.068299999999999983e+01
1.068500000000000050e+01
1.068099999999999916e+01
1.068299999999999983e+01
1.068500000000000050e+01
1.068399999999999928e+01
1.068500000000000050e+01
1.068399999999999928e+01
1.068599999999999994e+01
1.068599999999999994e+01
1.068500000000000050e+01
1.068599999999999994e+01
1.068500000000000050e+01
1.068299999999999983e+01
1.068399999999999928e+01
1.068299999999999983e+01
1.068399999999999928e+01
1.068500000000000050e+01
1.068900000000000006e+01
1.068800000000000061e+01
1.068800000000000061e+01
1.068500000000000050e+01
1.068599999999999994e+01
1.068900000000000006e+01
1.068800000000000061e+01
1.068599999999999994e+01
1.068500000000000050e+01
1.068800000000000061e+01
1.068599999999999994e+01
1.068599999999999994e+01
1.068399999999999928e+01
1.068900000000000006e+01
1.068800000000000061e+01
1.068800000000000061e+01
1.068500000000000050e+01
1.068800000000000061e+01
1.068500000000000050e+01
1.068500000000000050e+01
1.068599999999999994e+01
1.068800000000000061e+01
1.068099999999999916e+01
1.066799999999999926e+01
1.066799999999999926e+01
1.066900000000000048e+01
1.067300000000000004e+01
1.067200000000000060e+01
1.067300000000000004e+01
1.067500000000000071e+01
1.067200000000000060e+01
1.067300000000000004e+01
1.066999999999999993e+01
1.067200000000000060e+01
1.067500000000000071e+01
1.067399999999999949e+01
1.067399999999999949e+01
1.067200000000000060e+01
1.067500000000000071e+01
1.067699999999999960e+01
1.067399999999999949e+01
1.067399999999999949e+01
1.067500000000000071e+01
1.066999999999999993e+01
1.067500000000000071e+01
1.067399999999999949e+01
1.067500000000000071e+01
1.067800000000000082e+01
1.067500000000000071e+01
1.067300000000000004e+01
1.067300000000000004e+01
1.067500000000000071e+01
1.067699999999999960e+01
1.067800000000000082e+01
1.067399999999999949e+01
1.067399999999999949e+01
1.067500000000000071e+01
1.068099999999999916e+01
1.067699999999999960e+01
1.067900000000000027e+01
1.067900000000000027e+01
1.067399999999999949e+01
1.067699999999999960e+01
1.067699999999999960e+01
1.067500000000000071e+01
1.068099999999999916e+01
1.067699999999999960e+01
1.067800000000000082e+01
1.067300000000000004e+01
1.067699999999999960e+01
1.067699999999999960e+01
1.067300000000000004e+01
1.067699999999999960e+01
1.067900000000000027e+01
1.067900000000000027e+01
1.066900000000000048e+01
1.066699999999999982e+01
1.066900000000000048e+01
1.066499999999999915e+01
1.067099999999999937e+01
1.067300000000000004e+01
1.067200000000000060e+01
1.067099999999999937e+01
1.066900000000000048e+01
1.067099999999999937e+01
1.067200000000000060e+01
1.067200000000000060e+01
1.067099999999999937e+01
1.067699999999999960e+01
1.066799999999999926e+01
1.066900000000000048e+01
1.067099999999999937e+01
1.067500000000000071e+01
1.067500000000000071e+01
1.067300000000000004e+01
1.067500000000000071e+01
1.067500000000000071e+01
1.067300000000000004e+01
1.067500000000000071e+01
1.067099999999999937e+01
1.067699999999999960e+01
1.067600000000000016e+01
1.067699999999999960e+01
1.067500000000000071e+01
1.067300000000000004e+01
1.067200000000000060e+01
1.067999999999999972e+01
1.067699999999999960e+01
