7.090742820000000393e+02
7.090969609999999648e+02
7.090739770000000135e+02
7.090754630000000134e+02
7.090968659999999772e+02
7.090739399999999932e+02
7.090757869999999912e+02
7.090743489999999838e+02
7.090971339999999827e+02
7.090752159999999549e+02
7.090825019999999768e+02
7.090775200000000495e+02
7.090694959999999583e+02
7.090760539999999992e+02
7.090789280000000190e+02
7.091264660000000504e+02
7.090719259999999622e+02
7.090766230000000405e+02
7.090778549999999996e+02
7.090968100000000049e+02
7.090749039999999468e+02
7.090868560000000116e+02
7.090776980000000549e+02
7.090970039999999699e+02
7.090762029999999640e+02
7.090825499999999693e+02
7.090779039999999895e+02
7.090970519999999624e+02
7.090767720000000054e+02
7.090818940000000339e+02
7.090782430000000431e+02
7.090970190000000457e+02
7.090770390000000134e+02
7.090818510000000288e+02
7.090786259999999857e+02
7.090997919999999795e+02
7.090760539999999992e+02
7.090848120000000563e+02
7.090791130000000067e+02
7.091292690000000221e+02
7.090692480000000160e+02
7.090788669999999456e+02
7.090800930000000335e+02
7.090793740000000298e+02
7.091292670000000271e+02
7.090700570000000198e+02
7.090794260000000122e+02
7.090804540000000316e+02
7.090798569999999472e+02
7.090798899999999776e+02
7.091266309999999748e+02
7.090765300000000479e+02
7.090861830000000054e+02
7.090806029999999964e+02
7.090804210000000012e+02
7.090804799999999659e+02
7.090805639999999812e+02
7.090806589999999687e+02
7.090807600000000548e+02
7.090808650000000171e+02
7.090809659999999894e+02
