7.090762519999999540e+02
7.091275050000000419e+02
7.090740899999999556e+02
7.090752380000000130e+02
7.090753939999999602e+02
7.090754980000000387e+02
7.090756000000000085e+02
7.090756840000000238e+02
7.090757760000000189e+02
7.090758550000000469e+02
7.090759530000000268e+02
7.090760629999999765e+02
7.090761810000000196e+02
7.090762899999999718e+02
7.090763829999999643e+02
7.090764880000000403e+02
7.090765649999999596e+02
7.090974899999999934e+02
7.090676989999999478e+02
7.090764910000000327e+02
7.090770370000000185e+02
7.090771909999999707e+02
7.090776359999999841e+02
7.090976540000000341e+02
7.090718610000000126e+02
7.090772889999999506e+02
7.090776369999999815e+02
7.090778589999999895e+02
7.090777880000000550e+02
7.091274720000000116e+02
7.090762220000000298e+02
7.090780469999999696e+02
7.090782970000000205e+02
7.090780489999999645e+02
7.091303460000000314e+02
7.090752720000000409e+02
7.090784899999999880e+02
7.090789150000000518e+02
7.090783549999999877e+02
7.091303609999999935e+02
7.090759440000000495e+02
7.090790060000000494e+02
7.090871409999999742e+02
7.090784599999999500e+02
7.091274640000000318e+02
7.090776759999999967e+02
7.090795940000000428e+02
7.090824710000000550e+02
7.091269750000000158e+02
7.090772480000000542e+02
7.090800030000000334e+02
7.090815479999999980e+02
7.091272000000000162e+02
7.091276339999999436e+02
7.090796860000000379e+02
7.090807610000000523e+02
7.090782110000000102e+02
7.090976950000000443e+02
7.090734420000000000e+02
7.090806099999999788e+02
7.090851860000000215e+02
