8.000000000000000000e+00
2.000000000000000000e+00
2.000000000000000000e+00
2.000000000000000000e+00
2.000000000000000000e+00
4.000000000000000000e+00
0.000000000000000000e+00
2.000000000000000000e+00
2.000000000000000000e+00
8.000000000000000000e+00
0.000000000000000000e+00
4.000000000000000000e+00
4.000000000000000000e+00
2.000000000000000000e+00
4.000000000000000000e+00
4.000000000000000000e+00
6.000000000000000000e+00
8.000000000000000000e+00
4.000000000000000000e+00
9.000000000000000000e+00
5.000000000000000000e+00
8.000000000000000000e+00
4.000000000000000000e+00
3.000000000000000000e+00
6.000000000000000000e+00
1.200000000000000000e+01
1.400000000000000000e+01
1.100000000000000000e+01
1.000000000000000000e+01
8.000000000000000000e+00
1.800000000000000000e+01
2.000000000000000000e+01
2.200000000000000000e+01
3.000000000000000000e+01
4.000000000000000000e+01
6.100000000000000000e+01
5.800000000000000000e+01
6.600000000000000000e+01
6.200000000000000000e+01
8.200000000000000000e+01
7.800000000000000000e+01
9.400000000000000000e+01
1.720000000000000000e+02
3.200000000000000000e+01
2.000000000000000000e+00
1.000000000000000000e+01
3.020000000000000000e+02
4.240000000000000000e+02
2.880000000000000000e+02
2.460000000000000000e+02
5.600000000000000000e+01
0.000000000000000000e+00
1.800000000000000000e+01
1.900000000000000000e+02
1.360000000000000000e+02
6.800000000000000000e+01
4.200000000000000000e+01
2.000000000000000000e+00
2.190000000000000000e+02
5.000000000000000000e+01
2.600000000000000000e+01
