1.084848484848484895e-01
9.408602150537634379e-02
1.201529219006007704e-01
1.170268845545598263e-01
1.154945683247570049e-01
1.252194265652428196e-01
1.091492776886035382e-01
1.152310325156873927e-01
1.126603457891801469e-01
1.025093432995194814e-01
1.289918597370068865e-01
1.020771513353115750e-01
1.023869346733668334e-01
1.169196177627880862e-01
1.239340534394542392e-01
1.043864519711271560e-01
1.122504047490555795e-01
9.528965890633459002e-02
1.160563380281690177e-01
1.294188136608747652e-01
1.146417445482866004e-01
1.061359867330016610e-01
1.320864991233196839e-01
9.188882586500284055e-02
9.809264305177112231e-02
1.052002390914524854e-01
1.049069373942470434e-01
9.668658337859858953e-02
1.173789173789173829e-01
9.123898392949715552e-02
9.791044776119403603e-02
1.120099564405724890e-01
1.019417475728155303e-01
8.228195282501371555e-02
1.293051359516616261e-01
1.035856573705179334e-01
9.217101610216546503e-02
1.117615753060138412e-01
8.831168831168831335e-02
1.003312825366777100e-01
1.137757947573898448e-01
1.114237478897017464e-01
1.145528930450029209e-01
9.595015576323986939e-02
1.065270935960591081e-01
8.792431830829160189e-02
1.137493097736057418e-01
1.040974529346622435e-01
9.262250942380183261e-02
8.143839238498148947e-02
8.220659816116819563e-02
9.312398484028153178e-02
8.301474604041507444e-02
9.540430482838860304e-02
7.608069164265129913e-02
9.621166566446182067e-02
7.904710341093665327e-02
8.987547374120194443e-02
9.313215400624350049e-02
9.227082085080887119e-02
6.261510128913444495e-02
7.864554888039322622e-02
5.564648117839607333e-02
6.819392647842301147e-02
9.075630252100840012e-02
7.962283918281823358e-02
6.503137478608100874e-02
5.904866047020229658e-02
5.730027548209366134e-02
4.985163204747774385e-02
3.062960862166761236e-02
5.964214711729622087e-02
6.295081967213114749e-02
6.460118655240607022e-02
6.662395900064060905e-02
9.050064184852374405e-02
9.021675454012888229e-02
8.981001727115717204e-02
1.048243001786777900e-01
8.383961117861482570e-02
9.627329192546583980e-02
9.485637942551770896e-02
9.791216702663786686e-02
9.726224783861671386e-02
9.563409563409563940e-02
1.057057057057056992e-01
8.883953359244864401e-02
9.583571021106673804e-02
1.116868163500287919e-01
8.614426569797613287e-02
1.161524500907440971e-01
1.047561709813365494e-01
9.465273509526736517e-02
1.214574898785425044e-01
9.756097560975610095e-02
1.166101694915254172e-01
8.763897972531066449e-02
7.142857142857142461e-02
7.605070046697798292e-02
9.657102869139258527e-02
1.044885945548197220e-01
1.190644932671863915e-01
1.077996195307545924e-01
1.260162601626016177e-01
1.091387245233399056e-01
1.054766734279918849e-01
9.485637942551770896e-02
8.975217682518418783e-02
1.064846416382252553e-01
1.182608695652173914e-01
1.035953686776355936e-01
1.269624573378839716e-01
9.568812758417011288e-02
1.083076923076923131e-01
1.268803139306736438e-01
1.263940520446096560e-01
1.082441787287602292e-01
1.226215644820295991e-01
1.139517896274652997e-01
1.134948096885813190e-01
9.754601226993865615e-02
9.264620729588882164e-02
9.475465313028764991e-02
8.770806658130601841e-02
9.062303335431089180e-02
8.291636883488205656e-02
1.081081081081081141e-01
1.160784313725490152e-01
1.197604790419161680e-01
1.043272080616478997e-01
1.160911094783247666e-01
1.246105919003115264e-01
1.006436512580456411e-01
1.108719052744887024e-01
1.042305334150827739e-01
1.279147235176548991e-01
1.104033970276008525e-01
1.043350477590007375e-01
1.293031066330814494e-01
1.030567685589519611e-01
1.141586360266864386e-01
1.132364192807957110e-01
1.181494661921708156e-01
8.657718120805368844e-02
1.132616487455197080e-01
1.127147766323024075e-01
1.057871810827629155e-01
1.045665122435473215e-01
1.089036055923473106e-01
8.102025506376593633e-02
1.193103448275862066e-01
1.080385852090032101e-01
8.475648323845667853e-02
1.207124010554089660e-01
9.283276450511945832e-02
1.118508655126498053e-01
1.108801108801108770e-01
1.080737444373807976e-01
9.948542024013722063e-02
1.009584664536741228e-01
1.155053358443188932e-01
9.284818067754077586e-02
1.115196078431372612e-01
9.702850212249848616e-02
8.788449466415568234e-02
1.010876519513755623e-01
9.130982367758186391e-02
9.668943772990015728e-02
1.024828314844162674e-01
9.000523286237571696e-02
9.174311926605505096e-02
9.376927822331894424e-02
9.310986964618249428e-02
9.800362976406533366e-02
7.889273356401384218e-02
6.365655070318282371e-02
1.792382374906646703e-02
7.008436080467228546e-02
8.833678398895790373e-02
9.060175794455713194e-02
7.002561912894961216e-02
8.579088471849866115e-02
8.352668213457076218e-02
1.018010963194988239e-01
9.042954031650339564e-02
8.401305057096247753e-02
1.396032329169728248e-01
7.636068237205523301e-02
9.390048154093097454e-02
1.055234954657873064e-01
1.056603773584905703e-01
1.243673174258857622e-01
9.829867674858222548e-02
1.063982746225736881e-01
1.038961038961039030e-01
1.119828815977175485e-01
7.831762146482958153e-02
8.327452364149612318e-02
9.685230024213074829e-02
7.126948775055678975e-02
8.886894075403949100e-02
9.224137931034483151e-02
7.993049522154647979e-02
8.429118773946360499e-02
9.097270818754374377e-02
1.134800550206327419e-01
1.110367892976588666e-01
1.065230400957510454e-01
9.596255119953188417e-02
9.277745155607751426e-02
1.015579919215233717e-01
1.010044642857142877e-01
1.226575809199318551e-01
1.194863204913456101e-01
1.162660704304080556e-01
1.183696259073143547e-01
1.339612768184196834e-01
1.085437936593229430e-01
1.320855614973261982e-01
1.203293223559214753e-01
1.332510795805058601e-01
1.336863004632693475e-01
1.151385927505330503e-01
1.247563352826510652e-01
1.229124916499665932e-01
1.263560944479897863e-01
1.244019138755980830e-01
1.347905282331511856e-01
1.387918122815776367e-01
9.898107714701601112e-02
1.237224314147391119e-01
1.021227768215720033e-01
1.220295439948619193e-01
9.571619812583667675e-02
8.328375966686496490e-02
1.234939759036144530e-01
1.194559432288586631e-01
1.018799272286234070e-01
1.116373477672530506e-01
1.065573770491803213e-01
1.296421336934503732e-01
