1.104400000000000048e+01
1.104800000000000004e+01
1.104700000000000060e+01
1.104700000000000060e+01
1.105100000000000016e+01
1.105000000000000071e+01
1.104700000000000060e+01
1.104299999999999926e+01
1.104700000000000060e+01
1.104599999999999937e+01
1.104700000000000060e+01
1.104599999999999937e+01
1.104400000000000048e+01
1.104199999999999982e+01
1.104400000000000048e+01
1.104599999999999937e+01
1.104400000000000048e+01
1.104400000000000048e+01
1.104299999999999926e+01
1.105000000000000071e+01
1.104800000000000004e+01
1.104599999999999937e+01
1.104400000000000048e+01
1.105100000000000016e+01
1.103899999999999970e+01
1.104800000000000004e+01
1.105100000000000016e+01
1.105100000000000016e+01
1.104599999999999937e+01
1.105000000000000071e+01
1.104700000000000060e+01
1.104599999999999937e+01
1.104599999999999937e+01
1.104800000000000004e+01
1.105000000000000071e+01
1.104599999999999937e+01
1.104899999999999949e+01
1.104199999999999982e+01
1.104499999999999993e+01
1.104800000000000004e+01
1.104800000000000004e+01
1.105000000000000071e+01
1.104400000000000048e+01
1.104899999999999949e+01
1.104800000000000004e+01
1.104800000000000004e+01
1.104800000000000004e+01
1.104599999999999937e+01
1.105000000000000071e+01
1.105000000000000071e+01
1.104800000000000004e+01
1.104899999999999949e+01
1.104899999999999949e+01
1.104800000000000004e+01
1.105000000000000071e+01
1.105000000000000071e+01
1.105300000000000082e+01
1.104800000000000004e+01
1.104599999999999937e+01
1.104899999999999949e+01
1.104400000000000048e+01
