1.103299999999999947e+01
1.102800000000000047e+01
1.103200000000000003e+01
1.103700000000000081e+01
1.102899999999999991e+01
1.102800000000000047e+01
1.103100000000000058e+01
1.103100000000000058e+01
1.102800000000000047e+01
1.103299999999999947e+01
1.103100000000000058e+01
1.102800000000000047e+01
1.103100000000000058e+01
1.103200000000000003e+01
1.103200000000000003e+01
1.102899999999999991e+01
1.103100000000000058e+01
1.103299999999999947e+01
1.103200000000000003e+01
1.102800000000000047e+01
1.102899999999999991e+01
1.103100000000000058e+01
1.102899999999999991e+01
1.102899999999999991e+01
1.103200000000000003e+01
1.103100000000000058e+01
1.103100000000000058e+01
1.102899999999999991e+01
1.103200000000000003e+01
1.102800000000000047e+01
1.102899999999999991e+01
1.103200000000000003e+01
1.102899999999999991e+01
1.103500000000000014e+01
1.103100000000000058e+01
1.103200000000000003e+01
1.103299999999999947e+01
1.103200000000000003e+01
1.102899999999999991e+01
1.102800000000000047e+01
1.102899999999999991e+01
