3.235591506572295384e-02
1.857794291504813455e-02
2.562005996184246390e-02
2.186948853615520300e-02
1.894823561719071944e-02
3.285420944558521683e-02
1.658306889139113394e-02
1.159420289855072478e-01
2.077599218680635865e-02
8.076009501187648987e-02
1.809499874340286460e-02
4.843750000000000139e-02
2.057073711808006522e-02
4.571428571428571425e-02
2.095487558042623960e-02
2.661343978709248062e-02
2.070588235294117813e-02
2.623999999999999944e-02
1.924398625429553367e-02
1.631543167912984441e-02
2.860858257477243149e-02
2.040490993145225446e-02
4.641775983854692228e-02
2.345961979236888331e-02
5.052631578947368307e-02
1.649819914023469350e-02
7.669616519174041191e-02
1.675077848169225642e-02
2.696629213483146131e-02
1.961398017736045926e-02
4.545454545454545581e-02
1.650709805216242845e-02
8.087091757387247781e-02
1.648487853247397258e-02
3.760282021151586246e-02
2.160288038405120542e-02
3.439803439803439805e-02
2.356312689062251345e-02
2.397820163487738437e-02
2.464214531618046794e-02
2.442105263157894751e-02
