7.091303990000000113e+02
7.090797069999999849e+02
7.090976699999999937e+02
7.090795170000000098e+02
7.091270220000000108e+02
7.090792649999999639e+02
7.090783569999999827e+02
7.090784119999999575e+02
7.090783179999999675e+02
7.090760139999999865e+02
7.090817580000000362e+02
7.090681990000000496e+02
7.090852899999999863e+02
7.091275500000000420e+02
7.090799729999999954e+02
7.091303319999999530e+02
7.090798300000000154e+02
7.090974830000000111e+02
7.090795640000000049e+02
7.091299299999999448e+02
7.090789710000000241e+02
7.090814400000000433e+02
7.090772130000000288e+02
7.090810669999999618e+02
7.090792010000000118e+02
7.090785240000000158e+02
7.090784230000000434e+02
7.090783609999999726e+02
7.090795729999999821e+02
7.091298289999999724e+02
7.090791679999999815e+02
7.090783910000000105e+02
7.090774699999999484e+02
7.090810490000000073e+02
7.090711609999999609e+02
7.090834360000000061e+02
7.091275799999999663e+02
7.090802760000000262e+02
7.091303689999999733e+02
7.090800799999999526e+02
7.090976090000000340e+02
