6.550000000000000000e+02
7.657000000000000000e+03
1.216700000000000000e+04
5.300000000000000000e+02
8.807000000000000000e+03
9.995000000000000000e+03
4.430000000000000000e+02
1.280100000000000000e+04
3.955000000000000000e+03
4.096000000000000000e+03
1.389500000000000000e+04
6.430000000000000000e+02
1.231900000000000000e+04
5.829000000000000000e+03
2.565000000000000000e+03
1.409900000000000000e+04
6.590000000000000000e+02
1.110300000000000000e+04
5.127000000000000000e+03
2.979000000000000000e+03
1.087700000000000000e+04
5.270000000000000000e+02
1.259300000000000000e+04
2.012000000000000000e+03
6.211000000000000000e+03
7.105000000000000000e+03
6.770000000000000000e+02
1.091900000000000000e+04
7.670000000000000000e+02
9.165000000000000000e+03
2.901000000000000000e+03
4.520000000000000000e+03
6.229000000000000000e+03
4.490000000000000000e+02
9.429000000000000000e+03
7.190000000000000000e+02
8.723000000000000000e+03
2.289000000000000000e+03
6.067000000000000000e+03
4.557000000000000000e+03
1.579000000000000000e+03
