6.200000000000000000e+01
6.200000000000000000e+01
1.180000000000000000e+02
1.180000000000000000e+02
1.420000000000000000e+02
1.660000000000000000e+02
1.620000000000000000e+02
1.400000000000000000e+02
1.440000000000000000e+02
1.480000000000000000e+02
1.900000000000000000e+02
1.660000000000000000e+02
1.420000000000000000e+02
1.060000000000000000e+02
1.400000000000000000e+02
1.280000000000000000e+02
1.660000000000000000e+02
1.480000000000000000e+02
1.440000000000000000e+02
1.380000000000000000e+02
1.160000000000000000e+02
1.220000000000000000e+02
1.540000000000000000e+02
1.360000000000000000e+02
1.280000000000000000e+02
1.340000000000000000e+02
1.400000000000000000e+02
1.100000000000000000e+02
1.140000000000000000e+02
1.140000000000000000e+02
1.160000000000000000e+02
1.320000000000000000e+02
1.500000000000000000e+02
8.200000000000000000e+01
1.200000000000000000e+02
1.260000000000000000e+02
1.160000000000000000e+02
1.120000000000000000e+02
1.220000000000000000e+02
1.660000000000000000e+02
1.480000000000000000e+02
