1.156002426147460938e+01
1.149845552444458008e+01
1.150277185440063477e+01
1.167565488815307617e+01
1.144329810142517090e+01
1.150328922271728516e+01
1.150067758560180664e+01
1.156701636314392090e+01
1.149871301651000977e+01
1.151290988922119141e+01
1.145947861671447754e+01
1.150222039222717285e+01
1.153687810897827148e+01
1.155170607566833496e+01
1.148926973342895508e+01
1.153058004379272461e+01
1.163225269317626953e+01
1.151999640464782715e+01
1.153931689262390137e+01
1.149944519996643066e+01
1.153283500671386719e+01
1.153516793251037598e+01
1.156834816932678223e+01
1.149056649208068848e+01
1.151997160911560059e+01
1.149750685691833496e+01
1.156494951248168945e+01
1.151243853569030762e+01
1.147304153442382812e+01
1.160454487800598145e+01
1.153051590919494629e+01
1.152805280685424805e+01
1.154012322425842285e+01
1.147584056854248047e+01
1.150749564170837402e+01
1.167884540557861328e+01
1.146298789978027344e+01
1.151410007476806641e+01
1.148249673843383789e+01
1.147992229461669922e+01
1.145187163352966309e+01
1.153352451324462891e+01
1.154540085792541504e+01
1.148783612251281738e+01
1.152351260185241699e+01
1.154009604454040527e+01
1.148480486869812012e+01
1.148751115798950195e+01
1.150226783752441406e+01
1.148916673660278320e+01
1.143757867813110352e+01
1.145767831802368164e+01
1.145037055015563965e+01
1.156639289855957031e+01
1.153220224380493164e+01
1.152850770950317383e+01
1.166105055809020996e+01
1.152438831329345703e+01
1.149133872985839844e+01
1.151195049285888672e+01
1.149847054481506348e+01
1.148737168312072754e+01
1.160665750503540039e+01
1.149517321586608887e+01
1.158064794540405273e+01
1.147232222557067871e+01
1.142446684837341309e+01
1.145966720581054688e+01
1.152364301681518555e+01
1.157567453384399414e+01
1.151185512542724609e+01
1.153746724128723145e+01
1.153167748451232910e+01
1.151017475128173828e+01
1.159890317916870117e+01
1.165683603286743164e+01
1.146322035789489746e+01
1.154189944267272949e+01
1.147234940528869629e+01
1.150621485710144043e+01
1.147609829902648926e+01
1.166089630126953125e+01
1.154404950141906738e+01
1.154645967483520508e+01
1.152767229080200195e+01
1.148633337020874023e+01
1.152561259269714355e+01
1.152768611907958984e+01
1.155049490928649902e+01
1.152350521087646484e+01
1.149537110328674316e+01
1.147048854827880859e+01
1.146964693069458008e+01
1.149081492424011230e+01
1.153651404380798340e+01
1.148619055747985840e+01
1.152133393287658691e+01
1.151550650596618652e+01
1.150857234001159668e+01
1.147045779228210449e+01
1.154905056953430176e+01
1.153344750404357910e+01
1.150240564346313477e+01
1.146594500541687012e+01
1.155667376518249512e+01
1.146386742591857910e+01
1.155793333053588867e+01
1.147285366058349609e+01
1.165044856071472168e+01
1.151581096649169922e+01
1.145043063163757324e+01
1.155037903785705566e+01
1.146533274650573730e+01
1.158850169181823730e+01
1.151165342330932617e+01
1.153415632247924805e+01
1.149398303031921387e+01
1.153368735313415527e+01
1.155361461639404297e+01
1.155040907859802246e+01
1.147652339935302734e+01
1.163879370689392090e+01
1.146256828308105469e+01
1.154080796241760254e+01
1.149124193191528320e+01
1.158832430839538574e+01
1.148377060890197754e+01
1.171704769134521484e+01
1.153889870643615723e+01
1.150313019752502441e+01
1.152970862388610840e+01
1.147200870513916016e+01
1.155495738983154297e+01
1.167886209487915039e+01
1.148247289657592773e+01
1.148155951499938965e+01
1.159405922889709473e+01
1.156438326835632324e+01
1.151348257064819336e+01
1.150863409042358398e+01
1.153917431831359863e+01
1.152397871017456055e+01
1.152883529663085938e+01
1.156009364128112793e+01
1.150401401519775391e+01
1.149884319305419922e+01
1.168079090118408203e+01
1.154063248634338379e+01
1.151960349082946777e+01
1.156649684906005859e+01
1.147214221954345703e+01
1.154307556152343750e+01
1.157264399528503418e+01
1.147388815879821777e+01
1.149709439277648926e+01
1.157504987716674805e+01
1.148883318901062012e+01
1.153826045989990234e+01
1.164090180397033691e+01
1.151333522796630859e+01
1.146347618103027344e+01
1.153094959259033203e+01
1.154767036437988281e+01
1.153649950027465820e+01
1.171951580047607422e+01
1.146857237815856934e+01
1.155632710456848145e+01
1.145999360084533691e+01
1.149808216094970703e+01
1.144036173820495605e+01
1.155738043785095215e+01
1.146704411506652832e+01
1.146782588958740234e+01
1.154487013816833496e+01
1.150967669486999512e+01
1.264502120018005371e+01
1.151105189323425293e+01
1.154388976097106934e+01
1.150037550926208496e+01
1.147062420845031738e+01
1.147703123092651367e+01
1.160143327713012695e+01
1.151362681388854980e+01
1.152046370506286621e+01
1.151393580436706543e+01
1.157692718505859375e+01
1.150694513320922852e+01
1.172697496414184570e+01
1.148851966857910156e+01
1.159530663490295410e+01
1.155177235603332520e+01
1.150013518333435059e+01
1.147294878959655762e+01
1.177854418754577637e+01
1.150168800354003906e+01
1.147742938995361328e+01
1.151392459869384766e+01
1.147693943977355957e+01
1.149465608596801758e+01
1.151457691192626953e+01
1.156315302848815918e+01
1.148857522010803223e+01
1.149399733543395996e+01
1.148743748664855957e+01
1.156320667266845703e+01
1.145922660827636719e+01
1.169363641738891602e+01
1.151886296272277832e+01
1.157561635971069336e+01
1.150913619995117188e+01
1.153840088844299316e+01
1.153902482986450195e+01
1.160419964790344238e+01
1.154176640510559082e+01
1.154068207740783691e+01
1.155709481239318848e+01
1.147306299209594727e+01
1.150116729736328125e+01
1.171319270133972168e+01
1.171093463897705078e+01
1.153525519371032715e+01
1.149486827850341797e+01
1.151296997070312500e+01
1.161601376533508301e+01
1.148146200180053711e+01
1.146172285079956055e+01
1.151747560501098633e+01
1.151071405410766602e+01
1.156312203407287598e+01
1.153210186958312988e+01
1.165060114860534668e+01
1.156444764137268066e+01
1.149542307853698730e+01
1.148009991645812988e+01
1.151108026504516602e+01
1.155578684806823730e+01
1.162143206596374512e+01
1.150325274467468262e+01
1.156863665580749512e+01
1.156250882148742676e+01
1.158865737915039062e+01
