2.978000000000000000e+03
3.061000000000000000e+03
2.982000000000000000e+03
2.852000000000000000e+03
3.096000000000000000e+03
3.050000000000000000e+03
2.970000000000000000e+03
2.984000000000000000e+03
2.970000000000000000e+03
3.034000000000000000e+03
3.036000000000000000e+03
2.966000000000000000e+03
2.930000000000000000e+03
3.033000000000000000e+03
3.000000000000000000e+03
2.824000000000000000e+03
2.956000000000000000e+03
2.950000000000000000e+03
2.980000000000000000e+03
2.974000000000000000e+03
3.135000000000000000e+03
2.916000000000000000e+03
2.852000000000000000e+03
3.018000000000000000e+03
3.032000000000000000e+03
2.944000000000000000e+03
2.972000000000000000e+03
2.912000000000000000e+03
2.947000000000000000e+03
3.028000000000000000e+03
2.818000000000000000e+03
2.790000000000000000e+03
2.910000000000000000e+03
2.864000000000000000e+03
2.900000000000000000e+03
2.768000000000000000e+03
2.730000000000000000e+03
2.770000000000000000e+03
2.930000000000000000e+03
2.793000000000000000e+03
2.754000000000000000e+03
2.790000000000000000e+03
2.664000000000000000e+03
2.612000000000000000e+03
2.808000000000000000e+03
2.544000000000000000e+03
2.590000000000000000e+03
2.580000000000000000e+03
2.538000000000000000e+03
2.440000000000000000e+03
2.328000000000000000e+03
2.408000000000000000e+03
2.364000000000000000e+03
2.568000000000000000e+03
2.446000000000000000e+03
2.366000000000000000e+03
2.414000000000000000e+03
2.392000000000000000e+03
2.372000000000000000e+03
1.960000000000000000e+03
1.528000000000000000e+03
1.508000000000000000e+03
1.672000000000000000e+03
1.836000000000000000e+03
2.164000000000000000e+03
2.052000000000000000e+03
2.010000000000000000e+03
1.360000000000000000e+03
1.552000000000000000e+03
1.218000000000000000e+03
8.720000000000000000e+02
1.356000000000000000e+03
1.690000000000000000e+03
1.882000000000000000e+03
2.022000000000000000e+03
2.140000000000000000e+03
2.312000000000000000e+03
2.444000000000000000e+03
2.542000000000000000e+03
2.698000000000000000e+03
2.792000000000000000e+03
2.734000000000000000e+03
2.716000000000000000e+03
2.678000000000000000e+03
2.700000000000000000e+03
2.724000000000000000e+03
2.876000000000000000e+03
2.780000000000000000e+03
2.868000000000000000e+03
2.873000000000000000e+03
2.864000000000000000e+03
2.918000000000000000e+03
2.780000000000000000e+03
2.846000000000000000e+03
2.742000000000000000e+03
2.646000000000000000e+03
1.866000000000000000e+03
1.680000000000000000e+03
2.430000000000000000e+03
2.798000000000000000e+03
2.853000000000000000e+03
2.938000000000000000e+03
2.734000000000000000e+03
2.864000000000000000e+03
2.778000000000000000e+03
2.907000000000000000e+03
2.780000000000000000e+03
2.756000000000000000e+03
2.922000000000000000e+03
2.844000000000000000e+03
2.870000000000000000e+03
2.878000000000000000e+03
2.908000000000000000e+03
2.761000000000000000e+03
2.810000000000000000e+03
2.904000000000000000e+03
2.814000000000000000e+03
2.706000000000000000e+03
2.778000000000000000e+03
2.644000000000000000e+03
2.660000000000000000e+03
2.664000000000000000e+03
2.678000000000000000e+03
2.722000000000000000e+03
2.840000000000000000e+03
2.874000000000000000e+03
2.920000000000000000e+03
2.770000000000000000e+03
2.704000000000000000e+03
2.978000000000000000e+03
2.853000000000000000e+03
2.832000000000000000e+03
2.790000000000000000e+03
2.706000000000000000e+03
2.798000000000000000e+03
2.670000000000000000e+03
2.780000000000000000e+03
2.886000000000000000e+03
2.846000000000000000e+03
2.966000000000000000e+03
2.676000000000000000e+03
2.848000000000000000e+03
2.894000000000000000e+03
2.864000000000000000e+03
2.843000000000000000e+03
2.888000000000000000e+03
2.872000000000000000e+03
2.718000000000000000e+03
2.736000000000000000e+03
2.796000000000000000e+03
2.734000000000000000e+03
2.720000000000000000e+03
2.790000000000000000e+03
2.762000000000000000e+03
2.738000000000000000e+03
2.780000000000000000e+03
2.866000000000000000e+03
2.670000000000000000e+03
2.756000000000000000e+03
2.850000000000000000e+03
2.520000000000000000e+03
2.670000000000000000e+03
2.664000000000000000e+03
2.520000000000000000e+03
2.383000000000000000e+03
2.430000000000000000e+03
2.462000000000000000e+03
2.407000000000000000e+03
2.616000000000000000e+03
2.552000000000000000e+03
2.566000000000000000e+03
2.554000000000000000e+03
2.318000000000000000e+03
2.284000000000000000e+03
1.730000000000000000e+03
9.600000000000000000e+02
6.120000000000000000e+02
1.666000000000000000e+03
1.884000000000000000e+03
2.062000000000000000e+03
2.268000000000000000e+03
3.198000000000000000e+03
2.418000000000000000e+03
2.368000000000000000e+03
2.520000000000000000e+03
2.442000000000000000e+03
2.517000000000000000e+03
2.496000000000000000e+03
2.408000000000000000e+03
2.606000000000000000e+03
2.658000000000000000e+03
2.660000000000000000e+03
2.618000000000000000e+03
2.492000000000000000e+03
2.410000000000000000e+03
2.536000000000000000e+03
2.472000000000000000e+03
2.326000000000000000e+03
2.110000000000000000e+03
1.762000000000000000e+03
2.086000000000000000e+03
2.446000000000000000e+03
2.500000000000000000e+03
2.498000000000000000e+03
2.416000000000000000e+03
2.338000000000000000e+03
2.258000000000000000e+03
2.262000000000000000e+03
2.350000000000000000e+03
2.302000000000000000e+03
2.256000000000000000e+03
2.266000000000000000e+03
2.440000000000000000e+03
2.534000000000000000e+03
2.722000000000000000e+03
2.582000000000000000e+03
2.678000000000000000e+03
2.528000000000000000e+03
2.648000000000000000e+03
2.640000000000000000e+03
2.594000000000000000e+03
2.606000000000000000e+03
2.520000000000000000e+03
2.580000000000000000e+03
2.656000000000000000e+03
2.530000000000000000e+03
2.574000000000000000e+03
2.560000000000000000e+03
2.520000000000000000e+03
2.518000000000000000e+03
2.618000000000000000e+03
2.494000000000000000e+03
2.356000000000000000e+03
2.338000000000000000e+03
2.318000000000000000e+03
2.488000000000000000e+03
2.604000000000000000e+03
2.606000000000000000e+03
2.600000000000000000e+03
2.594000000000000000e+03
2.538000000000000000e+03
