2.853900000000000000e+04
2.972300000000000000e+04
2.939100000000000000e+04
2.970500000000000000e+04
2.946700000000000000e+04
2.970700000000000000e+04
2.967100000000000000e+04
2.949500000000000000e+04
3.005900000000000000e+04
2.969700000000000000e+04
2.894300000000000000e+04
2.955900000000000000e+04
2.924500000000000000e+04
2.897900000000000000e+04
2.941500000000000000e+04
2.952300000000000000e+04
3.011100000000000000e+04
2.992300000000000000e+04
2.940300000000000000e+04
2.949900000000000000e+04
2.957200000000000000e+04
2.986100000000000000e+04
2.950900000000000000e+04
2.913300000000000000e+04
2.983100000000000000e+04
2.966300000000000000e+04
2.982300000000000000e+04
2.907100000000000000e+04
2.933300000000000000e+04
2.956400000000000000e+04
2.945900000000000000e+04
2.949300000000000000e+04
2.942300000000000000e+04
2.959500000000000000e+04
2.951900000000000000e+04
2.953400000000000000e+04
2.923900000000000000e+04
2.955400000000000000e+04
2.964300000000000000e+04
2.954000000000000000e+04
2.904300000000000000e+04
2.947800000000000000e+04
2.928700000000000000e+04
2.937100000000000000e+04
2.927300000000000000e+04
2.976300000000000000e+04
2.927900000000000000e+04
2.942700000000000000e+04
2.949900000000000000e+04
2.956500000000000000e+04
2.972500000000000000e+04
2.951500000000000000e+04
2.940900000000000000e+04
2.901900000000000000e+04
2.913900000000000000e+04
2.918500000000000000e+04
2.949900000000000000e+04
2.926900000000000000e+04
2.975300000000000000e+04
2.883900000000000000e+04
2.977800000000000000e+04
2.948900000000000000e+04
2.988300000000000000e+04
2.977300000000000000e+04
2.939100000000000000e+04
2.945900000000000000e+04
2.967900000000000000e+04
2.934500000000000000e+04
2.955700000000000000e+04
2.976700000000000000e+04
2.954700000000000000e+04
2.900600000000000000e+04
2.911700000000000000e+04
2.915100000000000000e+04
2.951200000000000000e+04
2.914900000000000000e+04
2.959100000000000000e+04
2.939500000000000000e+04
2.952100000000000000e+04
2.887100000000000000e+04
2.964300000000000000e+04
2.921300000000000000e+04
2.938300000000000000e+04
2.919500000000000000e+04
2.940300000000000000e+04
2.967000000000000000e+04
2.907900000000000000e+04
2.950500000000000000e+04
2.940100000000000000e+04
2.955500000000000000e+04
2.987500000000000000e+04
2.887900000000000000e+04
2.921900000000000000e+04
2.925700000000000000e+04
2.983900000000000000e+04
2.956300000000000000e+04
2.910500000000000000e+04
2.932300000000000000e+04
2.992700000000000000e+04
2.932700000000000000e+04
2.923100000000000000e+04
2.945000000000000000e+04
2.887100000000000000e+04
2.946500000000000000e+04
2.929300000000000000e+04
2.944500000000000000e+04
2.908700000000000000e+04
2.921300000000000000e+04
2.909900000000000000e+04
2.969900000000000000e+04
2.949900000000000000e+04
2.897400000000000000e+04
2.916300000000000000e+04
2.916100000000000000e+04
2.912100000000000000e+04
2.980700000000000000e+04
2.946100000000000000e+04
2.956700000000000000e+04
2.953900000000000000e+04
2.921700000000000000e+04
2.908300000000000000e+04
2.898100000000000000e+04
2.965900000000000000e+04
2.974400000000000000e+04
2.977100000000000000e+04
2.981300000000000000e+04
2.984000000000000000e+04
2.929700000000000000e+04
2.901900000000000000e+04
2.970900000000000000e+04
2.887700000000000000e+04
2.956100000000000000e+04
2.938700000000000000e+04
2.940100000000000000e+04
2.984600000000000000e+04
2.957300000000000000e+04
2.930300000000000000e+04
2.935500000000000000e+04
2.942300000000000000e+04
2.944100000000000000e+04
2.915100000000000000e+04
2.932900000000000000e+04
2.949300000000000000e+04
2.908900000000000000e+04
2.914500000000000000e+04
2.945500000000000000e+04
2.907700000000000000e+04
2.878000000000000000e+04
2.933300000000000000e+04
2.943500000000000000e+04
2.906900000000000000e+04
2.947000000000000000e+04
2.910100000000000000e+04
2.892900000000000000e+04
2.929300000000000000e+04
2.926300000000000000e+04
2.917100000000000000e+04
2.946900000000000000e+04
2.910300000000000000e+04
2.961900000000000000e+04
2.955500000000000000e+04
2.880500000000000000e+04
2.914100000000000000e+04
2.980700000000000000e+04
2.943500000000000000e+04
2.949800000000000000e+04
2.946700000000000000e+04
2.882700000000000000e+04
2.906900000000000000e+04
2.915500000000000000e+04
2.972100000000000000e+04
2.908300000000000000e+04
2.918700000000000000e+04
2.879300000000000000e+04
2.927700000000000000e+04
2.946500000000000000e+04
2.931100000000000000e+04
2.894300000000000000e+04
2.856500000000000000e+04
2.914900000000000000e+04
2.918300000000000000e+04
2.909300000000000000e+04
2.937500000000000000e+04
2.896100000000000000e+04
2.889900000000000000e+04
2.927700000000000000e+04
2.862100000000000000e+04
2.882100000000000000e+04
2.890700000000000000e+04
2.934700000000000000e+04
2.927300000000000000e+04
2.870500000000000000e+04
2.856300000000000000e+04
2.860500000000000000e+04
2.866800000000000000e+04
2.881500000000000000e+04
2.868900000000000000e+04
2.848500000000000000e+04
2.822700000000000000e+04
2.882100000000000000e+04
2.906000000000000000e+04
2.938500000000000000e+04
2.899500000000000000e+04
2.903900000000000000e+04
2.849300000000000000e+04
2.852900000000000000e+04
2.821300000000000000e+04
2.883100000000000000e+04
2.928100000000000000e+04
2.876500000000000000e+04
2.843300000000000000e+04
2.864300000000000000e+04
2.880300000000000000e+04
2.870300000000000000e+04
2.894100000000000000e+04
2.932100000000000000e+04
2.888100000000000000e+04
2.885900000000000000e+04
2.901100000000000000e+04
2.869100000000000000e+04
2.838300000000000000e+04
2.879500000000000000e+04
2.845700000000000000e+04
2.827700000000000000e+04
2.859100000000000000e+04
2.894100000000000000e+04
2.893200000000000000e+04
2.896300000000000000e+04
2.870700000000000000e+04
2.827300000000000000e+04
2.844300000000000000e+04
2.909700000000000000e+04
2.846100000000000000e+04
2.876500000000000000e+04
2.898700000000000000e+04
2.858500000000000000e+04
2.858100000000000000e+04
2.865400000000000000e+04
2.872700000000000000e+04
2.849700000000000000e+04
2.853500000000000000e+04
