9.500000000000000000e+02
6.067000000000000000e+03
2.033000000000000000e+03
3.739000000000000000e+03
4.565000000000000000e+03
2.147000000000000000e+03
6.835000000000000000e+03
9.730000000000000000e+02
9.317000000000000000e+03
3.650000000000000000e+02
1.037300000000000000e+04
4.750000000000000000e+02
1.134900000000000000e+04
8.690000000000000000e+02
9.509000000000000000e+03
1.119000000000000000e+03
7.147000000000000000e+03
1.981000000000000000e+03
4.635000000000000000e+03
4.415000000000000000e+03
2.418000000000000000e+03
7.163000000000000000e+03
9.250000000000000000e+02
9.005000000000000000e+03
3.670000000000000000e+02
1.076700000000000000e+04
4.370000000000000000e+02
1.145700000000000000e+04
1.013000000000000000e+03
9.623000000000000000e+03
1.041000000000000000e+03
7.353000000000000000e+03
1.931000000000000000e+03
5.531000000000000000e+03
3.695000000000000000e+03
3.069000000000000000e+03
5.160000000000000000e+03
1.417000000000000000e+03
6.767000000000000000e+03
5.410000000000000000e+02
8.021000000000000000e+03
