7.090770430000000033e+02
7.090752280000000383e+02
7.090768110000000206e+02
7.090687279999999646e+02
7.090765169999999671e+02
7.090968850000000430e+02
7.090815069999999878e+02
7.091263519999999971e+02
7.090770909999999958e+02
7.090768990000000258e+02
7.090766240000000380e+02
7.090769309999999450e+02
7.090752049999999826e+02
7.090769139999999879e+02
7.090710470000000214e+02
7.090767650000000231e+02
7.090969300000000430e+02
7.090802589999999554e+02
7.091292389999999841e+02
7.090771310000000085e+02
7.090770069999999805e+02
7.090766660000000456e+02
7.090770340000000260e+02
7.090745580000000245e+02
7.090769840000000386e+02
7.090679599999999709e+02
7.090767019999999548e+02
7.090968490000000202e+02
7.090808849999999666e+02
7.090770989999999756e+02
7.090770999999999731e+02
7.090771230000000287e+02
7.090759279999999762e+02
7.090771039999999630e+02
7.090657370000000128e+02
7.090765880000000152e+02
7.091263740000000553e+02
7.090856820000000198e+02
7.090771909999999707e+02
7.090766780000000153e+02
7.090772030000000541e+02
