7.660000000000000000e+02
1.326000000000000000e+03
6.000000000000000000e+02
2.120000000000000000e+02
1.182000000000000000e+03
6.780000000000000000e+02
4.000000000000000000e+01
1.146000000000000000e+03
6.780000000000000000e+02
8.000000000000000000e+01
1.220000000000000000e+03
6.340000000000000000e+02
7.800000000000000000e+01
1.054000000000000000e+03
5.780000000000000000e+02
1.340000000000000000e+02
9.380000000000000000e+02
3.160000000000000000e+02
4.220000000000000000e+02
8.920000000000000000e+02
1.340000000000000000e+02
6.940000000000000000e+02
7.460000000000000000e+02
8.100000000000000000e+01
9.800000000000000000e+02
5.160000000000000000e+02
6.600000000000000000e+01
8.420000000000000000e+02
2.640000000000000000e+02
3.980000000000000000e+02
7.820000000000000000e+02
8.200000000000000000e+01
7.680000000000000000e+02
3.560000000000000000e+02
1.400000000000000000e+02
6.130000000000000000e+02
6.600000000000000000e+01
6.400000000000000000e+02
3.980000000000000000e+02
6.600000000000000000e+01
5.900000000000000000e+02
