9.891598915989159579e-02
0.000000000000000000e+00
1.066819615715514785e-01
2.996254681647940107e-02
9.105380452085323761e-02
9.476309226932667917e-02
1.002425222312045283e-01
1.045032657270539705e-01
1.069518716577540045e-02
9.934341992577790104e-02
4.610951008645532839e-02
1.132990003029385045e-01
8.210180623973727110e-02
1.294236602628918154e-01
8.169829527179157946e-02
0.000000000000000000e+00
1.049050184292599913e-01
7.799442896935933345e-02
8.789848344165893113e-02
6.627680311890837839e-02
8.295528191834089515e-02
1.128577186618299061e-01
0.000000000000000000e+00
1.082929609575377650e-01
3.212851405622489664e-02
1.116222017785955256e-01
8.966861598440545311e-02
8.228268082282680362e-02
9.381818181818181446e-02
0.000000000000000000e+00
9.950824414231992932e-02
4.067796610169491234e-02
9.918744746427571313e-02
9.979209979209979764e-02
9.869375907111756219e-02
1.011494252873563204e-01
1.980198019801980222e-02
1.000578368999421597e-01
3.524229074889868168e-02
1.072419106317411414e-01
9.292929292929293095e-02
