1.398773006134969299e-01
1.097380128521997095e-01
1.242763411810111907e-01
1.360089186176142717e-01
1.235911387485425506e-01
1.122973507315144365e-01
1.367373431414971863e-01
1.141191170345689232e-01
1.222532960447463013e-01
1.151401869158878571e-01
1.114754098360655754e-01
1.137123745819397930e-01
1.279969064191802119e-01
1.431319738360908034e-01
1.156626506024096418e-01
1.255167230364524489e-01
1.244781783681214449e-01
9.906477312088673992e-02
1.193490054249547877e-01
1.389212262320527747e-01
1.252257676098735839e-01
7.789232531500572820e-02
1.063189568706118387e-01
7.732864674868189514e-02
9.391839876828329825e-02
1.212121212121212155e-01
5.128205128205128027e-02
7.675276752767527799e-02
1.046153846153846101e-01
1.356828193832599061e-01
7.637231503579952618e-02
1.032702237521514604e-01
9.756097560975610095e-02
1.004723057106054057e-01
6.656101426307448055e-02
1.119779715465809983e-01
1.195516811955168179e-01
1.332306507508663751e-01
8.784313725490196234e-02
1.258898463844136395e-01
1.214534594325535066e-01
