1.593000000000000000e+03
3.713000000000000000e+03
5.815000000000000000e+03
1.067000000000000000e+03
8.395000000000000000e+03
3.290000000000000000e+02
7.761000000000000000e+03
8.870000000000000000e+02
4.850000000000000000e+03
5.257000000000000000e+03
1.767000000000000000e+03
9.221000000000000000e+03
2.930000000000000000e+02
1.034700000000000000e+04
7.930000000000000000e+02
6.879000000000000000e+03
4.086000000000000000e+03
3.145000000000000000e+03
8.641000000000000000e+03
5.600000000000000000e+02
1.239500000000000000e+04
6.090000000000000000e+02
9.857000000000000000e+03
1.683000000000000000e+03
5.505000000000000000e+03
6.309000000000000000e+03
1.851000000000000000e+03
1.080500000000000000e+04
3.490000000000000000e+02
1.369700000000000000e+04
7.850000000000000000e+02
1.123800000000000000e+04
1.351000000000000000e+03
6.905000000000000000e+03
5.027000000000000000e+03
2.493000000000000000e+03
8.601000000000000000e+03
4.810000000000000000e+02
1.272300000000000000e+04
6.590000000000000000e+02
1.154900000000000000e+04
