7.090787569999999960e+02
7.091300999999999704e+02
7.090716390000000047e+02
7.090751749999999447e+02
7.090754279999999881e+02
7.090755299999999579e+02
7.090837209999999686e+02
7.091270299999999907e+02
7.091273290000000316e+02
7.090752519999999777e+02
7.090760109999999941e+02
7.090761840000000120e+02
7.091269939999999679e+02
7.091273089999999684e+02
7.090756710000000567e+02
7.090765709999999444e+02
7.090830859999999802e+02
7.091270710000000008e+02
7.091273439999999937e+02
7.090762559999999439e+02
7.090770449999999983e+02
7.090802619999999479e+02
7.090972789999999577e+02
7.090662360000000035e+02
7.090769249999999602e+02
7.090775949999999739e+02
7.090790610000000243e+02
7.090975009999999656e+02
7.090708530000000565e+02
7.090776019999999562e+02
7.090845789999999624e+02
7.090786309999999730e+02
7.091301620000000412e+02
7.090754950000000463e+02
7.090783639999999650e+02
7.090811700000000428e+02
7.091268519999999853e+02
7.091302779999999757e+02
7.090776389999999765e+02
7.090790459999999484e+02
7.090798600000000533e+02
7.090972219999999879e+02
7.091273599999999533e+02
7.090786200000000008e+02
7.090868759999999611e+02
7.090787619999999833e+02
7.090790839999999662e+02
7.090974439999999959e+02
7.090692990000000009e+02
7.090794979999999441e+02
7.090835070000000542e+02
7.090791390000000547e+02
7.090792030000000068e+02
7.091270769999999857e+02
7.091273169999999482e+02
7.090794949999999517e+02
7.090868369999999459e+02
7.090791500000000269e+02
7.090793439999999919e+02
7.091295699999999442e+02
7.091301969999999528e+02
