7.090778490000000147e+02
7.090796500000000151e+02
7.091279019999999491e+02
7.090796040000000175e+02
7.091275379999999586e+02
7.090794300000000021e+02
7.090826180000000249e+02
7.090779529999999795e+02
7.090797240000000556e+02
7.091279279999999972e+02
7.090796840000000429e+02
7.090977289999999584e+02
7.090795460000000503e+02
7.090814149999999927e+02
7.090787129999999934e+02
7.090799339999999802e+02
7.090719279999999571e+02
7.090797860000000128e+02
7.090694019999999682e+02
7.090798340000000053e+02
7.091278230000000349e+02
7.090797820000000229e+02
7.091275879999999461e+02
7.090796179999999822e+02
7.090812489999999571e+02
7.090796569999999974e+02
7.090777769999999691e+02
7.090798049999999648e+02
7.090977550000000065e+02
7.090797039999999924e+02
7.090778090000000020e+02
7.090792529999999942e+02
7.090851639999999634e+02
7.090762260000000197e+02
7.090800040000000308e+02
7.091278969999999617e+02
7.090799560000000383e+02
7.090979529999999613e+02
7.090798489999999674e+02
7.090807429999999840e+02
7.090794540000000552e+02
