1.030515257628814435e-01
9.808449938867001838e-02
9.221566835590262745e-02
9.298967583567972761e-02
9.297793861785788594e-02
9.815780326729231509e-02
8.872850774782424510e-02
9.906026990744011551e-02
8.177172061328789876e-02
9.567667880954017212e-02
9.965417460653538950e-02
9.519045236904166707e-02
9.578300487391396001e-02
8.875696807355390461e-02
9.381540015876452254e-02
8.557046979865771952e-02
9.494754073963836138e-02
8.998098993170457194e-02
9.299221357063404414e-02
9.226060341058155145e-02
8.989250414832984648e-02
9.185557114376430299e-02
9.450366674226960695e-02
9.311650701715304401e-02
9.632992228975917337e-02
9.014040803661468870e-02
9.442642733237800734e-02
9.104679901140078080e-02
9.292806791480330564e-02
9.284662481593428107e-02
9.292070241751318460e-02
9.459566701055471816e-02
9.168802049967969547e-02
9.303076798837114914e-02
9.776833156216790943e-02
9.312045473543426044e-02
8.980125950764701603e-02
9.399391997370799834e-02
9.229217449777255000e-02
9.068351003834874968e-02
9.212481426448737576e-02
