9.163000000000000000e+03
3.273000000000000000e+03
4.385000000000000000e+03
8.981000000000000000e+03
8.030000000000000000e+02
1.381900000000000000e+04
6.050000000000000000e+02
1.092800000000000000e+04
2.319000000000000000e+03
5.305000000000000000e+03
8.123000000000000000e+03
1.227000000000000000e+03
1.275900000000000000e+04
3.690000000000000000e+02
1.268300000000000000e+04
9.530000000000000000e+02
7.797000000000000000e+03
4.917000000000000000e+03
7.686000000000000000e+03
2.575000000000000000e+03
4.721000000000000000e+03
6.441000000000000000e+03
1.199000000000000000e+03
9.763000000000000000e+03
1.080000000000000000e+03
7.517000000000000000e+03
2.842000000000000000e+03
5.003000000000000000e+03
1.347000000000000000e+03
7.793000000000000000e+03
3.160000000000000000e+02
1.039300000000000000e+04
5.530000000000000000e+02
9.255000000000000000e+03
1.525000000000000000e+03
6.117000000000000000e+03
3.927000000000000000e+03
2.389000000000000000e+03
6.147000000000000000e+03
3.180000000000000000e+02
8.619000000000000000e+03
