1.140000000000000000e+02
2.220000000000000000e+02
3.220000000000000000e+02
3.660000000000000000e+02
3.180000000000000000e+02
2.840000000000000000e+02
3.160000000000000000e+02
2.740000000000000000e+02
3.060000000000000000e+02
3.080000000000000000e+02
3.060000000000000000e+02
3.060000000000000000e+02
3.310000000000000000e+02
3.720000000000000000e+02
3.360000000000000000e+02
3.340000000000000000e+02
3.280000000000000000e+02
2.860000000000000000e+02
3.300000000000000000e+02
3.580000000000000000e+02
2.080000000000000000e+02
6.800000000000000000e+01
1.060000000000000000e+02
4.400000000000000000e+01
1.220000000000000000e+02
1.880000000000000000e+02
3.400000000000000000e+01
1.040000000000000000e+02
3.400000000000000000e+01
1.540000000000000000e+02
3.200000000000000000e+01
1.200000000000000000e+02
7.200000000000000000e+01
2.340000000000000000e+02
4.200000000000000000e+01
2.440000000000000000e+02
9.600000000000000000e+01
3.460000000000000000e+02
1.120000000000000000e+02
3.360000000000000000e+02
2.440000000000000000e+02
