1.073499999999999943e+01
1.074300000000000033e+01
1.073600000000000065e+01
1.074000000000000021e+01
1.073499999999999943e+01
1.073799999999999955e+01
1.074200000000000088e+01
1.073799999999999955e+01
1.073900000000000077e+01
1.074000000000000021e+01
1.074200000000000088e+01
1.073900000000000077e+01
1.074000000000000021e+01
1.073499999999999943e+01
1.073799999999999955e+01
1.073900000000000077e+01
1.074200000000000088e+01
1.074000000000000021e+01
1.073900000000000077e+01
1.073900000000000077e+01
1.073900000000000077e+01
1.074000000000000021e+01
1.073900000000000077e+01
1.073799999999999955e+01
1.074200000000000088e+01
1.073799999999999955e+01
1.074200000000000088e+01
1.074000000000000021e+01
1.074300000000000033e+01
1.073900000000000077e+01
1.074300000000000033e+01
1.073799999999999955e+01
1.073799999999999955e+01
1.073799999999999955e+01
1.073900000000000077e+01
1.073900000000000077e+01
1.074300000000000033e+01
1.074200000000000088e+01
1.073799999999999955e+01
1.074300000000000033e+01
1.074399999999999977e+01
1.074399999999999977e+01
1.074000000000000021e+01
1.073600000000000065e+01
1.073900000000000077e+01
1.074200000000000088e+01
1.074000000000000021e+01
1.073799999999999955e+01
1.074200000000000088e+01
1.073600000000000065e+01
1.073799999999999955e+01
1.074000000000000021e+01
1.074300000000000033e+01
1.074399999999999977e+01
1.074399999999999977e+01
1.074300000000000033e+01
1.073900000000000077e+01
1.074300000000000033e+01
1.074200000000000088e+01
1.074600000000000044e+01
1.074300000000000033e+01
