5.190839694656488451e-02
1.723912759566409783e-02
1.890359168241965981e-02
7.169811320754716777e-02
1.930282729646871920e-02
1.500750375187593841e-02
6.772009029345373021e-02
1.546754159831263166e-02
2.579013906447534879e-02
2.221679687500000000e-02
1.511335012594458398e-02
4.665629860031104276e-02
1.574803149606299191e-02
2.195916966889689334e-02
3.040935672514619853e-02
1.560394354209518331e-02
5.159332321699544588e-02
2.071512203908853350e-02
2.184513360639750434e-02
2.618328298086606415e-02
2.022616530293279424e-02
6.831119544592030579e-02
1.683474946398793096e-02
3.230616302186879035e-02
1.738850426662373258e-02
1.914144968332160551e-02
3.840472673559822830e-02
1.465335653448117913e-02
4.693611473272490259e-02
1.658483360611020044e-02
2.688728024819028034e-02
2.057522123893805455e-02
2.247551773960507204e-02
5.345211581291759578e-02
1.633259094283593185e-02
4.172461752433936216e-02
1.880087125988765331e-02
3.058103975535168134e-02
1.780121971320256999e-02
2.369980250164582108e-02
2.659911336288790437e-02
