1.600000000000000000e+02
3.000000000000000000e+01
1.640000000000000000e+02
1.800000000000000000e+01
1.500000000000000000e+02
2.200000000000000000e+01
1.800000000000000000e+02
4.800000000000000000e+01
1.660000000000000000e+02
4.800000000000000000e+01
1.420000000000000000e+02
4.800000000000000000e+01
1.300000000000000000e+02
4.800000000000000000e+01
1.100000000000000000e+02
3.600000000000000000e+01
1.040000000000000000e+02
7.000000000000000000e+01
8.600000000000000000e+01
9.400000000000000000e+01
1.480000000000000000e+02
4.000000000000000000e+01
1.240000000000000000e+02
3.800000000000000000e+01
1.420000000000000000e+02
3.200000000000000000e+01
1.420000000000000000e+02
3.200000000000000000e+01
1.820000000000000000e+02
4.600000000000000000e+01
1.240000000000000000e+02
4.000000000000000000e+01
1.260000000000000000e+02
3.600000000000000000e+01
1.420000000000000000e+02
3.600000000000000000e+01
1.540000000000000000e+02
4.800000000000000000e+01
1.300000000000000000e+02
2.900000000000000000e+01
8.600000000000000000e+01
