2.479900000000000000e+04
2.591900000000000000e+04
2.619500000000000000e+04
2.646500000000000000e+04
2.630500000000000000e+04
2.632600000000000000e+04
2.620700000000000000e+04
2.614300000000000000e+04
2.599500000000000000e+04
2.593500000000000000e+04
2.583900000000000000e+04
2.597500000000000000e+04
2.637500000000000000e+04
2.591500000000000000e+04
2.599000000000000000e+04
2.591300000000000000e+04
2.552700000000000000e+04
2.627700000000000000e+04
2.601500000000000000e+04
2.569900000000000000e+04
2.589200000000000000e+04
2.613500000000000000e+04
2.586500000000000000e+04
2.565600000000000000e+04
2.604500000000000000e+04
2.592300000000000000e+04
2.591000000000000000e+04
2.593700000000000000e+04
2.589300000000000000e+04
2.561100000000000000e+04
2.560500000000000000e+04
2.561400000000000000e+04
2.583500000000000000e+04
2.568900000000000000e+04
2.580100000000000000e+04
2.564300000000000000e+04
2.559300000000000000e+04
2.536500000000000000e+04
2.538100000000000000e+04
2.579500000000000000e+04
2.569300000000000000e+04
2.591700000000000000e+04
2.582500000000000000e+04
2.540300000000000000e+04
2.514700000000000000e+04
2.522500000000000000e+04
2.527300000000000000e+04
2.501500000000000000e+04
2.542500000000000000e+04
2.582900000000000000e+04
2.576400000000000000e+04
2.601900000000000000e+04
2.564500000000000000e+04
2.560600000000000000e+04
2.563100000000000000e+04
2.566600000000000000e+04
2.577700000000000000e+04
2.588900000000000000e+04
2.560300000000000000e+04
2.647500000000000000e+04
2.493700000000000000e+04
2.550500000000000000e+04
2.536400000000000000e+04
2.533900000000000000e+04
2.523100000000000000e+04
2.560500000000000000e+04
2.606700000000000000e+04
2.583500000000000000e+04
2.563800000000000000e+04
2.551700000000000000e+04
2.579500000000000000e+04
2.575300000000000000e+04
2.528100000000000000e+04
2.519300000000000000e+04
2.578300000000000000e+04
2.565900000000000000e+04
2.544900000000000000e+04
2.578500000000000000e+04
2.549900000000000000e+04
2.550900000000000000e+04
2.496900000000000000e+04
