1.047858619689941406e+01
1.047844552993774414e+01
1.047889328002929688e+01
1.039097142219543457e+01
1.048272657394409180e+01
1.041047501564025879e+01
1.040277886390686035e+01
1.043416023254394531e+01
1.041366600990295410e+01
1.041786646842956543e+01
1.046672224998474121e+01
1.045328927040100098e+01
1.044026136398315430e+01
1.048840522766113281e+01
1.040045094490051270e+01
1.053151679039001465e+01
1.049141931533813477e+01
1.041319036483764648e+01
1.040099024772644043e+01
1.043091678619384766e+01
1.041843557357788086e+01
1.047080683708190918e+01
1.044888925552368164e+01
1.046785640716552734e+01
1.040064144134521484e+01
1.048777699470520020e+01
1.045105576515197754e+01
1.048387885093688965e+01
1.039999485015869141e+01
1.047468209266662598e+01
1.044000506401062012e+01
1.047329854965209961e+01
1.046102333068847656e+01
1.046610379219055176e+01
1.044335103034973145e+01
1.040775704383850098e+01
1.043411445617675781e+01
1.041885900497436523e+01
1.050158572196960449e+01
1.051844739913940430e+01
1.044408774375915527e+01
