1.163799999999999990e+01
1.163199999999999967e+01
1.163100000000000023e+01
1.162500000000000000e+01
1.162500000000000000e+01
1.162599999999999945e+01
1.161899999999999977e+01
1.162100000000000044e+01
1.161899999999999977e+01
1.161500000000000021e+01
1.161899999999999977e+01
1.161400000000000077e+01
1.161200000000000010e+01
1.161500000000000021e+01
1.161200000000000010e+01
1.161299999999999955e+01
1.160899999999999999e+01
1.160800000000000054e+01
1.160899999999999999e+01
1.160899999999999999e+01
1.160800000000000054e+01
1.160800000000000054e+01
1.160500000000000043e+01
1.160599999999999987e+01
1.160399999999999920e+01
1.160599999999999987e+01
1.160800000000000054e+01
1.160399999999999920e+01
1.160100000000000087e+01
1.160399999999999920e+01
1.160100000000000087e+01
1.160100000000000087e+01
1.160399999999999920e+01
1.160200000000000031e+01
1.160100000000000087e+01
1.160200000000000031e+01
1.160399999999999920e+01
1.159999999999999964e+01
1.160200000000000031e+01
1.160100000000000087e+01
1.159999999999999964e+01
1.160399999999999920e+01
1.160699999999999932e+01
1.160999999999999943e+01
1.160599999999999987e+01
1.160800000000000054e+01
1.160599999999999987e+01
1.160599999999999987e+01
1.160299999999999976e+01
1.160699999999999932e+01
1.160699999999999932e+01
1.160800000000000054e+01
1.160299999999999976e+01
1.160699999999999932e+01
1.160699999999999932e+01
1.160599999999999987e+01
1.160699999999999932e+01
1.160599999999999987e+01
1.160200000000000031e+01
1.160299999999999976e+01
1.160599999999999987e+01
1.160599999999999987e+01
1.160299999999999976e+01
1.160800000000000054e+01
1.160699999999999932e+01
1.160699999999999932e+01
1.160299999999999976e+01
1.160699999999999932e+01
1.160699999999999932e+01
1.160699999999999932e+01
1.160699999999999932e+01
1.160999999999999943e+01
1.160599999999999987e+01
1.160599999999999987e+01
1.160699999999999932e+01
1.160399999999999920e+01
1.160599999999999987e+01
1.160599999999999987e+01
1.160800000000000054e+01
1.160399999999999920e+01
1.160200000000000031e+01
1.160599999999999987e+01
1.160699999999999932e+01
1.160200000000000031e+01
1.159900000000000020e+01
1.159900000000000020e+01
1.160399999999999920e+01
1.160299999999999976e+01
1.160399999999999920e+01
1.159900000000000020e+01
1.160599999999999987e+01
1.160599999999999987e+01
1.160299999999999976e+01
1.160200000000000031e+01
1.160399999999999920e+01
1.160599999999999987e+01
1.160200000000000031e+01
1.160299999999999976e+01
1.160200000000000031e+01
1.160399999999999920e+01
1.160299999999999976e+01
1.160399999999999920e+01
1.160599999999999987e+01
1.159900000000000020e+01
1.160200000000000031e+01
1.160299999999999976e+01
1.160200000000000031e+01
1.160299999999999976e+01
1.160299999999999976e+01
1.160200000000000031e+01
1.160200000000000031e+01
1.160599999999999987e+01
1.160200000000000031e+01
1.160200000000000031e+01
1.160100000000000087e+01
1.160200000000000031e+01
1.160100000000000087e+01
1.160200000000000031e+01
1.160299999999999976e+01
1.160299999999999976e+01
1.159900000000000020e+01
1.160200000000000031e+01
1.160100000000000087e+01
1.160100000000000087e+01
1.160200000000000031e+01
1.160299999999999976e+01
1.160100000000000087e+01
1.160299999999999976e+01
1.160399999999999920e+01
1.160299999999999976e+01
1.159900000000000020e+01
1.160100000000000087e+01
1.160299999999999976e+01
1.160200000000000031e+01
1.160100000000000087e+01
1.160100000000000087e+01
1.160599999999999987e+01
1.160299999999999976e+01
1.159699999999999953e+01
1.160100000000000087e+01
1.160200000000000031e+01
1.159699999999999953e+01
1.160299999999999976e+01
1.160200000000000031e+01
1.160100000000000087e+01
1.160100000000000087e+01
1.160200000000000031e+01
1.160100000000000087e+01
1.160200000000000031e+01
