3.604000000000000000e+03
3.901000000000000000e+03
3.890000000000000000e+03
3.916000000000000000e+03
3.806000000000000000e+03
3.848000000000000000e+03
4.054000000000000000e+03
3.862000000000000000e+03
3.880000000000000000e+03
3.719000000000000000e+03
4.074000000000000000e+03
3.872000000000000000e+03
3.730000000000000000e+03
3.925000000000000000e+03
3.770000000000000000e+03
3.687000000000000000e+03
3.968000000000000000e+03
3.860000000000000000e+03
3.646000000000000000e+03
3.712000000000000000e+03
3.812000000000000000e+03
3.636000000000000000e+03
3.832000000000000000e+03
3.774000000000000000e+03
3.746000000000000000e+03
3.706000000000000000e+03
3.728000000000000000e+03
3.581000000000000000e+03
3.646000000000000000e+03
3.498000000000000000e+03
3.455000000000000000e+03
3.484000000000000000e+03
3.570000000000000000e+03
3.496000000000000000e+03
3.424000000000000000e+03
3.492000000000000000e+03
3.545000000000000000e+03
3.576000000000000000e+03
3.694000000000000000e+03
3.580000000000000000e+03
3.716000000000000000e+03
3.752000000000000000e+03
3.682000000000000000e+03
3.631000000000000000e+03
3.656000000000000000e+03
3.628000000000000000e+03
3.734000000000000000e+03
3.668000000000000000e+03
3.734000000000000000e+03
3.772000000000000000e+03
3.812000000000000000e+03
3.756000000000000000e+03
3.716000000000000000e+03
3.792000000000000000e+03
3.768000000000000000e+03
3.878000000000000000e+03
3.756000000000000000e+03
3.950000000000000000e+03
3.815000000000000000e+03
3.832000000000000000e+03
3.858000000000000000e+03
3.976000000000000000e+03
3.862000000000000000e+03
3.852000000000000000e+03
3.986000000000000000e+03
3.966000000000000000e+03
3.972000000000000000e+03
3.847000000000000000e+03
3.728000000000000000e+03
3.862000000000000000e+03
4.060000000000000000e+03
3.810000000000000000e+03
3.742000000000000000e+03
3.907000000000000000e+03
4.056000000000000000e+03
3.888000000000000000e+03
3.912000000000000000e+03
3.904000000000000000e+03
4.069000000000000000e+03
3.704000000000000000e+03
3.852000000000000000e+03
