9.728148221969604492e+00
9.519919633865356445e+00
9.455866336822509766e+00
9.542958021163940430e+00
9.487596273422241211e+00
9.427482128143310547e+00
9.465605497360229492e+00
9.494852304458618164e+00
9.730983495712280273e+00
9.511402130126953125e+00
9.516690254211425781e+00
9.526018619537353516e+00
9.512118577957153320e+00
9.521518945693969727e+00
9.536499500274658203e+00
9.588026285171508789e+00
9.500041007995605469e+00
9.496131658554077148e+00
9.474447011947631836e+00
9.580758571624755859e+00
9.471849679946899414e+00
9.449263811111450195e+00
9.449616193771362305e+00
9.479762315750122070e+00
9.539361715316772461e+00
9.512603044509887695e+00
9.489196538925170898e+00
9.423410177230834961e+00
9.631024360656738281e+00
9.454508066177368164e+00
9.486939430236816406e+00
9.482599973678588867e+00
9.618718385696411133e+00
9.468338966369628906e+00
9.572857618331909180e+00
9.439592123031616211e+00
9.536252498626708984e+00
9.552917003631591797e+00
9.496232271194458008e+00
9.488684415817260742e+00
9.575965881347656250e+00
9.507158756256103516e+00
9.522073984146118164e+00
9.523389101028442383e+00
9.550982713699340820e+00
9.541433095932006836e+00
9.509202718734741211e+00
9.554966449737548828e+00
9.530626773834228516e+00
9.536750555038452148e+00
9.493411779403686523e+00
9.458643674850463867e+00
9.528287172317504883e+00
9.491538763046264648e+00
9.463468074798583984e+00
9.472938299179077148e+00
9.521878957748413086e+00
9.539637565612792969e+00
9.486806392669677734e+00
9.482105731964111328e+00
9.589525461196899414e+00
9.512334108352661133e+00
9.554189920425415039e+00
9.479472875595092773e+00
9.491655349731445312e+00
9.482104063034057617e+00
9.526180028915405273e+00
9.540132045745849609e+00
9.568309068679809570e+00
9.474897384643554688e+00
9.479097366333007812e+00
9.527990579605102539e+00
9.574404716491699219e+00
9.488177061080932617e+00
9.515284299850463867e+00
9.490483760833740234e+00
9.589874744415283203e+00
9.513685464859008789e+00
9.511308670043945312e+00
9.541050195693969727e+00
9.497101068496704102e+00
