1.194800000000000040e+01
1.194400000000000084e+01
1.193699999999999939e+01
1.193599999999999994e+01
1.193200000000000038e+01
1.193099999999999916e+01
1.192699999999999960e+01
1.192399999999999949e+01
1.192600000000000016e+01
1.192600000000000016e+01
1.192600000000000016e+01
1.192200000000000060e+01
1.192300000000000004e+01
1.191200000000000081e+01
1.191000000000000014e+01
1.191699999999999982e+01
1.191300000000000026e+01
1.191000000000000014e+01
1.191300000000000026e+01
1.191300000000000026e+01
1.191399999999999970e+01
1.190900000000000070e+01
1.190900000000000070e+01
1.191200000000000081e+01
1.191300000000000026e+01
1.191200000000000081e+01
1.190799999999999947e+01
1.190799999999999947e+01
1.190799999999999947e+01
1.190600000000000058e+01
1.190799999999999947e+01
1.190399999999999991e+01
1.190399999999999991e+01
1.190799999999999947e+01
1.190499999999999936e+01
1.190600000000000058e+01
1.190600000000000058e+01
1.190600000000000058e+01
1.190399999999999991e+01
1.190399999999999991e+01
1.190600000000000058e+01
1.190399999999999991e+01
1.190799999999999947e+01
1.190199999999999925e+01
1.190900000000000070e+01
1.190799999999999947e+01
1.190900000000000070e+01
1.190499999999999936e+01
1.190799999999999947e+01
1.190399999999999991e+01
1.190900000000000070e+01
1.190399999999999991e+01
1.190600000000000058e+01
1.190600000000000058e+01
1.190499999999999936e+01
1.190600000000000058e+01
1.190199999999999925e+01
1.190399999999999991e+01
1.190600000000000058e+01
1.190399999999999991e+01
1.190600000000000058e+01
1.190099999999999980e+01
1.190399999999999991e+01
1.190099999999999980e+01
1.190199999999999925e+01
1.190199999999999925e+01
1.190600000000000058e+01
1.190000000000000036e+01
1.190399999999999991e+01
1.190199999999999925e+01
1.190199999999999925e+01
1.190399999999999991e+01
1.190099999999999980e+01
1.190099999999999980e+01
1.190399999999999991e+01
1.189899999999999913e+01
1.188000000000000078e+01
1.188400000000000034e+01
1.188499999999999979e+01
1.188599999999999923e+01
1.188499999999999979e+01
