2.000000000000000000e+02
1.900000000000000000e+02
2.180000000000000000e+02
2.200000000000000000e+02
1.980000000000000000e+02
1.600000000000000000e+02
1.780000000000000000e+02
1.760000000000000000e+02
1.860000000000000000e+02
1.940000000000000000e+02
1.920000000000000000e+02
2.000000000000000000e+02
1.840000000000000000e+02
1.720000000000000000e+02
1.820000000000000000e+02
1.720000000000000000e+02
1.540000000000000000e+02
1.940000000000000000e+02
1.620000000000000000e+02
2.100000000000000000e+02
1.880000000000000000e+02
1.980000000000000000e+02
1.620000000000000000e+02
2.000000000000000000e+02
1.620000000000000000e+02
1.760000000000000000e+02
1.380000000000000000e+02
1.940000000000000000e+02
1.780000000000000000e+02
1.700000000000000000e+02
1.960000000000000000e+02
2.340000000000000000e+02
2.460000000000000000e+02
2.680000000000000000e+02
2.880000000000000000e+02
3.320000000000000000e+02
3.780000000000000000e+02
4.320000000000000000e+02
4.520000000000000000e+02
4.520000000000000000e+02
5.080000000000000000e+02
5.280000000000000000e+02
5.840000000000000000e+02
6.140000000000000000e+02
6.420000000000000000e+02
5.680000000000000000e+02
5.640000000000000000e+02
5.660000000000000000e+02
5.440000000000000000e+02
5.520000000000000000e+02
4.360000000000000000e+02
4.280000000000000000e+02
4.240000000000000000e+02
4.500000000000000000e+02
4.120000000000000000e+02
3.540000000000000000e+02
3.160000000000000000e+02
2.740000000000000000e+02
2.660000000000000000e+02
2.200000000000000000e+02
2.400000000000000000e+02
2.760000000000000000e+02
2.460000000000000000e+02
2.700000000000000000e+02
2.800000000000000000e+02
3.160000000000000000e+02
4.500000000000000000e+02
4.060000000000000000e+02
4.000000000000000000e+02
3.360000000000000000e+02
3.300000000000000000e+02
3.340000000000000000e+02
2.700000000000000000e+02
1.980000000000000000e+02
2.180000000000000000e+02
2.120000000000000000e+02
1.820000000000000000e+02
1.860000000000000000e+02
1.900000000000000000e+02
1.740000000000000000e+02
1.760000000000000000e+02
