1.236700000000000000e+04
1.291900000000000000e+04
1.258700000000000000e+04
1.288300000000000000e+04
1.297500000000000000e+04
1.312500000000000000e+04
1.285700000000000000e+04
1.259500000000000000e+04
1.298900000000000000e+04
1.298900000000000000e+04
1.284700000000000000e+04
1.272500000000000000e+04
1.287300000000000000e+04
1.310800000000000000e+04
1.328700000000000000e+04
1.260200000000000000e+04
1.270300000000000000e+04
1.301300000000000000e+04
1.323900000000000000e+04
1.300100000000000000e+04
1.298900000000000000e+04
1.251500000000000000e+04
1.296300000000000000e+04
1.300500000000000000e+04
1.324700000000000000e+04
1.314100000000000000e+04
1.281300000000000000e+04
1.269700000000000000e+04
1.268300000000000000e+04
1.265300000000000000e+04
1.314900000000000000e+04
1.322900000000000000e+04
1.299000000000000000e+04
1.280900000000000000e+04
1.261400000000000000e+04
1.265900000000000000e+04
1.318500000000000000e+04
1.277100000000000000e+04
1.305300000000000000e+04
1.211800000000000000e+04
1.261700000000000000e+04
1.298900000000000000e+04
1.257000000000000000e+04
1.262700000000000000e+04
1.270900000000000000e+04
1.274700000000000000e+04
1.284300000000000000e+04
1.295100000000000000e+04
1.289800000000000000e+04
1.293300000000000000e+04
1.279700000000000000e+04
1.259700000000000000e+04
1.267700000000000000e+04
1.256800000000000000e+04
1.242900000000000000e+04
1.261600000000000000e+04
1.293600000000000000e+04
1.288500000000000000e+04
1.260100000000000000e+04
1.262500000000000000e+04
1.249700000000000000e+04
1.276700000000000000e+04
1.277300000000000000e+04
1.255900000000000000e+04
1.255900000000000000e+04
1.275000000000000000e+04
1.254700000000000000e+04
1.294500000000000000e+04
1.265900000000000000e+04
1.251100000000000000e+04
1.269100000000000000e+04
1.274800000000000000e+04
1.249900000000000000e+04
1.296500000000000000e+04
1.261900000000000000e+04
1.296800000000000000e+04
1.256300000000000000e+04
1.225300000000000000e+04
1.281900000000000000e+04
1.263900000000000000e+04
1.308200000000000000e+04
