1.034000000000000000e+03
1.170000000000000000e+03
1.218000000000000000e+03
1.324000000000000000e+03
1.312000000000000000e+03
1.152000000000000000e+03
1.256000000000000000e+03
1.174000000000000000e+03
1.214000000000000000e+03
1.230000000000000000e+03
1.217000000000000000e+03
1.276000000000000000e+03
1.185000000000000000e+03
1.198000000000000000e+03
1.140000000000000000e+03
1.235000000000000000e+03
1.252000000000000000e+03
1.218000000000000000e+03
1.166000000000000000e+03
1.240000000000000000e+03
1.158000000000000000e+03
1.166000000000000000e+03
1.172000000000000000e+03
1.216000000000000000e+03
1.264000000000000000e+03
1.240000000000000000e+03
1.252000000000000000e+03
1.210000000000000000e+03
1.334000000000000000e+03
1.258000000000000000e+03
1.234000000000000000e+03
1.236000000000000000e+03
1.220000000000000000e+03
1.196000000000000000e+03
1.176000000000000000e+03
1.196000000000000000e+03
1.154000000000000000e+03
1.138000000000000000e+03
1.052000000000000000e+03
1.046000000000000000e+03
7.920000000000000000e+02
3.800000000000000000e+02
1.226000000000000000e+03
1.212000000000000000e+03
1.144000000000000000e+03
1.206000000000000000e+03
1.194000000000000000e+03
1.257000000000000000e+03
1.196000000000000000e+03
1.258000000000000000e+03
1.157000000000000000e+03
1.192000000000000000e+03
1.126000000000000000e+03
1.166000000000000000e+03
1.152000000000000000e+03
1.118000000000000000e+03
1.032000000000000000e+03
9.560000000000000000e+02
9.220000000000000000e+02
9.660000000000000000e+02
9.100000000000000000e+02
6.420000000000000000e+02
1.280000000000000000e+02
1.090000000000000000e+03
1.186000000000000000e+03
1.144000000000000000e+03
1.185000000000000000e+03
1.060000000000000000e+03
1.140000000000000000e+03
1.232000000000000000e+03
1.239000000000000000e+03
1.252000000000000000e+03
1.178000000000000000e+03
1.210000000000000000e+03
1.190000000000000000e+03
1.234000000000000000e+03
1.180000000000000000e+03
1.212000000000000000e+03
1.154000000000000000e+03
1.086000000000000000e+03
9.600000000000000000e+02
8.960000000000000000e+02
7.180000000000000000e+02
1.018000000000000000e+03
1.198000000000000000e+03
1.140000000000000000e+03
1.224000000000000000e+03
1.246000000000000000e+03
1.270000000000000000e+03
1.196000000000000000e+03
1.204000000000000000e+03
1.206000000000000000e+03
1.208000000000000000e+03
1.258000000000000000e+03
1.253000000000000000e+03
1.194000000000000000e+03
1.235000000000000000e+03
1.193000000000000000e+03
1.274000000000000000e+03
1.198000000000000000e+03
1.154000000000000000e+03
1.112000000000000000e+03
1.026000000000000000e+03
8.000000000000000000e+02
3.240000000000000000e+02
9.940000000000000000e+02
1.154000000000000000e+03
1.198000000000000000e+03
1.172000000000000000e+03
1.150000000000000000e+03
1.174000000000000000e+03
1.276000000000000000e+03
1.180000000000000000e+03
1.128000000000000000e+03
1.258000000000000000e+03
1.204000000000000000e+03
1.204000000000000000e+03
1.166000000000000000e+03
1.188000000000000000e+03
1.244000000000000000e+03
1.278000000000000000e+03
1.266000000000000000e+03
1.056000000000000000e+03
1.091000000000000000e+03
9.770000000000000000e+02
1.056000000000000000e+03
1.214000000000000000e+03
1.192000000000000000e+03
1.190000000000000000e+03
1.136000000000000000e+03
1.197000000000000000e+03
1.248000000000000000e+03
1.192000000000000000e+03
1.204000000000000000e+03
1.252000000000000000e+03
1.208000000000000000e+03
1.192000000000000000e+03
1.306000000000000000e+03
1.160000000000000000e+03
1.188000000000000000e+03
1.156000000000000000e+03
1.002000000000000000e+03
9.590000000000000000e+02
9.240000000000000000e+02
9.340000000000000000e+02
9.880000000000000000e+02
8.720000000000000000e+02
1.168000000000000000e+03
1.261000000000000000e+03
1.221000000000000000e+03
1.176000000000000000e+03
1.206000000000000000e+03
1.242000000000000000e+03
1.252000000000000000e+03
1.207000000000000000e+03
1.134000000000000000e+03
1.174000000000000000e+03
1.182000000000000000e+03
1.172000000000000000e+03
1.162000000000000000e+03
1.162000000000000000e+03
1.234000000000000000e+03
1.258000000000000000e+03
1.220000000000000000e+03
1.189000000000000000e+03
1.202000000000000000e+03
1.236000000000000000e+03
1.184000000000000000e+03
1.204000000000000000e+03
1.126000000000000000e+03
1.163000000000000000e+03
1.222000000000000000e+03
1.285000000000000000e+03
1.200000000000000000e+03
1.284000000000000000e+03
1.217000000000000000e+03
1.250000000000000000e+03
1.246000000000000000e+03
1.231000000000000000e+03
1.232000000000000000e+03
1.127000000000000000e+03
1.168000000000000000e+03
1.208000000000000000e+03
1.200000000000000000e+03
1.221000000000000000e+03
1.228000000000000000e+03
1.144000000000000000e+03
1.164000000000000000e+03
1.254000000000000000e+03
1.158000000000000000e+03
1.338000000000000000e+03
1.247000000000000000e+03
1.162000000000000000e+03
1.142000000000000000e+03
1.210000000000000000e+03
1.222000000000000000e+03
1.222000000000000000e+03
1.224000000000000000e+03
1.224000000000000000e+03
1.163000000000000000e+03
