2.503300000000000000e+04
2.591300000000000000e+04
2.587500000000000000e+04
2.567300000000000000e+04
2.600100000000000000e+04
2.585500000000000000e+04
2.545100000000000000e+04
2.613100000000000000e+04
2.574000000000000000e+04
2.596500000000000000e+04
2.594400000000000000e+04
2.576100000000000000e+04
2.566100000000000000e+04
2.565100000000000000e+04
2.596900000000000000e+04
2.577500000000000000e+04
2.587700000000000000e+04
2.564300000000000000e+04
2.591300000000000000e+04
2.590000000000000000e+04
2.583700000000000000e+04
2.561300000000000000e+04
2.559700000000000000e+04
2.553700000000000000e+04
2.588900000000000000e+04
2.581900000000000000e+04
2.582900000000000000e+04
2.554500000000000000e+04
2.602100000000000000e+04
2.605100000000000000e+04
2.545300000000000000e+04
2.573900000000000000e+04
2.574800000000000000e+04
2.602900000000000000e+04
2.594100000000000000e+04
2.589700000000000000e+04
2.625700000000000000e+04
2.570900000000000000e+04
2.603500000000000000e+04
2.575700000000000000e+04
2.594900000000000000e+04
2.605500000000000000e+04
2.557100000000000000e+04
2.562500000000000000e+04
2.582100000000000000e+04
2.587500000000000000e+04
2.590700000000000000e+04
2.631900000000000000e+04
2.546700000000000000e+04
2.563100000000000000e+04
2.611700000000000000e+04
2.567900000000000000e+04
2.585300000000000000e+04
2.588700000000000000e+04
2.551100000000000000e+04
2.611700000000000000e+04
2.561600000000000000e+04
2.553900000000000000e+04
2.628700000000000000e+04
2.566500000000000000e+04
2.621200000000000000e+04
2.609500000000000000e+04
2.593100000000000000e+04
2.615500000000000000e+04
2.597300000000000000e+04
2.610300000000000000e+04
2.591500000000000000e+04
2.564700000000000000e+04
2.550100000000000000e+04
2.553500000000000000e+04
2.607300000000000000e+04
2.539200000000000000e+04
2.567900000000000000e+04
2.562500000000000000e+04
2.569500000000000000e+04
2.602100000000000000e+04
2.563700000000000000e+04
2.617500000000000000e+04
2.606500000000000000e+04
2.593300000000000000e+04
2.639300000000000000e+04
2.592600000000000000e+04
2.561100000000000000e+04
2.627300000000000000e+04
2.595100000000000000e+04
2.604900000000000000e+04
2.607500000000000000e+04
2.596900000000000000e+04
2.583900000000000000e+04
2.590500000000000000e+04
2.641700000000000000e+04
2.599300000000000000e+04
2.604900000000000000e+04
