1.473000000000000000e+03
1.357000000000000000e+03
1.409000000000000000e+03
1.369000000000000000e+03
1.561000000000000000e+03
1.371000000000000000e+03
1.363000000000000000e+03
1.341000000000000000e+03
1.375000000000000000e+03
1.497000000000000000e+03
1.582000000000000000e+03
1.447000000000000000e+03
1.291000000000000000e+03
1.251000000000000000e+03
1.508000000000000000e+03
1.527000000000000000e+03
1.521000000000000000e+03
1.362000000000000000e+03
1.335000000000000000e+03
1.445000000000000000e+03
1.453000000000000000e+03
1.411000000000000000e+03
1.429000000000000000e+03
1.448000000000000000e+03
1.639000000000000000e+03
1.601000000000000000e+03
1.382000000000000000e+03
1.313000000000000000e+03
1.537000000000000000e+03
1.641000000000000000e+03
1.469000000000000000e+03
1.571000000000000000e+03
1.567000000000000000e+03
1.550000000000000000e+03
1.499000000000000000e+03
1.537000000000000000e+03
1.441000000000000000e+03
1.419000000000000000e+03
1.299000000000000000e+03
1.329000000000000000e+03
1.535000000000000000e+03
1.669000000000000000e+03
1.688000000000000000e+03
1.673000000000000000e+03
1.604000000000000000e+03
1.651000000000000000e+03
1.709000000000000000e+03
1.659000000000000000e+03
1.707000000000000000e+03
1.547000000000000000e+03
1.719000000000000000e+03
1.651000000000000000e+03
1.569000000000000000e+03
1.632000000000000000e+03
1.579000000000000000e+03
1.561000000000000000e+03
1.759000000000000000e+03
1.631000000000000000e+03
1.655000000000000000e+03
1.635000000000000000e+03
1.573000000000000000e+03
1.625000000000000000e+03
1.546000000000000000e+03
1.476000000000000000e+03
1.501000000000000000e+03
1.614000000000000000e+03
1.576000000000000000e+03
1.513000000000000000e+03
1.420000000000000000e+03
1.549000000000000000e+03
1.659000000000000000e+03
1.721000000000000000e+03
1.642000000000000000e+03
1.667000000000000000e+03
1.765000000000000000e+03
1.749000000000000000e+03
1.440000000000000000e+03
1.462000000000000000e+03
1.485000000000000000e+03
1.453000000000000000e+03
1.423000000000000000e+03
