1.596622529265016299e-01
1.846635367762128332e-01
2.505307855626326963e-01
2.917647058823529260e-01
2.477876106194690231e-01
1.614298068607668002e-01
2.801120448179271749e-01
1.781753130590340017e-01
2.268578878748370165e-01
2.040816326530612290e-01
1.732146733232038105e-01
1.964285714285714246e-01
1.708820403825717371e-01
2.271293375394321801e-01
1.840981856990394905e-01
1.856043458578542360e-01
2.074688796680498049e-01
1.888207225630538499e-01
2.436974789915966333e-01
1.960045231813041799e-01
1.266968325791855143e-01
2.051575931232091643e-01
1.561904761904761851e-01
2.071065989847715727e-01
2.079806529625151112e-01
2.088353413654618351e-01
2.053675612602100242e-01
1.918976545842217551e-01
2.262068965517241292e-01
2.285714285714285643e-01
2.230088495575221208e-01
1.852861035422343206e-01
2.789598108747045058e-01
1.968680089485458640e-01
2.865013774104683275e-01
1.566579634464752013e-01
2.993827160493827133e-01
2.475570032573289891e-01
2.375886524822695134e-01
2.443609022556390842e-01
2.515923566878980888e-01
2.371134020618556604e-01
3.060109289617486406e-01
2.062780269058296090e-01
1.866666666666666752e-01
2.259887005649717506e-01
2.121212121212121271e-01
2.512077294685990392e-01
1.884816753926701616e-01
1.468926553672316448e-01
2.456140350877192846e-01
2.816901408450704358e-01
1.117647058823529466e-01
1.863354037267080654e-01
2.619047619047619180e-01
2.283950617283950490e-01
8.130081300813007950e-02
3.055555555555555802e-01
2.074074074074074014e-01
1.476190476190476220e-01
2.481751824817518270e-01
