2.440476190476190410e-01
2.815734989648033260e-01
2.721382289416846567e-01
1.707779886148007575e-01
2.041587901701323315e-01
3.282937365010799025e-01
2.447698744769874479e-01
2.725409836065573743e-01
2.721649484536082242e-01
3.056179775280898903e-01
2.376425855513308039e-01
2.642369020501139087e-01
2.676399026763990330e-01
2.754491017964071919e-01
2.594142259414226048e-01
2.768496420047732443e-01
2.494226327944572830e-01
2.935606060606060774e-01
2.710472279260780493e-01
3.149284253578731874e-01
2.200392927308447988e-01
3.094688221709007148e-01
2.648221343873518041e-01
2.805611222444889807e-01
2.682445759368836113e-01
3.496801705756929501e-01
2.544731610337971905e-01
3.458980044345897897e-01
2.621564482029598575e-01
3.145539906103286265e-01
3.415730337078651813e-01
2.669404517453798920e-01
3.068181818181818232e-01
2.525879917184264967e-01
2.486678507992895193e-01
2.585034013605442271e-01
2.352941176470588203e-01
2.385685884691848835e-01
2.628336755646817346e-01
2.246376811594202882e-01
1.852631578947368518e-01
1.482213438735177913e-01
2.390891840607210495e-01
2.417582417582417598e-01
2.583518930957683923e-01
2.829076620825147215e-01
2.978723404255319007e-01
2.649006622516556497e-01
3.275529865125240692e-01
2.783725910064239750e-01
4.242424242424242542e-01
2.553648068669527871e-01
2.966292134831460814e-01
2.958715596330275255e-01
3.263403263403263366e-01
2.602409638554216698e-01
2.211155378486055756e-01
2.231237322515212951e-01
1.939393939393939392e-01
2.226980728051391745e-01
1.712204007285974550e-01
1.968680089485458640e-01
1.627906976744186163e-01
2.227848101265822722e-01
2.640586797066014624e-01
2.142857142857142738e-01
2.483370288248337165e-01
2.361445783132530007e-01
2.540415704387991025e-01
3.487858719646799166e-01
2.632696390658174068e-01
2.100656455142231871e-01
2.386634844868734950e-01
2.460850111856823230e-01
3.062827225130890230e-01
2.653562653562653306e-01
2.494802494802494941e-01
2.860465116279069520e-01
2.493765586034912829e-01
1.904761904761904656e-01
2.829736211031175230e-01
2.630208333333333148e-01
2.442748091603053340e-01
2.698795180722891596e-01
2.048458149779735782e-01
3.325062034739453831e-01
2.748091603053435250e-01
3.031784841075794712e-01
1.950113378684807386e-01
3.073047858942065669e-01
2.560975609756097615e-01
2.291169451073985786e-01
2.857142857142856984e-01
3.120204603580562508e-01
2.712765957446808263e-01
2.325581395348837177e-01
2.216867469879517938e-01
2.708803611738149208e-01
2.628205128205128305e-01
2.482435597189695531e-01
2.433090024330900325e-01
3.113456464379947275e-01
2.284569138276553169e-01
2.245322245322245447e-01
2.786516853932584081e-01
2.247191011235954994e-01
1.625282167042889359e-01
1.938534278959810897e-01
2.675736961451247176e-01
2.863534675615212466e-01
2.913580246913580196e-01
2.185567010309278357e-01
2.972292191435768061e-01
3.499999999999999778e-01
2.653631284916201372e-01
3.483483483483483245e-01
3.042328042328042437e-01
3.893805309734513220e-01
1.985472154963680291e-01
2.770083102493074989e-01
2.591687041564791905e-01
2.174999999999999989e-01
2.493506493506493504e-01
3.223880597014925353e-01
2.932960893854748563e-01
4.036697247706422242e-01
2.422535211267605737e-01
2.754820936639118534e-01
2.809917355371900904e-01
2.506527415143602888e-01
3.250688705234159870e-01
3.026004728132387633e-01
3.553008595988538798e-01
2.377049180327868716e-01
3.665594855305466249e-01
2.693409742120344008e-01
3.021148036253776259e-01
2.845303867403314868e-01
2.865329512893982633e-01
3.039513677811550019e-01
2.515923566878980888e-01
2.284122562674094636e-01
2.194357366771159945e-01
3.344051446945337513e-01
2.140845070422535135e-01
3.113456464379947275e-01
2.255639097744360777e-01
2.346041055718475210e-01
3.361344537815126321e-01
2.598187311178247749e-01
2.322404371584699534e-01
3.284457478005864961e-01
2.975460122699386534e-01
3.679775280898876511e-01
2.475961538461538547e-01
3.569230769230768985e-01
2.962962962962962798e-01
3.621169916434540115e-01
2.277904328018223179e-01
2.942857142857142616e-01
2.879999999999999782e-01
3.034055727554179627e-01
3.442136498516320531e-01
2.222222222222222099e-01
3.685800604229607091e-01
2.202898550724637639e-01
2.156334231805930035e-01
2.699724517906336163e-01
2.599469496021220016e-01
3.028720626631853929e-01
3.302752293577981835e-01
3.165680473372781134e-01
2.915451895043731922e-01
2.935153583617747253e-01
2.748091603053435250e-01
2.533692722371967410e-01
3.372365339578454191e-01
3.002544529262086703e-01
2.505592841163311046e-01
2.929577464788732377e-01
3.081232492997199035e-01
3.138297872340425343e-01
3.089430894308943243e-01
2.814207650273223837e-01
4.236760124610591816e-01
2.865671641791044943e-01
1.602067183462532185e-01
2.978723404255319007e-01
3.053435114503816883e-01
2.500000000000000000e-01
3.182897862232779151e-01
2.899999999999999800e-01
2.760416666666666852e-01
1.983002832861189835e-01
2.367021276595744628e-01
3.267605633802816989e-01
3.014492753623188581e-01
3.183183183183183051e-01
3.284457478005864961e-01
3.402366863905325611e-01
