1.635370888267412559e-01
1.589152198707388108e-01
1.533824787195047501e-01
1.574033259867761991e-01
1.549284578696343284e-01
1.652965472991939633e-01
1.502430063908767321e-01
1.537591859807800887e-01
1.458811144113997815e-01
1.524579729679134410e-01
1.492864182209731050e-01
1.447132452512535361e-01
1.498590724404260666e-01
1.514341184658778705e-01
1.494847224733321378e-01
1.469665078837561478e-01
1.495645729108764088e-01
1.553151349478304466e-01
1.548790722514686857e-01
1.552642837695927813e-01
1.522234671405942041e-01
1.538885173675307860e-01
1.548047744284847260e-01
1.570908482236264003e-01
1.569152273012421051e-01
1.556233091424399917e-01
1.602209944751381288e-01
1.565737569898998649e-01
1.654067267212891990e-01
1.611027155744836625e-01
1.606368251038301775e-01
1.644005534087114029e-01
1.717588769611891053e-01
1.666912378986682430e-01
1.627964549190473731e-01
1.699715273540776950e-01
1.717745790619854551e-01
1.717358072848031159e-01
1.736822548967567326e-01
1.703245580428000561e-01
1.791613011589496540e-01
