7.090752320000000282e+02
7.090752340000000231e+02
7.090752240000000484e+02
7.090752270000000408e+02
7.090752310000000307e+02
7.090752340000000231e+02
7.090752350000000206e+02
7.090752300000000332e+02
7.090752280000000383e+02
7.090752310000000307e+02
7.090752330000000256e+02
7.090752300000000332e+02
7.090752270000000408e+02
7.090752400000000080e+02
7.090752320000000282e+02
7.090752340000000231e+02
7.090752350000000206e+02
7.090752280000000383e+02
7.090752280000000383e+02
7.090752290000000357e+02
7.090752290000000357e+02
7.090752360000000181e+02
7.090752330000000256e+02
7.090752310000000307e+02
7.090752330000000256e+02
7.090752330000000256e+02
7.090752340000000231e+02
7.090752240000000484e+02
7.090752300000000332e+02
7.090752250000000458e+02
7.090752360000000181e+02
7.090752270000000408e+02
7.090752280000000383e+02
7.090752330000000256e+02
7.090752300000000332e+02
7.090752250000000458e+02
7.090752270000000408e+02
7.090752290000000357e+02
7.090752280000000383e+02
7.090752330000000256e+02
7.090752300000000332e+02
7.090752340000000231e+02
7.090752270000000408e+02
7.090752360000000181e+02
7.090752300000000332e+02
7.090752320000000282e+02
7.090752300000000332e+02
7.090752310000000307e+02
7.090752300000000332e+02
7.090752330000000256e+02
7.090752370000000155e+02
7.090752270000000408e+02
7.090752280000000383e+02
7.090752350000000206e+02
7.090752250000000458e+02
7.090752320000000282e+02
7.090752330000000256e+02
7.090752260000000433e+02
7.090752260000000433e+02
7.090752260000000433e+02
7.090752220000000534e+02
7.090752330000000256e+02
7.090752370000000155e+02
7.090752360000000181e+02
7.090752310000000307e+02
7.090752270000000408e+02
7.090752280000000383e+02
7.090752380000000130e+02
7.090752300000000332e+02
7.090752320000000282e+02
7.090752300000000332e+02
7.090752260000000433e+02
7.090752400000000080e+02
7.090752330000000256e+02
7.090752360000000181e+02
7.090752280000000383e+02
7.090752260000000433e+02
7.090752260000000433e+02
7.090752230000000509e+02
7.090752270000000408e+02
7.090752310000000307e+02
7.090752290000000357e+02
7.090752320000000282e+02
7.090752310000000307e+02
7.090752360000000181e+02
7.090752320000000282e+02
7.090752250000000458e+02
7.090752300000000332e+02
7.090752310000000307e+02
7.090752320000000282e+02
7.090752310000000307e+02
7.090752310000000307e+02
7.090752210000000559e+02
7.090752330000000256e+02
7.090752310000000307e+02
7.090752300000000332e+02
7.090752310000000307e+02
7.090752320000000282e+02
7.090752290000000357e+02
7.090752290000000357e+02
7.090752270000000408e+02
7.090752340000000231e+02
7.090752290000000357e+02
7.090752300000000332e+02
7.090752330000000256e+02
7.090752330000000256e+02
7.090752350000000206e+02
7.090752360000000181e+02
7.090752270000000408e+02
7.090752270000000408e+02
7.090752260000000433e+02
7.090752300000000332e+02
7.090752290000000357e+02
7.090752290000000357e+02
7.090752350000000206e+02
7.090752320000000282e+02
7.090752330000000256e+02
7.090752260000000433e+02
7.090752350000000206e+02
7.090752340000000231e+02
7.090752260000000433e+02
7.090752260000000433e+02
7.090752270000000408e+02
7.090752300000000332e+02
7.090752320000000282e+02
7.090752270000000408e+02
7.090752270000000408e+02
7.090752250000000458e+02
7.090752280000000383e+02
7.090752350000000206e+02
7.090752350000000206e+02
7.090752350000000206e+02
7.090752240000000484e+02
7.090752300000000332e+02
7.090752300000000332e+02
7.090752310000000307e+02
7.090752290000000357e+02
7.090752210000000559e+02
7.090752230000000509e+02
7.090752310000000307e+02
7.090752290000000357e+02
7.090752250000000458e+02
7.090752300000000332e+02
7.090752290000000357e+02
7.090752240000000484e+02
7.090752340000000231e+02
7.090752300000000332e+02
7.090752330000000256e+02
7.090752230000000509e+02
