2.483773258329727285e-01
2.577060931899641805e-01
2.418279911139320781e-01
2.294592172094412907e-01
2.324888226527570823e-01
2.475217783118053572e-01
2.359186080802123386e-01
2.276657060518731956e-01
2.181717757525545309e-01
2.354731599335915804e-01
2.116149562450278521e-01
2.315514993481095074e-01
2.172508078548346933e-01
2.237217752400726678e-01
2.004686279614683597e-01
1.851188954231654249e-01
2.189300411522633882e-01
2.141414141414141326e-01
2.043290043290043323e-01
2.101449275362318736e-01
2.222984562607204229e-01
2.079173838209982805e-01
2.277921120530777832e-01
2.224761904761904663e-01
2.056655025223127764e-01
1.974177426072469821e-01
2.125328659070990223e-01
2.019013128112268074e-01
2.068965517241379282e-01
2.200791295746785392e-01
1.984089845577912958e-01
2.155630739487675307e-01
2.181724845995893225e-01
2.437810945273631846e-01
2.439276485788113569e-01
2.638664512654819716e-01
2.103071317022384146e-01
2.278893109061313205e-01
2.175593594699061217e-01
2.369116869381279744e-01
2.148617511520737322e-01
