9.669152498245239258e+00
9.651510953903198242e+00
9.635861635208129883e+00
9.628867864608764648e+00
9.623964071273803711e+00
9.599651575088500977e+00
9.614384889602661133e+00
9.624407291412353516e+00
9.569542169570922852e+00
9.720792770385742188e+00
9.624237537384033203e+00
9.654151201248168945e+00
9.801221847534179688e+00
9.635150909423828125e+00
9.556291580200195312e+00
9.607729911804199219e+00
9.587334871292114258e+00
9.647138833999633789e+00
9.652302026748657227e+00
9.634507179260253906e+00
9.629698276519775391e+00
9.565190315246582031e+00
9.703125953674316406e+00
9.620902061462402344e+00
9.628423929214477539e+00
9.543556690216064453e+00
9.622157573699951172e+00
9.576073408126831055e+00
9.635410308837890625e+00
9.585551738739013672e+00
9.584293365478515625e+00
9.535202264785766602e+00
9.504890441894531250e+00
9.438296079635620117e+00
9.601551294326782227e+00
9.575510263442993164e+00
9.572620391845703125e+00
9.588502883911132812e+00
9.626170635223388672e+00
9.632156133651733398e+00
9.593198537826538086e+00
9.569717168807983398e+00
9.610028982162475586e+00
9.585593461990356445e+00
9.636018991470336914e+00
9.698941469192504883e+00
9.626996040344238281e+00
9.536509513854980469e+00
9.573103904724121094e+00
9.591307878494262695e+00
9.696938991546630859e+00
9.624260425567626953e+00
9.623549222946166992e+00
9.631328821182250977e+00
9.613792657852172852e+00
9.691074371337890625e+00
9.669654607772827148e+00
9.702710390090942383e+00
9.614041090011596680e+00
9.579912185668945312e+00
9.666994094848632812e+00
9.599976301193237305e+00
9.640626430511474609e+00
9.689924001693725586e+00
9.623308658599853516e+00
9.615465402603149414e+00
9.634804964065551758e+00
9.634864091873168945e+00
9.625332593917846680e+00
9.563165903091430664e+00
9.651284933090209961e+00
9.543904781341552734e+00
9.641120672225952148e+00
9.692223548889160156e+00
9.574132204055786133e+00
9.628775835037231445e+00
9.659061431884765625e+00
9.593079090118408203e+00
9.609607219696044922e+00
9.694171190261840820e+00
9.615708827972412109e+00
