2.361400000000000000e+04
2.426700000000000000e+04
2.476200000000000000e+04
2.494300000000000000e+04
2.471800000000000000e+04
2.460700000000000000e+04
2.473900000000000000e+04
2.510900000000000000e+04
2.487300000000000000e+04
2.499300000000000000e+04
2.475900000000000000e+04
2.467300000000000000e+04
2.448100000000000000e+04
2.474300000000000000e+04
2.503900000000000000e+04
2.472100000000000000e+04
2.498900000000000000e+04
2.533500000000000000e+04
2.484400000000000000e+04
2.468700000000000000e+04
2.445500000000000000e+04
2.483500000000000000e+04
2.439100000000000000e+04
2.514500000000000000e+04
2.460100000000000000e+04
2.454300000000000000e+04
2.477900000000000000e+04
2.488900000000000000e+04
2.457300000000000000e+04
2.482100000000000000e+04
2.490500000000000000e+04
2.477700000000000000e+04
2.451300000000000000e+04
2.462500000000000000e+04
2.451500000000000000e+04
2.464500000000000000e+04
2.453900000000000000e+04
2.477300000000000000e+04
2.492500000000000000e+04
2.454300000000000000e+04
2.496300000000000000e+04
2.470100000000000000e+04
2.462300000000000000e+04
2.522400000000000000e+04
2.452100000000000000e+04
2.479500000000000000e+04
2.455900000000000000e+04
2.519700000000000000e+04
2.497100000000000000e+04
2.476100000000000000e+04
2.506700000000000000e+04
2.461500000000000000e+04
2.485900000000000000e+04
2.487100000000000000e+04
2.505600000000000000e+04
2.537300000000000000e+04
2.476700000000000000e+04
2.519300000000000000e+04
2.499500000000000000e+04
2.511300000000000000e+04
2.498500000000000000e+04
2.498500000000000000e+04
2.471600000000000000e+04
2.485100000000000000e+04
2.496700000000000000e+04
2.513500000000000000e+04
2.498500000000000000e+04
2.534700000000000000e+04
2.535700000000000000e+04
2.519500000000000000e+04
2.533100000000000000e+04
2.503700000000000000e+04
2.550900000000000000e+04
2.522900000000000000e+04
2.517300000000000000e+04
2.522500000000000000e+04
2.513700000000000000e+04
2.537900000000000000e+04
2.503300000000000000e+04
2.556900000000000000e+04
2.519500000000000000e+04
