2.364500000000000000e+04
2.574400000000000000e+04
2.577500000000000000e+04
2.560900000000000000e+04
2.567700000000000000e+04
2.585900000000000000e+04
2.559300000000000000e+04
2.532900000000000000e+04
2.550700000000000000e+04
2.554400000000000000e+04
2.585900000000000000e+04
2.559100000000000000e+04
2.520500000000000000e+04
2.496100000000000000e+04
2.518300000000000000e+04
2.570900000000000000e+04
2.568500000000000000e+04
2.575100000000000000e+04
2.556600000000000000e+04
2.530900000000000000e+04
2.513300000000000000e+04
2.527100000000000000e+04
2.561000000000000000e+04
2.520100000000000000e+04
2.550300000000000000e+04
2.528100000000000000e+04
2.525300000000000000e+04
2.526700000000000000e+04
2.531300000000000000e+04
2.494700000000000000e+04
2.519500000000000000e+04
2.472100000000000000e+04
2.522500000000000000e+04
2.506900000000000000e+04
2.511700000000000000e+04
2.492000000000000000e+04
2.489100000000000000e+04
2.512900000000000000e+04
2.520700000000000000e+04
2.475100000000000000e+04
2.489700000000000000e+04
2.535700000000000000e+04
2.518500000000000000e+04
2.493900000000000000e+04
2.497100000000000000e+04
2.479300000000000000e+04
2.521100000000000000e+04
2.495700000000000000e+04
2.475900000000000000e+04
2.528800000000000000e+04
2.516500000000000000e+04
2.509500000000000000e+04
2.525900000000000000e+04
2.492200000000000000e+04
2.469500000000000000e+04
2.489300000000000000e+04
2.490400000000000000e+04
2.489500000000000000e+04
2.492500000000000000e+04
2.505900000000000000e+04
2.488900000000000000e+04
2.529500000000000000e+04
2.506900000000000000e+04
2.477400000000000000e+04
2.492500000000000000e+04
2.501500000000000000e+04
2.526100000000000000e+04
2.483100000000000000e+04
2.443900000000000000e+04
2.510500000000000000e+04
2.486700000000000000e+04
2.540100000000000000e+04
2.485300000000000000e+04
2.542300000000000000e+04
2.522700000000000000e+04
2.476100000000000000e+04
2.517300000000000000e+04
2.525500000000000000e+04
2.484300000000000000e+04
2.455200000000000000e+04
2.470500000000000000e+04
2.519500000000000000e+04
2.487600000000000000e+04
2.483300000000000000e+04
2.508500000000000000e+04
2.514500000000000000e+04
2.544100000000000000e+04
2.510700000000000000e+04
2.526000000000000000e+04
2.495400000000000000e+04
2.474000000000000000e+04
2.511200000000000000e+04
2.501900000000000000e+04
2.506300000000000000e+04
2.472500000000000000e+04
2.474500000000000000e+04
2.515700000000000000e+04
2.490900000000000000e+04
2.474500000000000000e+04
2.483900000000000000e+04
2.516100000000000000e+04
2.467900000000000000e+04
2.509700000000000000e+04
2.522100000000000000e+04
2.454500000000000000e+04
2.516100000000000000e+04
2.508900000000000000e+04
2.506100000000000000e+04
2.503300000000000000e+04
2.500700000000000000e+04
2.473500000000000000e+04
2.511800000000000000e+04
2.496300000000000000e+04
2.498300000000000000e+04
2.474800000000000000e+04
2.488300000000000000e+04
2.470300000000000000e+04
2.527000000000000000e+04
2.448500000000000000e+04
2.472500000000000000e+04
2.541500000000000000e+04
2.503100000000000000e+04
2.459800000000000000e+04
2.530500000000000000e+04
2.510300000000000000e+04
2.495500000000000000e+04
2.488300000000000000e+04
2.517500000000000000e+04
2.534700000000000000e+04
2.468900000000000000e+04
2.520700000000000000e+04
2.504300000000000000e+04
2.508300000000000000e+04
2.503700000000000000e+04
2.488500000000000000e+04
2.496500000000000000e+04
2.509300000000000000e+04
2.495100000000000000e+04
2.512300000000000000e+04
2.480700000000000000e+04
2.497100000000000000e+04
2.506700000000000000e+04
2.512900000000000000e+04
2.492900000000000000e+04
2.455300000000000000e+04
2.501900000000000000e+04
2.479100000000000000e+04
2.458400000000000000e+04
2.455300000000000000e+04
2.474700000000000000e+04
2.499500000000000000e+04
2.482400000000000000e+04
2.509100000000000000e+04
2.478100000000000000e+04
2.457700000000000000e+04
2.462200000000000000e+04
2.465800000000000000e+04
2.472900000000000000e+04
2.473000000000000000e+04
2.502200000000000000e+04
2.494300000000000000e+04
