2.418300000000000000e+04
2.441900000000000000e+04
2.476700000000000000e+04
2.478900000000000000e+04
2.516500000000000000e+04
2.457500000000000000e+04
2.498300000000000000e+04
2.499900000000000000e+04
2.496300000000000000e+04
2.488900000000000000e+04
2.466700000000000000e+04
2.514300000000000000e+04
2.482500000000000000e+04
2.484900000000000000e+04
2.529300000000000000e+04
2.495500000000000000e+04
2.506700000000000000e+04
2.500300000000000000e+04
2.495900000000000000e+04
2.500900000000000000e+04
2.446500000000000000e+04
2.465600000000000000e+04
2.508200000000000000e+04
2.443700000000000000e+04
2.503400000000000000e+04
2.513700000000000000e+04
2.494700000000000000e+04
2.477300000000000000e+04
2.469100000000000000e+04
2.485500000000000000e+04
2.481100000000000000e+04
2.478600000000000000e+04
2.473900000000000000e+04
2.471500000000000000e+04
2.493200000000000000e+04
2.521700000000000000e+04
2.514900000000000000e+04
2.494100000000000000e+04
2.438700000000000000e+04
2.482500000000000000e+04
2.479100000000000000e+04
2.465900000000000000e+04
2.489600000000000000e+04
2.476900000000000000e+04
2.436700000000000000e+04
2.497700000000000000e+04
2.484900000000000000e+04
2.504800000000000000e+04
2.501100000000000000e+04
2.476300000000000000e+04
2.504400000000000000e+04
2.455500000000000000e+04
2.503100000000000000e+04
2.487700000000000000e+04
2.415100000000000000e+04
2.515500000000000000e+04
2.499500000000000000e+04
2.515100000000000000e+04
2.475500000000000000e+04
2.473300000000000000e+04
2.485700000000000000e+04
2.480700000000000000e+04
2.466900000000000000e+04
2.494900000000000000e+04
2.476500000000000000e+04
2.480500000000000000e+04
2.456400000000000000e+04
2.497100000000000000e+04
2.480700000000000000e+04
2.469500000000000000e+04
2.439300000000000000e+04
2.467700000000000000e+04
2.502700000000000000e+04
2.446900000000000000e+04
2.502900000000000000e+04
2.486700000000000000e+04
2.478500000000000000e+04
2.461700000000000000e+04
2.513100000000000000e+04
2.446100000000000000e+04
2.480100000000000000e+04
2.470900000000000000e+04
2.534700000000000000e+04
2.466400000000000000e+04
2.471500000000000000e+04
2.525500000000000000e+04
2.531600000000000000e+04
2.505900000000000000e+04
2.492300000000000000e+04
2.499700000000000000e+04
2.466300000000000000e+04
2.513300000000000000e+04
2.501700000000000000e+04
