9.617674350738525391e+00
9.587048530578613281e+00
9.614150285720825195e+00
9.548969507217407227e+00
9.552034378051757812e+00
9.602132558822631836e+00
9.624402046203613281e+00
9.626745700836181641e+00
9.592829942703247070e+00
9.538851261138916016e+00
9.593923330307006836e+00
9.551238775253295898e+00
9.553215026855468750e+00
9.587550640106201172e+00
9.567995309829711914e+00
9.615667819976806641e+00
9.606359004974365234e+00
9.605382680892944336e+00
9.596464395523071289e+00
9.567995309829711914e+00
9.548074007034301758e+00
9.514093637466430664e+00
9.599161624908447266e+00
9.610154151916503906e+00
9.711511373519897461e+00
9.586849927902221680e+00
9.591849565505981445e+00
9.593986034393310547e+00
9.596442222595214844e+00
9.613474369049072266e+00
9.617891073226928711e+00
9.547043323516845703e+00
9.527992725372314453e+00
9.589673757553100586e+00
9.625314474105834961e+00
9.512970924377441406e+00
9.624550104141235352e+00
9.596429109573364258e+00
9.752306461334228516e+00
9.582893371582031250e+00
9.572037935256958008e+00
9.577554464340209961e+00
9.562938928604125977e+00
9.528593301773071289e+00
9.565033435821533203e+00
9.655975580215454102e+00
9.557115554809570312e+00
9.549357175827026367e+00
9.560167551040649414e+00
9.580615997314453125e+00
9.589888572692871094e+00
9.587678909301757812e+00
9.738587617874145508e+00
9.598405361175537109e+00
9.533377885818481445e+00
9.578316450119018555e+00
9.650886297225952148e+00
9.633882045745849609e+00
9.529896736145019531e+00
9.612228155136108398e+00
9.610709190368652344e+00
9.586099147796630859e+00
9.521834373474121094e+00
9.565926551818847656e+00
9.585967302322387695e+00
9.587694883346557617e+00
9.700961828231811523e+00
9.542801618576049805e+00
9.565941810607910156e+00
9.552582979202270508e+00
9.544500589370727539e+00
9.572377681732177734e+00
9.595565080642700195e+00
9.577682971954345703e+00
9.524557113647460938e+00
9.575149297714233398e+00
9.647716045379638672e+00
9.532386302947998047e+00
9.608820915222167969e+00
9.584568262100219727e+00
9.576346874237060547e+00
