5.230000000000000000e+02
4.640000000000000000e+02
4.940000000000000000e+02
5.220000000000000000e+02
5.560000000000000000e+02
5.060000000000000000e+02
4.620000000000000000e+02
5.480000000000000000e+02
4.140000000000000000e+02
4.340000000000000000e+02
4.640000000000000000e+02
4.060000000000000000e+02
5.140000000000000000e+02
3.940000000000000000e+02
5.120000000000000000e+02
4.940000000000000000e+02
4.430000000000000000e+02
4.500000000000000000e+02
4.720000000000000000e+02
5.010000000000000000e+02
4.860000000000000000e+02
4.670000000000000000e+02
3.960000000000000000e+02
4.380000000000000000e+02
3.820000000000000000e+02
4.140000000000000000e+02
4.900000000000000000e+02
4.420000000000000000e+02
3.940000000000000000e+02
4.000000000000000000e+02
4.140000000000000000e+02
4.420000000000000000e+02
4.380000000000000000e+02
4.160000000000000000e+02
4.440000000000000000e+02
4.540000000000000000e+02
3.860000000000000000e+02
3.920000000000000000e+02
3.400000000000000000e+02
2.940000000000000000e+02
3.140000000000000000e+02
3.000000000000000000e+02
3.180000000000000000e+02
3.900000000000000000e+02
3.690000000000000000e+02
3.320000000000000000e+02
3.840000000000000000e+02
4.380000000000000000e+02
3.940000000000000000e+02
4.240000000000000000e+02
4.240000000000000000e+02
4.480000000000000000e+02
4.300000000000000000e+02
4.640000000000000000e+02
3.880000000000000000e+02
4.620000000000000000e+02
4.840000000000000000e+02
4.600000000000000000e+02
5.240000000000000000e+02
4.050000000000000000e+02
5.140000000000000000e+02
4.900000000000000000e+02
5.240000000000000000e+02
5.160000000000000000e+02
4.670000000000000000e+02
5.100000000000000000e+02
4.900000000000000000e+02
4.920000000000000000e+02
4.620000000000000000e+02
4.480000000000000000e+02
5.020000000000000000e+02
4.710000000000000000e+02
4.880000000000000000e+02
5.400000000000000000e+02
5.220000000000000000e+02
5.500000000000000000e+02
5.040000000000000000e+02
4.960000000000000000e+02
4.880000000000000000e+02
5.450000000000000000e+02
5.160000000000000000e+02
