1.600000000000000000e+02
2.500000000000000000e+02
4.200000000000000000e+02
1.880000000000000000e+02
3.300000000000000000e+02
2.980000000000000000e+02
3.200000000000000000e+02
3.080000000000000000e+02
2.960000000000000000e+02
3.140000000000000000e+02
4.210000000000000000e+02
5.120000000000000000e+02
5.400000000000000000e+02
6.700000000000000000e+02
7.900000000000000000e+02
8.900000000000000000e+02
1.029000000000000000e+03
1.034000000000000000e+03
8.600000000000000000e+02
8.220000000000000000e+02
6.800000000000000000e+02
6.970000000000000000e+02
5.190000000000000000e+02
4.110000000000000000e+02
3.730000000000000000e+02
3.040000000000000000e+02
2.800000000000000000e+02
2.720000000000000000e+02
2.070000000000000000e+02
1.960000000000000000e+02
1.990000000000000000e+02
1.320000000000000000e+02
1.360000000000000000e+02
1.040000000000000000e+02
1.180000000000000000e+02
1.180000000000000000e+02
8.200000000000000000e+01
7.200000000000000000e+01
9.200000000000000000e+01
7.800000000000000000e+01
6.400000000000000000e+01
7.000000000000000000e+01
5.400000000000000000e+01
5.200000000000000000e+01
4.400000000000000000e+01
7.600000000000000000e+01
5.900000000000000000e+01
5.000000000000000000e+01
5.000000000000000000e+01
2.800000000000000000e+01
4.900000000000000000e+01
3.800000000000000000e+01
3.400000000000000000e+01
3.600000000000000000e+01
2.600000000000000000e+01
2.600000000000000000e+01
2.800000000000000000e+01
2.200000000000000000e+01
4.100000000000000000e+01
2.800000000000000000e+01
2.600000000000000000e+01
