2.488100000000000000e+04
2.602700000000000000e+04
2.571400000000000000e+04
2.547500000000000000e+04
2.598400000000000000e+04
2.550900000000000000e+04
2.569100000000000000e+04
2.570100000000000000e+04
2.512100000000000000e+04
2.558900000000000000e+04
2.530500000000000000e+04
2.552300000000000000e+04
2.551700000000000000e+04
2.526500000000000000e+04
2.542500000000000000e+04
2.555300000000000000e+04
2.515100000000000000e+04
2.565700000000000000e+04
2.575600000000000000e+04
2.507100000000000000e+04
2.574500000000000000e+04
2.575700000000000000e+04
2.528100000000000000e+04
2.490700000000000000e+04
2.515400000000000000e+04
2.543300000000000000e+04
2.576300000000000000e+04
2.549700000000000000e+04
2.544100000000000000e+04
2.515300000000000000e+04
2.542500000000000000e+04
2.581700000000000000e+04
2.572000000000000000e+04
2.526700000000000000e+04
2.581700000000000000e+04
2.519900000000000000e+04
2.573700000000000000e+04
2.535900000000000000e+04
2.529500000000000000e+04
2.581500000000000000e+04
2.546100000000000000e+04
2.559700000000000000e+04
2.577300000000000000e+04
2.586900000000000000e+04
2.545000000000000000e+04
2.536700000000000000e+04
2.551500000000000000e+04
2.511100000000000000e+04
2.554700000000000000e+04
2.544100000000000000e+04
2.600300000000000000e+04
2.533700000000000000e+04
2.543000000000000000e+04
2.570100000000000000e+04
2.535000000000000000e+04
2.538900000000000000e+04
2.536700000000000000e+04
2.527700000000000000e+04
2.544100000000000000e+04
2.605400000000000000e+04
2.571900000000000000e+04
2.575400000000000000e+04
2.535700000000000000e+04
2.616000000000000000e+04
2.576100000000000000e+04
2.544800000000000000e+04
2.564500000000000000e+04
2.573900000000000000e+04
2.552500000000000000e+04
2.610300000000000000e+04
2.600500000000000000e+04
2.607700000000000000e+04
2.580500000000000000e+04
2.594500000000000000e+04
2.544900000000000000e+04
2.560700000000000000e+04
2.573000000000000000e+04
2.572100000000000000e+04
2.541900000000000000e+04
2.547700000000000000e+04
2.562700000000000000e+04
