7.090778659999999718e+02
7.090781299999999874e+02
7.090781550000000379e+02
7.090781540000000405e+02
7.090781630000000177e+02
7.090781700000000001e+02
7.090781449999999495e+02
7.090781600000000253e+02
7.090781540000000405e+02
7.090781210000000101e+02
7.090781640000000152e+02
7.090751410000000305e+02
7.090781899999999496e+02
7.090781490000000531e+02
7.090781379999999672e+02
7.090781560000000354e+02
7.090781240000000025e+02
7.090781369999999697e+02
7.090781120000000328e+02
7.090781319999999823e+02
7.090781500000000506e+02
7.090780899999999747e+02
7.090780730000000176e+02
7.090780809999999974e+02
7.090781299999999874e+02
7.090780839999999898e+02
7.090781009999999469e+02
7.090780849999999873e+02
7.090780929999999671e+02
7.090780780000000050e+02
7.090781719999999950e+02
7.090780790000000025e+02
7.090780690000000277e+02
7.090780750000000126e+02
7.090781140000000278e+02
7.090750930000000380e+02
7.090780959999999595e+02
7.090780660000000353e+02
7.090780949999999621e+02
7.090781259999999975e+02
7.090780690000000277e+02
