1.190499999999999936e+01
1.190399999999999991e+01
1.190300000000000047e+01
1.190199999999999925e+01
1.189899999999999913e+01
1.189199999999999946e+01
1.189300000000000068e+01
1.189300000000000068e+01
1.189400000000000013e+01
1.189400000000000013e+01
1.189400000000000013e+01
1.189400000000000013e+01
1.188799999999999990e+01
1.189400000000000013e+01
1.188899999999999935e+01
1.188899999999999935e+01
1.189300000000000068e+01
1.189300000000000068e+01
1.189100000000000001e+01
1.188899999999999935e+01
1.189199999999999946e+01
1.188799999999999990e+01
1.188899999999999935e+01
1.188799999999999990e+01
1.188899999999999935e+01
1.189100000000000001e+01
1.189100000000000001e+01
1.188700000000000045e+01
1.188700000000000045e+01
1.188799999999999990e+01
1.188899999999999935e+01
1.188899999999999935e+01
1.188499999999999979e+01
1.188499999999999979e+01
1.188499999999999979e+01
1.188700000000000045e+01
1.188700000000000045e+01
1.188499999999999979e+01
1.188899999999999935e+01
1.188700000000000045e+01
1.188499999999999979e+01
1.188499999999999979e+01
1.188700000000000045e+01
1.188400000000000034e+01
1.188499999999999979e+01
1.188899999999999935e+01
1.188799999999999990e+01
1.188499999999999979e+01
1.188499999999999979e+01
1.188499999999999979e+01
1.188799999999999990e+01
1.188400000000000034e+01
1.188700000000000045e+01
1.188799999999999990e+01
1.188400000000000034e+01
1.188299999999999912e+01
1.188400000000000034e+01
1.188799999999999990e+01
1.188499999999999979e+01
1.188799999999999990e+01
1.189100000000000001e+01
1.188700000000000045e+01
1.188499999999999979e+01
1.188700000000000045e+01
1.188499999999999979e+01
1.188400000000000034e+01
1.188499999999999979e+01
1.188700000000000045e+01
1.187500000000000000e+01
1.187100000000000044e+01
1.187100000000000044e+01
1.187199999999999989e+01
1.187400000000000055e+01
1.187500000000000000e+01
1.187800000000000011e+01
1.187599999999999945e+01
1.187400000000000055e+01
1.187400000000000055e+01
1.187400000000000055e+01
1.187500000000000000e+01
1.187800000000000011e+01
