9.615844249725341797e+00
9.615215063095092773e+00
9.569651126861572266e+00
9.636295080184936523e+00
9.653218507766723633e+00
9.595503568649291992e+00
9.561637878417968750e+00
9.631855726242065430e+00
9.574867963790893555e+00
9.518977880477905273e+00
9.539008617401123047e+00
9.664041042327880859e+00
9.605936527252197266e+00
9.570343971252441406e+00
9.583591222763061523e+00
9.661424398422241211e+00
9.616656780242919922e+00
9.549138307571411133e+00
9.609464406967163086e+00
9.566826820373535156e+00
9.544442892074584961e+00
9.525499820709228516e+00
9.636538743972778320e+00
9.624524116516113281e+00
9.572143554687500000e+00
9.546030998229980469e+00
9.567943572998046875e+00
9.596243143081665039e+00
9.510552406311035156e+00
9.675187587738037109e+00
9.626584768295288086e+00
9.542833566665649414e+00
9.586151838302612305e+00
9.590808153152465820e+00
9.563697576522827148e+00
9.557802438735961914e+00
9.703141212463378906e+00
9.582744121551513672e+00
9.607611894607543945e+00
9.574900627136230469e+00
9.554185867309570312e+00
9.620855331420898438e+00
9.585462331771850586e+00
9.583289623260498047e+00
9.528507232666015625e+00
9.558485746383666992e+00
9.573671579360961914e+00
9.565049171447753906e+00
9.561265468597412109e+00
9.586066961288452148e+00
9.556840658187866211e+00
9.637153387069702148e+00
9.557890892028808594e+00
9.690672636032104492e+00
9.480273485183715820e+00
9.567197084426879883e+00
9.640611648559570312e+00
9.675219058990478516e+00
9.598920106887817383e+00
9.549739599227905273e+00
9.639647483825683594e+00
9.590251922607421875e+00
9.512856960296630859e+00
9.584053277969360352e+00
9.673506975173950195e+00
9.627233028411865234e+00
9.632588624954223633e+00
9.555901288986206055e+00
9.633106231689453125e+00
9.603745460510253906e+00
9.551086902618408203e+00
9.710853576660156250e+00
9.647577047348022461e+00
9.584795475006103516e+00
9.608678340911865234e+00
9.629556655883789062e+00
9.635777711868286133e+00
9.572474479675292969e+00
9.511320114135742188e+00
9.617438077926635742e+00
9.632624864578247070e+00
