1.630336332347080350e-02
1.592221209358857595e-02
1.493875112040633432e-02
1.588552719335475580e-02
1.645652045225833027e-02
1.813842482100238782e-02
1.607908527870414647e-02
1.648970876089922433e-02
1.572493105673883687e-02
1.605795351645034758e-02
1.740391588107324111e-02
1.640214761932857340e-02
1.642368342755132563e-02
1.525374009973599378e-02
2.041932543299909003e-02
1.612414378371825052e-02
1.911097671605684750e-02
1.756350562857311379e-02
1.686732972721456322e-02
1.853272738003895401e-02
1.701768149176271713e-02
1.636719444938623119e-02
1.964402643014465100e-02
1.675479769472996289e-02
2.045521726278451066e-02
2.066686692700510711e-02
2.053512109681705777e-02
1.960076960076960126e-02
2.115003304692663483e-02
2.301774789508752653e-02
2.579546145890369152e-02
2.531032394792612911e-02
3.111722817305966060e-02
3.462018916185830714e-02
3.386205667438959427e-02
3.627100139503851295e-02
4.142762244096865470e-02
4.444444444444444614e-02
4.534577650155539874e-02
4.705744293844980192e-02
4.678431142639385282e-02
5.524122406765225035e-02
5.455962587685112691e-02
6.735311932162325876e-02
6.649496605010536687e-02
7.890182035213369471e-02
8.245717660956881911e-02
8.389281682609470159e-02
9.544083732481815907e-02
1.048946900029664731e-01
1.193057283336295266e-01
1.026830864417871414e-01
5.590246803449300944e-02
4.457810012382805442e-02
3.435553136151938552e-02
3.498226843781931938e-02
3.630987581312832696e-02
3.179856965541699027e-02
3.269786932656554290e-02
3.074906143853167392e-02
2.687718452452693765e-02
2.704157941968291998e-02
2.699675803124079038e-02
2.443775455994333379e-02
2.807890527812333462e-02
2.274052478134110794e-02
2.206992682076896334e-02
2.447531776529707215e-02
2.226720647773279202e-02
2.131794358400565179e-02
1.829892253054836437e-02
2.290492637702236031e-02
1.843317972350230413e-02
2.473099102312585618e-02
1.951454556405468957e-02
2.201386057888300024e-02
2.127533131277114034e-02
1.941285059250878395e-02
1.890892007751482709e-02
2.026986506746626671e-02
1.727178738672991570e-02
