3.286118980169971948e-02
3.214100570243649813e-02
1.658890616899948156e-02
3.606388459556929271e-02
2.317380352644836383e-02
3.382433169667212192e-02
3.537981269510925841e-02
2.525252525252525207e-02
3.078556263269639076e-02
3.126684636118598482e-02
2.886597938144330050e-02
3.518416712479384423e-02
2.702702702702702853e-02
4.368673415023974216e-02
1.862390067252974596e-02
3.457590491626148094e-02
2.763018065887353977e-02
4.168837936425221630e-02
3.924566768603465761e-02
3.467062902426944204e-02
3.981141959140911679e-02
3.060686015831134629e-02
4.083947816222348315e-02
3.888596952180767286e-02
5.254515599343185378e-02
5.349794238683127506e-02
5.639686684073107192e-02
4.609743321110529313e-02
3.873050026896180525e-02
5.342237061769616185e-02
4.676454594888526661e-02
5.074786324786324798e-02
6.750572082379863170e-02
6.594538897475528405e-02
6.951871657754010725e-02
7.743250127356088308e-02
8.816245666171372564e-02
9.696969696969696961e-02
1.094257854821235054e-01
1.248581157775255357e-01
1.416982152514872917e-01
1.558823529411764719e-01
1.167138810198300319e-01
6.413043478260870012e-02
5.060379528464634818e-02
5.008165487207403427e-02
4.340175953079179055e-02
4.218928164196122932e-02
4.688332445391582559e-02
5.785592739648326432e-02
3.840323395654370725e-02
4.266124936515997695e-02
4.540540540540540654e-02
4.621848739495798553e-02
4.111936036550542517e-02
3.906673901247965236e-02
2.427921092564491734e-02
2.794196668457818444e-02
4.006325777543489480e-02
2.631578947368420907e-02
2.896995708154506341e-02
3.237228123419322312e-02
3.304904051172707913e-02
2.939575394665214919e-02
4.905239687848383240e-02
3.013561024610748526e-02
4.331348132106117854e-02
2.861860209135938526e-02
2.348136804492087851e-02
2.666666666666666838e-02
3.083466241360978063e-02
3.687150837988827090e-02
2.921231090245174702e-02
2.246043899948953551e-02
2.632911392405063236e-02
3.743618831537152275e-02
2.683063163778647356e-02
3.554119547657512423e-02
3.058707449432659237e-02
3.114355231143552463e-02
3.476482617586912349e-02
