1.961388771145620713e-01
1.915471979147272408e-01
1.987302302866373604e-01
1.974029930314915582e-01
1.938304681104413285e-01
1.972044395621046220e-01
1.921721668624256363e-01
1.939489135719361101e-01
1.979312696548327088e-01
1.883266136629111742e-01
1.890113196194201095e-01
1.908849986935911291e-01
1.961080672586434925e-01
1.864324060517325576e-01
1.938552414560239245e-01
1.885906802437824215e-01
1.878767201182759139e-01
1.842824516080721897e-01
1.913347888278250364e-01
1.983546271372786940e-01
1.994228549442093046e-01
1.955463569813345737e-01
1.929130893206808250e-01
1.931917149456624516e-01
1.946949804011112450e-01
1.940842635396700100e-01
1.975092356324027743e-01
1.926900253241108085e-01
1.923618779271218104e-01
1.901077853306793741e-01
1.892325485953064990e-01
1.953524102170155485e-01
1.888550708300454628e-01
1.916548526763477422e-01
1.859772397464293792e-01
1.866015937774049560e-01
1.751504371191764664e-01
1.792427548715592733e-01
1.705749718151071126e-01
1.648629284663825911e-01
1.644127842748847601e-01
1.553022986285493567e-01
1.457900109644977016e-01
1.501684274996172019e-01
1.488183865918375204e-01
1.436030336521971207e-01
1.469786024355576037e-01
1.466215445454199795e-01
1.464468447981807919e-01
1.447228144989338994e-01
1.468147193693864483e-01
1.550689747411058972e-01
1.619218439932834652e-01
1.676468341862063782e-01
1.787679402824271790e-01
1.751886322723965050e-01
1.754121241842393208e-01
1.829935355544505260e-01
1.862077113938009620e-01
1.741159508271361289e-01
1.745313510019392278e-01
1.748633879781420764e-01
1.589932236205227611e-01
1.574420488294056286e-01
1.618472660155348686e-01
1.800250350870538363e-01
1.873202077184593084e-01
1.828359620257952178e-01
1.827143245236154678e-01
1.869839916275824743e-01
1.836510818580723292e-01
1.858035249498029284e-01
1.927485290746542290e-01
1.951856259837985164e-01
1.928013711673966790e-01
1.909470698708366776e-01
1.891182844758754478e-01
1.962229737432078236e-01
1.952938501761964374e-01
1.912250712250712359e-01
1.951256490922184672e-01
