1.164300000000000068e+01
1.163499999999999979e+01
1.163599999999999923e+01
1.163499999999999979e+01
1.163199999999999967e+01
1.163100000000000023e+01
1.162599999999999945e+01
1.163599999999999923e+01
1.162800000000000011e+01
1.162599999999999945e+01
1.162599999999999945e+01
1.162199999999999989e+01
1.162700000000000067e+01
1.162299999999999933e+01
1.161800000000000033e+01
1.162100000000000044e+01
1.161800000000000033e+01
1.161899999999999977e+01
1.162199999999999989e+01
1.161500000000000021e+01
1.162100000000000044e+01
1.161400000000000077e+01
1.161100000000000065e+01
1.161500000000000021e+01
1.161299999999999955e+01
1.161299999999999955e+01
1.161400000000000077e+01
1.161400000000000077e+01
1.161299999999999955e+01
1.161299999999999955e+01
1.161400000000000077e+01
1.161100000000000065e+01
1.161100000000000065e+01
1.161299999999999955e+01
1.161100000000000065e+01
1.160899999999999999e+01
1.160999999999999943e+01
1.160999999999999943e+01
1.161299999999999955e+01
1.160500000000000043e+01
1.160999999999999943e+01
1.161500000000000021e+01
1.160899999999999999e+01
1.161400000000000077e+01
1.160899999999999999e+01
1.160599999999999987e+01
1.160699999999999932e+01
1.161100000000000065e+01
1.160599999999999987e+01
1.160699999999999932e+01
1.158699999999999974e+01
1.158900000000000041e+01
1.158999999999999986e+01
1.159099999999999930e+01
1.158900000000000041e+01
1.158900000000000041e+01
1.158699999999999974e+01
1.159099999999999930e+01
1.159099999999999930e+01
1.158699999999999974e+01
1.158999999999999986e+01
1.159399999999999942e+01
1.158900000000000041e+01
1.158699999999999974e+01
1.158600000000000030e+01
1.158999999999999986e+01
1.158900000000000041e+01
1.158999999999999986e+01
1.158699999999999974e+01
1.159099999999999930e+01
1.158999999999999986e+01
1.159099999999999930e+01
1.158699999999999974e+01
1.158999999999999986e+01
1.159299999999999997e+01
1.158900000000000041e+01
1.158699999999999974e+01
1.158699999999999974e+01
1.158999999999999986e+01
1.158999999999999986e+01
1.158900000000000041e+01
