7.090776000000000749e+02
7.090776100000000497e+02
7.090776200000000244e+02
7.090776300000001129e+02
7.090776400000000876e+02
7.090776500000000624e+02
7.090776600000000371e+02
7.090776700000000119e+02
7.090776800000001003e+02
7.090776900000000751e+02
7.090777000000000498e+02
7.090777100000000246e+02
7.090777199999999993e+02
7.090777300000000878e+02
7.090777400000000625e+02
7.090777500000000373e+02
7.090777600000000120e+02
7.090777699999999868e+02
7.090777800000000752e+02
7.090777900000000500e+02
7.090778000000000247e+02
7.090778099999999995e+02
7.090778199999999742e+02
7.090778300000000627e+02
7.090778400000000374e+02
7.090778500000000122e+02
7.090778599999999869e+02
7.090778699999999617e+02
7.090778800000000501e+02
7.090778900000000249e+02
7.090778999999999996e+02
7.090779099999999744e+02
7.090779199999999491e+02
7.090779300000000376e+02
7.090779400000000123e+02
7.090779499999999871e+02
7.090779599999999618e+02
7.090779699999999366e+02
7.090779800000000250e+02
7.090779899999999998e+02
7.090779999999999745e+02
