1.159089053954779139e-02
1.077103955702203575e-02
1.187998940637887378e-02
1.268081552071073301e-02
1.339764201500535934e-02
1.384668641101580860e-02
1.394538059267867551e-02
1.315239289922834169e-02
1.534154105779925517e-02
1.464475039090805050e-02
1.292098321801292068e-02
1.218351418237197809e-02
1.403056387698608382e-02
1.624288425047438339e-02
1.550447096749433921e-02
1.674154283300694976e-02
1.440539823344326974e-02
1.643688313683321078e-02
1.899755960202740776e-02
2.074576794046196007e-02
2.210955666526893612e-02
2.686555805015411469e-02
3.320620979236488246e-02
3.433344828907537033e-02
3.836040216550657550e-02
4.482136689819256337e-02
4.772960834316598844e-02
5.236246203529276028e-02
6.267040436235167544e-02
6.193723392231473279e-02
6.668984969668868834e-02
8.327804878048780668e-02
1.016702977487291271e-01
1.347723492321380168e-01
1.393046193685974210e-01
8.840796592609646842e-02
4.746311206996185750e-02
3.690317671675860667e-02
3.103619615487520494e-02
2.412121674745238559e-02
2.229191068122567815e-02
2.097015785228712945e-02
2.258734655335221941e-02
2.295918367346938896e-02
2.201877390195851325e-02
1.807344741395885274e-02
2.105986036396932659e-02
1.777028838420589146e-02
1.780889683777921520e-02
1.861338130059046747e-02
1.766104381297407475e-02
1.745730550284629867e-02
1.744252763646100129e-02
1.850145862121909887e-02
1.652764306498545263e-02
1.778422318055184609e-02
1.481929532738545351e-02
1.499227202472952145e-02
1.576842506189297249e-02
1.404843216392424703e-02
1.533963625317993733e-02
1.359650816949283490e-02
1.582537517053205986e-02
1.518614651532173773e-02
1.563654751254424380e-02
1.629406540793080713e-02
1.459405484292188374e-02
1.493731661776473776e-02
1.319240857892300597e-02
1.450897163804746280e-02
1.500895203992228845e-02
1.462112714191776512e-02
1.355253532514534391e-02
1.170754103378352472e-02
1.315942253357588014e-02
1.352961525156628347e-02
1.277686393022455132e-02
1.541884013501074006e-02
1.278468899521531185e-02
1.343861513932123608e-02
1.248994291406459525e-02
