1.320000000000000000e+02
1.120000000000000000e+02
1.150000000000000000e+02
1.220000000000000000e+02
1.600000000000000000e+02
1.480000000000000000e+02
1.400000000000000000e+02
1.250000000000000000e+02
1.480000000000000000e+02
1.340000000000000000e+02
1.220000000000000000e+02
1.180000000000000000e+02
1.160000000000000000e+02
1.420000000000000000e+02
1.380000000000000000e+02
1.440000000000000000e+02
1.320000000000000000e+02
1.600000000000000000e+02
1.440000000000000000e+02
1.320000000000000000e+02
1.520000000000000000e+02
1.340000000000000000e+02
1.270000000000000000e+02
1.440000000000000000e+02
1.340000000000000000e+02
1.160000000000000000e+02
1.500000000000000000e+02
1.220000000000000000e+02
1.260000000000000000e+02
1.200000000000000000e+02
1.060000000000000000e+02
1.040000000000000000e+02
1.280000000000000000e+02
7.800000000000000000e+01
7.200000000000000000e+01
7.800000000000000000e+01
7.500000000000000000e+01
5.600000000000000000e+01
6.800000000000000000e+01
6.600000000000000000e+01
4.600000000000000000e+01
5.200000000000000000e+01
4.300000000000000000e+01
3.000000000000000000e+01
3.800000000000000000e+01
3.400000000000000000e+01
3.400000000000000000e+01
4.000000000000000000e+01
4.200000000000000000e+01
2.700000000000000000e+01
4.200000000000000000e+01
2.900000000000000000e+01
2.400000000000000000e+01
2.200000000000000000e+01
3.300000000000000000e+01
2.000000000000000000e+01
1.000000000000000000e+01
1.600000000000000000e+01
2.800000000000000000e+01
2.800000000000000000e+01
2.000000000000000000e+01
