1.134148502569555170e-02
1.016893554206987037e-02
1.212733703890853977e-02
1.017003019227713349e-02
1.057522832879346196e-02
9.489166534872686340e-03
7.981580966999232696e-03
1.344645429806307080e-02
1.227191990957532744e-02
1.325966850828729296e-02
1.158645276292335179e-02
1.426577763994417783e-02
9.460737937559129604e-03
1.313115522901360001e-02
8.200599274562372226e-03
1.362052581564776772e-02
9.510661144347292914e-03
1.385172359515189633e-02
1.507300989166274197e-02
1.332300542215337016e-02
1.466135458167330645e-02
1.067001412207751500e-02
1.391304347826087008e-02
1.105321332701721115e-02
8.798114689709347902e-03
1.124824246211529426e-02
1.231966283028043500e-02
1.619957881095091673e-02
1.453533323024586328e-02
1.663676398629913497e-02
1.385254732953670846e-02
1.519227725905997715e-02
1.253329155569481504e-02
1.726529983043009059e-02
1.715949134364945505e-02
1.589067217543302032e-02
2.317092524996032521e-02
2.491720548809336216e-02
3.388235294117646762e-02
3.839496459480724183e-02
5.163788930127480997e-02
1.060438693388038450e-01
1.884081111288520016e-02
1.419782300047326036e-02
1.577038322031225348e-02
1.441614608361364673e-02
1.724979658258746912e-02
1.372426699937616922e-02
1.145584725536992823e-02
1.500234411626816776e-02
1.203703703703703706e-02
1.740230976111374617e-02
1.359443275610940256e-02
1.812783247382403554e-02
2.066051025199561880e-02
2.793207427392477293e-02
4.537576807940759543e-02
5.847953216374268681e-02
5.451981826727244490e-02
7.409763078390840807e-02
7.051182928715014897e-02
1.028261216669327793e-01
1.792973058137702913e-01
3.161933998465080858e-02
1.796499922564658361e-02
2.170835299669655535e-02
1.969504447268106626e-02
1.403837154890032711e-02
1.450443190975020218e-02
1.925854597977852758e-02
1.074589127686472780e-02
1.377621307209551428e-02
1.079747030695665626e-02
1.197604790419161749e-02
1.328595705237138949e-02
1.355723309197350186e-02
1.390864548759285571e-02
1.604025790218587683e-02
2.627737226277372315e-02
3.672733234956550297e-02
3.728654237819207379e-02
6.274884535754100823e-02
6.954857234008614275e-02
4.145239208352812649e-02
2.388915432393693208e-02
1.592718998862343444e-02
1.571268237934904735e-02
1.518823719502342823e-02
6.876074386622910151e-03
1.248562510267783865e-02
1.148889923924856400e-02
1.153291686689091738e-02
1.107862748115094609e-02
1.263287629024803516e-02
1.168511685116851127e-02
1.046314817664256019e-02
1.097178683385579938e-02
1.151213441194772792e-02
1.058036408899953353e-02
1.401650833203550890e-02
1.939621460972939040e-02
2.039239919666306286e-02
4.375100530802637777e-02
7.338874078720401817e-02
1.444285031085605076e-01
3.599550056242969975e-02
2.652959708174432163e-02
2.105924878202105818e-02
1.648961471381005239e-02
1.742106081816767807e-02
1.527669524551831561e-02
1.554641060813900279e-02
1.214251477871864521e-02
1.466135458167330645e-02
1.339499282411098745e-02
1.491811253445759697e-02
1.195402298850574765e-02
1.432436734044246346e-02
1.580028440511929352e-02
2.044401852739179126e-02
1.935186607279987606e-02
2.405969240140094431e-02
2.680883472962681049e-02
3.312962367320682056e-02
3.993399339933993708e-02
3.422712933753942893e-02
1.573069057731634260e-02
1.521281760802718937e-02
1.430125913259754425e-02
1.438389004315166961e-02
1.812977099236641118e-02
1.285871099262976373e-02
1.394653826996513322e-02
1.168262209962680521e-02
1.232422183599304714e-02
8.666345690900337587e-03
1.064329316011895440e-02
1.325319771921713678e-02
1.366163621922160398e-02
1.526960394464768611e-02
2.468745054597246483e-02
3.317011530563891697e-02
5.020920502092050125e-02
5.581545410550088626e-02
4.777830864787386417e-02
2.731983042863871808e-02
4.526950008141996523e-02
2.163034705407586647e-02
1.151315789473684147e-02
1.360544217687074779e-02
1.170922101154659237e-02
1.109877913429522731e-02
1.070559610705596083e-02
1.133322839603337004e-02
1.146496815286624123e-02
1.047452785272178985e-02
1.010898752171852759e-02
1.002101179893324749e-02
1.500535905680600197e-02
9.126671911880409119e-03
1.296386323124291105e-02
1.024049650892164438e-02
1.303335919317300147e-02
1.136184314344326936e-02
1.486748545572074906e-02
1.712595360423477958e-02
1.667438628994905025e-02
1.483351743727315784e-02
1.204246553636507608e-02
1.057522832879346196e-02
1.091492776886035347e-02
1.213088587390263352e-02
8.631319358816275447e-03
1.081941129673826517e-02
1.129411764705882427e-02
9.478672985781991245e-03
1.346906812842599797e-02
1.063315611406476582e-02
1.063497028464185229e-02
1.163730402456764242e-02
1.033510804885687424e-02
9.335615372646646412e-03
1.323877068557919624e-02
1.280614695053625823e-02
1.788036410923277142e-02
1.305940436375218998e-02
1.301720130172013060e-02
1.444390948483389482e-02
1.080909235415673103e-02
9.370607527721380031e-03
1.078167115902965018e-02
1.265022137887412967e-02
1.095890410958904118e-02
8.164547024650650742e-03
9.643801524342821355e-03
9.583133684714901721e-03
9.531129900076864767e-03
8.531583264971288535e-03
1.395717684377478264e-02
1.259049417689644262e-02
