3.889304412864622029e-02
3.399852180339985042e-02
4.390613171839515688e-02
4.328453214513049152e-02
4.381625441696113121e-02
3.060545575515635427e-02
4.185742315238718397e-02
4.713804713804713858e-02
3.723008190618019159e-02
3.462489694971145754e-02
3.739715781600598532e-02
3.748125937031484417e-02
4.630969609261938874e-02
5.267008046817849010e-02
2.424242424242424240e-02
2.700964630225080251e-02
4.453441295546558404e-02
4.141616566466265609e-02
4.356435643564356142e-02
5.943331029716655139e-02
5.520169851380042625e-02
6.176084099868593691e-02
4.608294930875576206e-02
3.978300180831826488e-02
6.188679245283018604e-02
5.368203716448726598e-02
5.828002842928216298e-02
4.435994930291508459e-02
4.207362885048835516e-02
5.161290322580645157e-02
6.236080178173719624e-02
4.644616467276566074e-02
6.153846153846154188e-02
4.905395935529081874e-02
4.057099924868520086e-02
7.596594629993451420e-02
5.174644243208279676e-02
5.958023019634393902e-02
6.543967280163599798e-02
7.066052227342549397e-02
1.033153430994602912e-01
8.838203848895224979e-02
6.128550074738415426e-02
6.769230769230769051e-02
6.402226861517049117e-02
7.167004732927653721e-02
5.870020964360587318e-02
5.854322668481960756e-02
5.513439007580978740e-02
6.338028169014084390e-02
5.793285055957866914e-02
5.319913731128684403e-02
4.435204435204435219e-02
4.590163934426229331e-02
3.913894324853228746e-02
3.344051446945337652e-02
4.910988336402700993e-02
3.682539682539682363e-02
4.737146158290005821e-02
2.983050847457627275e-02
3.583278035832780650e-02
5.413313825896123171e-02
3.696857670979667582e-02
4.603926878808395351e-02
3.435934144595562123e-02
2.129169623846699846e-02
2.913328477785870341e-02
3.072421360643745256e-02
3.254237288135593265e-02
3.598615916955017618e-02
4.145818441744102828e-02
2.562459961563100588e-02
3.221476510067114440e-02
4.024144869215291742e-02
4.122423485321673881e-02
3.525423728813559254e-02
3.190013869625520082e-02
3.028308097432521467e-02
3.496973772696704980e-02
2.547770700636942803e-02
3.232323232323232320e-02
