2.685292976329065051e-01
2.658655651520840935e-01
2.960031658092600049e-01
2.856021969399764604e-01
2.821229050279329686e-01
3.059340659340659130e-01
2.664446294754371225e-01
2.827868852459016202e-01
2.792995060619667957e-01
2.837582625118035828e-01
2.640388768898488392e-01
3.008248423095584712e-01
2.587782587782587740e-01
2.572410407461953596e-01
2.730443447932237033e-01
2.894082545997016531e-01
2.693707748309932537e-01
2.903033908387864237e-01
3.007980356046654480e-01
2.874929258630447015e-01
3.217665615141955815e-01
2.336283185840707932e-01
3.077866339668914875e-01
2.633744855967078413e-01
2.578436965202510200e-01
2.806796727501573163e-01
2.543576500968366960e-01
1.892063492063492114e-01
2.090592334494773552e-01
2.485511912427559589e-01
2.314266929651545013e-01
2.352141400407885830e-01
2.541042112776588091e-01
2.371681415929203507e-01
2.658650634602538476e-01
2.147606382978723416e-01
2.539682539682539542e-01
2.357784431137724679e-01
2.477732793522267329e-01
2.470760233918128657e-01
2.605915267785771650e-01
2.160919540229885027e-01
2.468021068472535662e-01
2.582728006456819769e-01
2.220555138784696125e-01
2.256011315417255914e-01
2.680237489397794826e-01
2.401402278702892135e-01
2.344139650872817948e-01
2.975653742110008770e-01
2.765765765765765827e-01
2.578062449959968028e-01
3.003273322422258529e-01
2.543933054393305304e-01
2.469536961819658871e-01
2.726473175021987827e-01
2.575342465753424626e-01
3.086104006820119539e-01
2.669071235347159621e-01
2.318145483613109625e-01
2.714748784440842999e-01
2.649640861931364944e-01
2.056680161943319762e-01
2.537980339588918888e-01
2.799650043744532080e-01
3.136363636363636576e-01
2.648784576697401638e-01
2.732606873428332084e-01
2.390722569134701159e-01
2.852431986809563225e-01
2.728085867620751448e-01
2.719082719082718813e-01
2.517814726840855166e-01
2.438016528925619764e-01
2.744063324538258408e-01
2.228618421052631637e-01
2.643029814665592281e-01
2.790335151987529128e-01
2.586903799514955749e-01
3.264758497316636587e-01
2.553556126820908379e-01
