1.164799999999999969e+01
1.164899999999999913e+01
1.164300000000000068e+01
1.163899999999999935e+01
1.163899999999999935e+01
1.163499999999999979e+01
1.163799999999999990e+01
1.163400000000000034e+01
1.163199999999999967e+01
1.162899999999999956e+01
1.162899999999999956e+01
1.162500000000000000e+01
1.162299999999999933e+01
1.162700000000000067e+01
1.162299999999999933e+01
1.162199999999999989e+01
1.162100000000000044e+01
1.161899999999999977e+01
1.162100000000000044e+01
1.161400000000000077e+01
1.161899999999999977e+01
1.161899999999999977e+01
1.161700000000000088e+01
1.161299999999999955e+01
1.161500000000000021e+01
1.161700000000000088e+01
1.161299999999999955e+01
1.161299999999999955e+01
1.161500000000000021e+01
1.160800000000000054e+01
1.161200000000000010e+01
1.160999999999999943e+01
1.160999999999999943e+01
1.160899999999999999e+01
1.160899999999999999e+01
1.161200000000000010e+01
1.161200000000000010e+01
1.160899999999999999e+01
1.161200000000000010e+01
1.161299999999999955e+01
1.161200000000000010e+01
1.160800000000000054e+01
1.161200000000000010e+01
1.160899999999999999e+01
1.160999999999999943e+01
1.160899999999999999e+01
1.161200000000000010e+01
1.160599999999999987e+01
1.160899999999999999e+01
1.161299999999999955e+01
1.160899999999999999e+01
1.161299999999999955e+01
1.160500000000000043e+01
1.160500000000000043e+01
1.160800000000000054e+01
1.160599999999999987e+01
1.160800000000000054e+01
1.160899999999999999e+01
1.160899999999999999e+01
1.160500000000000043e+01
1.160800000000000054e+01
1.160500000000000043e+01
1.160800000000000054e+01
1.160899999999999999e+01
1.160699999999999932e+01
1.160500000000000043e+01
1.160500000000000043e+01
1.161100000000000065e+01
1.160699999999999932e+01
1.160800000000000054e+01
1.160699999999999932e+01
1.160399999999999920e+01
1.160500000000000043e+01
1.160699999999999932e+01
1.160399999999999920e+01
1.160399999999999920e+01
1.160299999999999976e+01
1.160800000000000054e+01
1.160500000000000043e+01
1.160899999999999999e+01
1.160100000000000087e+01
1.160699999999999932e+01
1.160699999999999932e+01
1.160500000000000043e+01
1.160299999999999976e+01
1.160399999999999920e+01
1.160500000000000043e+01
1.160100000000000087e+01
1.160500000000000043e+01
1.160399999999999920e+01
1.160399999999999920e+01
1.159999999999999964e+01
1.160299999999999976e+01
1.160399999999999920e+01
1.160399999999999920e+01
1.160699999999999932e+01
1.160399999999999920e+01
1.160299999999999976e+01
1.160500000000000043e+01
1.160399999999999920e+01
1.160299999999999976e+01
1.160299999999999976e+01
1.160500000000000043e+01
1.160699999999999932e+01
1.160299999999999976e+01
1.160100000000000087e+01
1.159999999999999964e+01
1.160500000000000043e+01
1.160299999999999976e+01
1.159900000000000020e+01
1.160100000000000087e+01
1.160100000000000087e+01
1.160399999999999920e+01
1.159999999999999964e+01
1.160100000000000087e+01
1.159999999999999964e+01
1.159999999999999964e+01
1.160299999999999976e+01
1.159999999999999964e+01
1.160399999999999920e+01
1.159900000000000020e+01
1.159999999999999964e+01
1.161200000000000010e+01
1.161599999999999966e+01
1.161299999999999955e+01
1.160999999999999943e+01
1.161299999999999955e+01
1.160899999999999999e+01
1.161299999999999955e+01
1.161400000000000077e+01
1.161200000000000010e+01
1.161400000000000077e+01
1.161200000000000010e+01
1.161400000000000077e+01
1.161599999999999966e+01
1.161299999999999955e+01
1.161400000000000077e+01
1.161599999999999966e+01
1.161299999999999955e+01
1.160999999999999943e+01
1.161400000000000077e+01
1.161299999999999955e+01
1.161400000000000077e+01
1.161599999999999966e+01
1.161299999999999955e+01
1.161800000000000033e+01
1.161599999999999966e+01
1.161200000000000010e+01
1.161200000000000010e+01
