3.780000000000000000e+02
4.460000000000000000e+02
5.060000000000000000e+02
4.600000000000000000e+02
5.020000000000000000e+02
4.700000000000000000e+02
5.220000000000000000e+02
6.300000000000000000e+02
6.280000000000000000e+02
6.700000000000000000e+02
8.020000000000000000e+02
7.740000000000000000e+02
8.540000000000000000e+02
9.300000000000000000e+02
9.780000000000000000e+02
1.110000000000000000e+03
1.214000000000000000e+03
1.326000000000000000e+03
1.440000000000000000e+03
1.340000000000000000e+03
1.468000000000000000e+03
1.532000000000000000e+03
1.442000000000000000e+03
1.512000000000000000e+03
1.590000000000000000e+03
1.560000000000000000e+03
1.674000000000000000e+03
1.722000000000000000e+03
1.584000000000000000e+03
1.568000000000000000e+03
1.644000000000000000e+03
1.660000000000000000e+03
1.784000000000000000e+03
1.862000000000000000e+03
1.988000000000000000e+03
2.200000000000000000e+03
2.364000000000000000e+03
2.714000000000000000e+03
2.804000000000000000e+03
3.070000000000000000e+03
3.482000000000000000e+03
3.588000000000000000e+03
3.142000000000000000e+03
2.034000000000000000e+03
1.286000000000000000e+03
9.740000000000000000e+02
8.660000000000000000e+02
6.920000000000000000e+02
6.780000000000000000e+02
6.320000000000000000e+02
5.620000000000000000e+02
5.460000000000000000e+02
5.400000000000000000e+02
5.640000000000000000e+02
5.820000000000000000e+02
5.500000000000000000e+02
5.680000000000000000e+02
5.600000000000000000e+02
5.700000000000000000e+02
4.960000000000000000e+02
5.540000000000000000e+02
4.440000000000000000e+02
4.660000000000000000e+02
4.580000000000000000e+02
4.520000000000000000e+02
4.680000000000000000e+02
4.300000000000000000e+02
3.840000000000000000e+02
4.460000000000000000e+02
4.300000000000000000e+02
3.920000000000000000e+02
4.100000000000000000e+02
3.920000000000000000e+02
4.540000000000000000e+02
5.000000000000000000e+02
3.880000000000000000e+02
3.980000000000000000e+02
3.780000000000000000e+02
3.820000000000000000e+02
3.960000000000000000e+02
3.920000000000000000e+02
3.540000000000000000e+02
3.260000000000000000e+02
3.660000000000000000e+02
3.540000000000000000e+02
3.640000000000000000e+02
3.440000000000000000e+02
3.760000000000000000e+02
3.960000000000000000e+02
4.180000000000000000e+02
3.820000000000000000e+02
3.360000000000000000e+02
2.960000000000000000e+02
3.660000000000000000e+02
3.660000000000000000e+02
3.960000000000000000e+02
3.980000000000000000e+02
4.200000000000000000e+02
4.080000000000000000e+02
3.900000000000000000e+02
4.040000000000000000e+02
4.840000000000000000e+02
5.260000000000000000e+02
5.620000000000000000e+02
6.760000000000000000e+02
6.260000000000000000e+02
7.560000000000000000e+02
8.400000000000000000e+02
8.420000000000000000e+02
9.900000000000000000e+02
1.084000000000000000e+03
1.162000000000000000e+03
1.116000000000000000e+03
1.308000000000000000e+03
1.318000000000000000e+03
1.300000000000000000e+03
1.270000000000000000e+03
1.294000000000000000e+03
1.454000000000000000e+03
1.488000000000000000e+03
1.486000000000000000e+03
1.412000000000000000e+03
1.236000000000000000e+03
1.086000000000000000e+03
1.032000000000000000e+03
9.320000000000000000e+02
8.040000000000000000e+02
7.320000000000000000e+02
6.380000000000000000e+02
5.800000000000000000e+02
4.720000000000000000e+02
4.180000000000000000e+02
4.340000000000000000e+02
4.040000000000000000e+02
3.640000000000000000e+02
3.780000000000000000e+02
3.460000000000000000e+02
3.540000000000000000e+02
3.380000000000000000e+02
3.720000000000000000e+02
3.060000000000000000e+02
3.380000000000000000e+02
3.340000000000000000e+02
3.180000000000000000e+02
3.320000000000000000e+02
3.200000000000000000e+02
3.240000000000000000e+02
3.460000000000000000e+02
2.760000000000000000e+02
