1.422122797906763027e-02
1.180874464554470746e-02
1.043478260869565299e-02
1.223074825692361568e-02
1.284565978231606495e-02
1.152581705666215484e-02
1.092294998231896526e-02
1.163369178370517697e-02
1.219891219891219847e-02
1.078374735220489176e-02
1.094665433240826422e-02
9.471681999922362816e-03
1.013210708857799694e-02
1.122763245097656987e-02
1.209133967422696375e-02
9.544131910766246243e-03
9.892955133902692905e-03
1.052918925242756279e-02
1.242619534596534590e-02
1.204633204633204571e-02
1.176607191237372813e-02
1.335259438566352951e-02
1.281400164081728313e-02
1.495868739476054372e-02
1.630035922592606989e-02
1.673186413106626802e-02
1.858376243757017474e-02
2.106087296926991564e-02
2.198224510971907159e-02
2.725423208322137400e-02
3.033041291792715893e-02
3.527720579665099415e-02
4.077986639739009100e-02
4.448883937147028039e-02
4.764658262981380510e-02
4.340271073869560181e-02
4.844422439730357299e-02
5.111050604846551632e-02
5.638563472248895453e-02
5.590713204177505391e-02
5.688080465528536772e-02
5.872193436960276153e-02
5.725235618474052574e-02
4.924878048780487877e-02
4.112931334959916280e-02
3.656038647342994830e-02
2.802331416219554575e-02
2.963638436110794389e-02
3.023520634546668362e-02
3.207053958097616508e-02
4.227131753264157243e-02
4.345963627867129031e-02
4.564267203032530001e-02
4.813226716112334325e-02
3.175100936850770023e-02
2.626641651031895106e-02
2.123672704559650265e-02
1.910803085477113389e-02
1.689047818313234653e-02
1.441652055328268046e-02
1.350526476423012309e-02
1.417896148687488103e-02
1.195480313138714244e-02
1.307589371057159278e-02
1.216648057598275143e-02
1.325518139677431782e-02
1.010997491800115847e-02
1.263305649783600347e-02
1.168581624250029406e-02
1.026042686508713518e-02
1.020212480343650474e-02
1.055450535601764293e-02
9.813466256474161209e-03
1.092682926829268222e-02
1.128624245962249473e-02
1.229775950194074083e-02
1.045364122167180207e-02
1.107927411652340037e-02
9.284481104929982048e-03
1.187675934137970984e-02
9.851096881748948320e-03
1.157139551029854121e-02
1.280699699347936406e-02
1.103794770296502060e-02
1.078956494932757811e-02
1.005796767630235365e-02
1.158197507190795832e-02
1.224536947899418533e-02
1.060412554665428157e-02
1.281605867593128660e-02
1.059923534087897981e-02
1.138768129881121902e-02
1.013474605551076789e-02
