2.328343736743227754e-01
2.201513935084298546e-01
2.164066431806743740e-01
2.166481945983783353e-01
2.163852407754846829e-01
2.193057212658371669e-01
2.281573256969200991e-01
2.163827684436951393e-01
2.165820642978003308e-01
2.218352777294097244e-01
2.216294578138590932e-01
2.138237444463191028e-01
2.188064046579330513e-01
2.209654384461582355e-01
2.291211709850675682e-01
2.261350921618279219e-01
2.125278364643407858e-01
2.316000708257097418e-01
2.215746838393845841e-01
2.188644156447957234e-01
2.133409026397956321e-01
2.177331420373027349e-01
2.211008642190128159e-01
2.187518698019505770e-01
2.028149107826394126e-01
1.926058782689192284e-01
1.877094972067039069e-01
1.815597075548334716e-01
1.810460178020827371e-01
1.869578046621422351e-01
1.849054460787097620e-01
1.900342247230117632e-01
1.856850715746421188e-01
1.923781388478582044e-01
1.892288717918599872e-01
1.924863307660650280e-01
2.001282873636946735e-01
1.983079926640241297e-01
1.994268670682496081e-01
2.041703377386196727e-01
2.048421415837598514e-01
2.045715598437858884e-01
2.071323312702623154e-01
2.082862747429115036e-01
2.078360598474704446e-01
2.062299854439592350e-01
2.175780131691955332e-01
2.162792052671444476e-01
2.175341518243126271e-01
2.265474311765737214e-01
2.146520573493414241e-01
2.198909922053566279e-01
2.279737635171069088e-01
2.230408175390648229e-01
2.225096246390760313e-01
2.209752993578990021e-01
2.273690406121247898e-01
2.289836523357961506e-01
2.133912745154096791e-01
2.183344169277144087e-01
2.262380538662032980e-01
2.337418636017123130e-01
2.310849083867984599e-01
2.253145474575288520e-01
2.262676545496642710e-01
2.277530750129930226e-01
2.338667135572357891e-01
2.228441490292111249e-01
2.292508639372108081e-01
2.309466091172470981e-01
2.261770132730194505e-01
2.349513431618203974e-01
2.248347663332748436e-01
2.285980329395332633e-01
2.287275102428596996e-01
2.178727479499610875e-01
2.378643755753298561e-01
2.339834588322429465e-01
2.415844012508431005e-01
2.289968927712962288e-01
2.241269473562286507e-01
