2.516808830908178751e-01
2.372482589873894099e-01
2.804768105779825715e-01
2.545004286122488080e-01
2.621760613088635616e-01
2.527483924496992107e-01
2.462174812234679544e-01
2.607923648873599065e-01
2.568990357974066385e-01
2.563110967880545821e-01
2.784954841659997848e-01
2.588981557617761053e-01
2.696161353285621565e-01
2.622079194067440944e-01
2.729283648119789074e-01
2.604185960363030183e-01
2.625541125541125398e-01
2.616822429906541791e-01
2.813779812093471500e-01
2.584985835694050826e-01
2.692399332856802441e-01
2.549258088056434168e-01
2.536940213684928391e-01
2.779842080817463978e-01
2.600137331197070467e-01
2.310905892700088060e-01
2.531942078364565751e-01
2.641269841269841545e-01
2.392217554720318384e-01
2.469242391538959691e-01
2.524582666361765426e-01
2.492486045513095660e-01
2.370886903464807238e-01
2.112932604735883457e-01
2.313994685562444642e-01
2.296988577362409079e-01
1.973183910346207603e-01
2.309223623092236111e-01
2.074363992172211235e-01
2.014725568942436484e-01
1.900844338601428984e-01
1.999540335555044790e-01
1.901329128182022987e-01
1.595375722543352637e-01
1.258349493643611261e-01
1.892771868895159471e-01
2.192090395480225939e-01
2.639617050376111274e-01
2.642649903288201152e-01
2.443854141511712097e-01
2.689498866784185149e-01
2.413375333171795534e-01
2.637775551102204408e-01
2.424599434495758599e-01
2.664103268332875807e-01
2.632843791722296323e-01
2.617242347655153178e-01
2.625745950554134733e-01
2.773679551490115247e-01
2.675453047775947502e-01
2.681775259678942369e-01
2.746031746031746268e-01
2.645966925413432147e-01
2.761168962042324648e-01
2.707084948889671994e-01
2.483847810480976359e-01
2.714736012608353066e-01
2.427071178529754958e-01
2.525130679533574840e-01
2.687423187218352938e-01
2.619754133107248806e-01
2.694164107064501712e-01
2.750677506775067727e-01
2.453102453102453118e-01
2.487471526195899896e-01
2.933199397287795107e-01
2.534805568891022598e-01
2.284337349397590478e-01
2.443120260021668377e-01
2.610150585610708229e-01
2.953020134228188098e-01
