5.290000000000000000e+02
5.850000000000000000e+02
6.340000000000000000e+02
6.410000000000000000e+02
6.130000000000000000e+02
6.570000000000000000e+02
5.750000000000000000e+02
6.160000000000000000e+02
6.310000000000000000e+02
6.170000000000000000e+02
6.230000000000000000e+02
6.090000000000000000e+02
6.050000000000000000e+02
5.890000000000000000e+02
6.130000000000000000e+02
6.170000000000000000e+02
6.110000000000000000e+02
6.070000000000000000e+02
6.290000000000000000e+02
6.190000000000000000e+02
6.190000000000000000e+02
6.050000000000000000e+02
5.880000000000000000e+02
6.650000000000000000e+02
5.470000000000000000e+02
6.230000000000000000e+02
6.400000000000000000e+02
5.410000000000000000e+02
6.170000000000000000e+02
5.510000000000000000e+02
5.930000000000000000e+02
5.090000000000000000e+02
5.030000000000000000e+02
4.250000000000000000e+02
3.590000000000000000e+02
3.520000000000000000e+02
2.980000000000000000e+02
3.290000000000000000e+02
2.710000000000000000e+02
2.610000000000000000e+02
2.770000000000000000e+02
2.110000000000000000e+02
2.180000000000000000e+02
2.130000000000000000e+02
1.990000000000000000e+02
1.910000000000000000e+02
2.070000000000000000e+02
1.790000000000000000e+02
1.350000000000000000e+02
1.680000000000000000e+02
1.310000000000000000e+02
1.720000000000000000e+02
1.380000000000000000e+02
1.330000000000000000e+02
1.400000000000000000e+02
1.190000000000000000e+02
1.410000000000000000e+02
1.530000000000000000e+02
1.490000000000000000e+02
1.660000000000000000e+02
1.210000000000000000e+02
