1.453890057074196454e-02
1.249166211873142980e-02
1.583837376067843278e-02
1.604310819913048677e-02
1.471379867216938801e-02
1.722797152599150547e-02
1.718992479407902702e-02
1.734417344173441733e-02
1.803558371922983281e-02
1.815171398785797585e-02
1.919096895578551246e-02
1.653491038561341955e-02
1.887591505838223660e-02
1.969958138389559313e-02
2.139427460037682943e-02
1.965325154910183350e-02
2.210147139630013954e-02
2.189650014956625798e-02
2.524948899843693778e-02
2.353940423466601914e-02
2.358746013598892952e-02
2.683438155136268211e-02
2.725682928300066435e-02
2.925498946324531918e-02
2.876911871813547100e-02
3.234888875576588663e-02
3.182404620015973767e-02
3.122073056509522271e-02
3.102699348433136939e-02
3.008903899293828565e-02
3.390251474697299205e-02
2.926521602018290757e-02
3.184593114733463154e-02
3.350785340314136468e-02
3.497070190749283075e-02
3.520039523250787644e-02
3.598520468936116518e-02
3.517305893358278757e-02
3.503793720313367471e-02
4.836030271334523095e-02
7.161722252932865851e-02
6.169665809768637432e-02
4.834780436004747217e-02
4.329807632832313041e-02
4.549157215364370982e-02
4.663767567908237016e-02
5.133207340120709422e-02
5.052395209580838598e-02
4.320685434516523954e-02
3.671851174138456714e-02
3.790624442992097942e-02
3.497307436316331175e-02
2.758945941166067450e-02
2.528414270953625517e-02
2.283849918433931633e-02
2.252004161312037150e-02
2.085747392815759035e-02
2.505680771356629671e-02
2.049960105566807703e-02
2.307459981878586669e-02
2.248283405237892774e-02
2.071713147410358599e-02
1.950215008176367157e-02
1.760795352458525628e-02
1.667547413540015205e-02
1.706903606710703097e-02
1.680970701390943969e-02
1.468043205824431582e-02
1.447498978579349858e-02
1.346025586612502323e-02
1.709816285696962382e-02
1.183789333816512648e-02
1.536903556323345431e-02
1.350775783389108683e-02
1.539275013218964830e-02
1.449533654131764972e-02
1.618026008269910637e-02
1.598749849741555595e-02
1.568438197502563733e-02
1.878380788206621826e-02
1.660093012303526239e-02
