5.200000000000000000e+01
4.600000000000000000e+01
5.600000000000000000e+01
5.200000000000000000e+01
5.800000000000000000e+01
6.000000000000000000e+01
6.600000000000000000e+01
7.800000000000000000e+01
4.400000000000000000e+01
5.400000000000000000e+01
5.800000000000000000e+01
6.400000000000000000e+01
5.200000000000000000e+01
4.800000000000000000e+01
7.000000000000000000e+01
7.400000000000000000e+01
6.400000000000000000e+01
8.800000000000000000e+01
8.200000000000000000e+01
8.800000000000000000e+01
8.200000000000000000e+01
1.100000000000000000e+02
9.200000000000000000e+01
1.180000000000000000e+02
1.400000000000000000e+02
9.800000000000000000e+01
1.330000000000000000e+02
9.200000000000000000e+01
1.060000000000000000e+02
9.600000000000000000e+01
1.080000000000000000e+02
1.320000000000000000e+02
1.340000000000000000e+02
1.110000000000000000e+02
1.120000000000000000e+02
1.480000000000000000e+02
1.080000000000000000e+02
1.320000000000000000e+02
1.100000000000000000e+02
1.220000000000000000e+02
1.700000000000000000e+02
1.780000000000000000e+02
1.840000000000000000e+02
1.920000000000000000e+02
1.980000000000000000e+02
2.020000000000000000e+02
1.720000000000000000e+02
1.740000000000000000e+02
1.460000000000000000e+02
1.440000000000000000e+02
1.120000000000000000e+02
1.160000000000000000e+02
1.020000000000000000e+02
1.150000000000000000e+02
1.040000000000000000e+02
8.000000000000000000e+01
8.800000000000000000e+01
1.100000000000000000e+02
8.600000000000000000e+01
8.000000000000000000e+01
9.800000000000000000e+01
8.800000000000000000e+01
1.000000000000000000e+02
4.600000000000000000e+01
6.800000000000000000e+01
7.600000000000000000e+01
8.100000000000000000e+01
6.600000000000000000e+01
5.600000000000000000e+01
7.200000000000000000e+01
8.400000000000000000e+01
6.000000000000000000e+01
6.600000000000000000e+01
7.600000000000000000e+01
1.040000000000000000e+02
7.400000000000000000e+01
3.800000000000000000e+01
5.800000000000000000e+01
5.600000000000000000e+01
5.200000000000000000e+01
6.200000000000000000e+01
