2.336500000000000000e+04
2.446900000000000000e+04
2.497700000000000000e+04
2.455300000000000000e+04
2.467300000000000000e+04
2.439300000000000000e+04
2.458100000000000000e+04
2.444300000000000000e+04
2.470300000000000000e+04
2.465500000000000000e+04
2.478700000000000000e+04
2.432700000000000000e+04
2.464700000000000000e+04
2.459900000000000000e+04
2.478100000000000000e+04
2.460300000000000000e+04
2.465500000000000000e+04
2.465700000000000000e+04
2.459100000000000000e+04
2.473500000000000000e+04
2.452500000000000000e+04
2.484300000000000000e+04
2.436600000000000000e+04
2.466900000000000000e+04
2.444300000000000000e+04
2.436000000000000000e+04
2.433700000000000000e+04
2.431300000000000000e+04
2.437500000000000000e+04
2.507300000000000000e+04
2.460100000000000000e+04
2.416100000000000000e+04
2.449300000000000000e+04
2.380900000000000000e+04
2.458800000000000000e+04
2.441700000000000000e+04
2.450700000000000000e+04
2.426100000000000000e+04
2.420900000000000000e+04
2.493700000000000000e+04
2.443400000000000000e+04
2.463300000000000000e+04
2.445900000000000000e+04
2.443300000000000000e+04
2.463900000000000000e+04
2.475100000000000000e+04
2.448300000000000000e+04
2.451900000000000000e+04
2.468100000000000000e+04
2.457700000000000000e+04
2.467100000000000000e+04
2.487700000000000000e+04
2.434300000000000000e+04
2.511700000000000000e+04
2.452700000000000000e+04
2.509900000000000000e+04
2.455900000000000000e+04
2.446500000000000000e+04
2.473300000000000000e+04
2.441300000000000000e+04
2.471200000000000000e+04
2.470400000000000000e+04
2.453500000000000000e+04
2.490900000000000000e+04
2.500800000000000000e+04
2.438900000000000000e+04
2.469500000000000000e+04
2.443100000000000000e+04
2.510300000000000000e+04
2.434900000000000000e+04
2.456900000000000000e+04
2.457300000000000000e+04
2.479900000000000000e+04
2.455700000000000000e+04
2.427700000000000000e+04
2.512100000000000000e+04
2.503900000000000000e+04
2.452300000000000000e+04
2.505100000000000000e+04
2.490800000000000000e+04
2.476900000000000000e+04
2.468700000000000000e+04
2.500700000000000000e+04
2.501500000000000000e+04
2.466500000000000000e+04
2.511300000000000000e+04
2.469100000000000000e+04
2.475900000000000000e+04
2.435900000000000000e+04
2.435200000000000000e+04
2.463900000000000000e+04
2.499900000000000000e+04
2.483100000000000000e+04
