9.639393568038940430e+00
9.621210575103759766e+00
9.666724920272827148e+00
9.647982120513916016e+00
9.654597043991088867e+00
9.516585588455200195e+00
9.592474699020385742e+00
9.672619581222534180e+00
9.608381986618041992e+00
9.570858001708984375e+00
9.576924324035644531e+00
9.611119985580444336e+00
9.671176671981811523e+00
9.608254671096801758e+00
9.656174421310424805e+00
9.663563251495361328e+00
9.614131212234497070e+00
9.648859500885009766e+00
9.610270261764526367e+00
9.639140129089355469e+00
9.761579513549804688e+00
9.664030075073242188e+00
9.627820968627929688e+00
9.734189271926879883e+00
9.568410158157348633e+00
9.624497652053833008e+00
9.640647888183593750e+00
9.548470735549926758e+00
9.592681646347045898e+00
9.568266868591308594e+00
9.595049858093261719e+00
9.579007625579833984e+00
9.633497238159179688e+00
9.471585750579833984e+00
9.652716398239135742e+00
9.520236730575561523e+00
9.569679737091064453e+00
9.657943248748779297e+00
9.599229335784912109e+00
9.555315971374511719e+00
9.551921606063842773e+00
9.606251478195190430e+00
9.648979425430297852e+00
9.603939771652221680e+00
9.641026496887207031e+00
9.626941204071044922e+00
9.575439453125000000e+00
9.568673133850097656e+00
9.583659172058105469e+00
9.625796794891357422e+00
9.613389968872070312e+00
9.611049413681030273e+00
9.585208654403686523e+00
9.628088235855102539e+00
9.740813493728637695e+00
9.653319835662841797e+00
9.646785736083984375e+00
9.608685493469238281e+00
9.561053752899169922e+00
9.662817239761352539e+00
9.675222396850585938e+00
9.669471979141235352e+00
9.640792608261108398e+00
9.593872547149658203e+00
9.675201892852783203e+00
9.596629858016967773e+00
9.525383949279785156e+00
9.596899032592773438e+00
9.662608146667480469e+00
9.573959112167358398e+00
9.629046201705932617e+00
9.573435783386230469e+00
9.735705137252807617e+00
9.612043857574462891e+00
9.632049083709716797e+00
9.648986577987670898e+00
9.700444936752319336e+00
9.698898077011108398e+00
9.609957933425903320e+00
9.613654375076293945e+00
9.695217847824096680e+00
9.581081390380859375e+00
9.595912218093872070e+00
9.672717571258544922e+00
9.619434118270874023e+00
9.614250659942626953e+00
9.635071277618408203e+00
9.690754652023315430e+00
9.648404836654663086e+00
9.685361623764038086e+00
9.668252944946289062e+00
9.714829206466674805e+00
9.659448862075805664e+00
