7.090766310000000203e+02
7.090766210000000456e+02
7.090766290000000254e+02
7.090766280000000279e+02
7.090766310000000203e+02
7.090766260000000329e+02
7.090766260000000329e+02
7.090766320000000178e+02
7.090766280000000279e+02
7.090766250000000355e+02
7.090766260000000329e+02
7.090766240000000380e+02
7.090766360000000077e+02
7.090766270000000304e+02
7.090766260000000329e+02
7.090766370000000052e+02
7.090766340000000127e+02
7.090766390000000001e+02
7.090766270000000304e+02
7.090766250000000355e+02
7.090766300000000228e+02
7.090766280000000279e+02
7.090766340000000127e+02
7.090766240000000380e+02
7.090766290000000254e+02
7.090766310000000203e+02
7.090766270000000304e+02
7.090766300000000228e+02
7.090766320000000178e+02
7.090766310000000203e+02
7.090766290000000254e+02
7.090766270000000304e+02
7.090766300000000228e+02
7.090766340000000127e+02
7.090766330000000153e+02
7.090766260000000329e+02
7.090766230000000405e+02
7.090766330000000153e+02
7.090766260000000329e+02
7.090766250000000355e+02
7.090766310000000203e+02
7.090766200000000481e+02
7.090766320000000178e+02
7.090766260000000329e+02
7.090766340000000127e+02
7.090766340000000127e+02
7.090766340000000127e+02
7.090766270000000304e+02
7.090766280000000279e+02
7.090766340000000127e+02
7.090766310000000203e+02
7.090766310000000203e+02
7.090766310000000203e+02
7.090766330000000153e+02
7.090766300000000228e+02
7.090766250000000355e+02
7.090766290000000254e+02
7.090766260000000329e+02
7.090766240000000380e+02
7.090766280000000279e+02
7.090766330000000153e+02
7.090766310000000203e+02
7.090766310000000203e+02
7.090766320000000178e+02
7.090766300000000228e+02
7.090766300000000228e+02
7.090766280000000279e+02
7.090766270000000304e+02
7.090766250000000355e+02
7.090766300000000228e+02
7.090766240000000380e+02
7.090766250000000355e+02
7.090766300000000228e+02
7.090766310000000203e+02
7.090766290000000254e+02
7.090766300000000228e+02
7.090766260000000329e+02
7.090766260000000329e+02
7.090766310000000203e+02
7.090766350000000102e+02
7.090766270000000304e+02
