2.430100000000000000e+04
2.559300000000000000e+04
2.602300000000000000e+04
2.586900000000000000e+04
2.578100000000000000e+04
2.599100000000000000e+04
2.591900000000000000e+04
2.586900000000000000e+04
2.562100000000000000e+04
2.595100000000000000e+04
2.571700000000000000e+04
2.556900000000000000e+04
2.532100000000000000e+04
2.567900000000000000e+04
2.538500000000000000e+04
2.571700000000000000e+04
2.528300000000000000e+04
2.516700000000000000e+04
2.538900000000000000e+04
2.538200000000000000e+04
2.548500000000000000e+04
2.537300000000000000e+04
2.542300000000000000e+04
2.540300000000000000e+04
2.563900000000000000e+04
2.555800000000000000e+04
2.572700000000000000e+04
2.548700000000000000e+04
2.561900000000000000e+04
2.569500000000000000e+04
2.550000000000000000e+04
2.629900000000000000e+04
2.541500000000000000e+04
2.556900000000000000e+04
2.525100000000000000e+04
2.528900000000000000e+04
2.531500000000000000e+04
2.553100000000000000e+04
2.588300000000000000e+04
2.554100000000000000e+04
2.536300000000000000e+04
2.557500000000000000e+04
2.568500000000000000e+04
2.528900000000000000e+04
2.559300000000000000e+04
2.516300000000000000e+04
2.556500000000000000e+04
2.520100000000000000e+04
2.618700000000000000e+04
2.562300000000000000e+04
2.522500000000000000e+04
2.538500000000000000e+04
2.503800000000000000e+04
2.537100000000000000e+04
2.520700000000000000e+04
2.536300000000000000e+04
2.527100000000000000e+04
2.479300000000000000e+04
2.534800000000000000e+04
2.488700000000000000e+04
2.579300000000000000e+04
2.573700000000000000e+04
2.526900000000000000e+04
2.498700000000000000e+04
2.541500000000000000e+04
2.542600000000000000e+04
2.579700000000000000e+04
2.543100000000000000e+04
2.573700000000000000e+04
2.526300000000000000e+04
2.529100000000000000e+04
2.552600000000000000e+04
2.567300000000000000e+04
2.562100000000000000e+04
2.558300000000000000e+04
2.571700000000000000e+04
2.519100000000000000e+04
2.578700000000000000e+04
2.560300000000000000e+04
2.537100000000000000e+04
2.581200000000000000e+04
2.623300000000000000e+04
2.566700000000000000e+04
2.540200000000000000e+04
2.559100000000000000e+04
2.558200000000000000e+04
2.524300000000000000e+04
2.544300000000000000e+04
2.546300000000000000e+04
2.560000000000000000e+04
2.538500000000000000e+04
2.529900000000000000e+04
2.540300000000000000e+04
2.510600000000000000e+04
2.580100000000000000e+04
2.540700000000000000e+04
2.499300000000000000e+04
2.523100000000000000e+04
2.561900000000000000e+04
2.569900000000000000e+04
2.552100000000000000e+04
2.530900000000000000e+04
2.567100000000000000e+04
2.518100000000000000e+04
2.547300000000000000e+04
2.562100000000000000e+04
2.539700000000000000e+04
2.610300000000000000e+04
2.504900000000000000e+04
2.571700000000000000e+04
2.548900000000000000e+04
2.544700000000000000e+04
2.515100000000000000e+04
2.520600000000000000e+04
2.531700000000000000e+04
2.575900000000000000e+04
2.532100000000000000e+04
2.546700000000000000e+04
2.533800000000000000e+04
2.535700000000000000e+04
2.523900000000000000e+04
2.507100000000000000e+04
2.575500000000000000e+04
2.491300000000000000e+04
2.542200000000000000e+04
2.522700000000000000e+04
2.539700000000000000e+04
2.591000000000000000e+04
2.549700000000000000e+04
2.546900000000000000e+04
2.538100000000000000e+04
2.552100000000000000e+04
2.521500000000000000e+04
2.515100000000000000e+04
2.554700000000000000e+04
2.562300000000000000e+04
2.538500000000000000e+04
2.554500000000000000e+04
2.522100000000000000e+04
2.554900000000000000e+04
2.526300000000000000e+04
2.509400000000000000e+04
2.542700000000000000e+04
2.543500000000000000e+04
2.512100000000000000e+04
2.502100000000000000e+04
2.585200000000000000e+04
2.528100000000000000e+04
2.543300000000000000e+04
2.547700000000000000e+04
2.550500000000000000e+04
2.559800000000000000e+04
2.565300000000000000e+04
2.522700000000000000e+04
2.559300000000000000e+04
2.524300000000000000e+04
2.557100000000000000e+04
2.551500000000000000e+04
2.590100000000000000e+04
2.553300000000000000e+04
2.543600000000000000e+04
