1.414216598436918507e-02
1.294094718378483756e-02
1.202045037661476044e-02
1.259573144656533049e-02
1.033049827177754537e-02
1.172314739334653216e-02
1.160481327154484245e-02
1.237498540685683102e-02
1.235010557348312742e-02
1.024277727823605377e-02
1.096791883740060383e-02
1.026334632826796101e-02
1.088350759902048485e-02
1.163384820972369546e-02
1.064962726304579353e-02
1.020842194810718875e-02
1.079601017015450852e-02
9.666731631260963228e-03
1.153321644262614472e-02
1.206014202404094050e-02
1.292119617780184901e-02
1.153284094948457683e-02
1.275420927790955374e-02
1.503818908544065844e-02
1.725997842502696722e-02
1.395844012460076451e-02
1.740979990546714928e-02
2.077840305379560076e-02
2.289925121825601290e-02
2.890218932115293585e-02
3.479005331361637726e-02
3.702693222122617478e-02
4.184394394785120180e-02
4.317631652049684632e-02
4.742211193824097393e-02
4.803510559103553457e-02
5.119521127869885307e-02
5.155012264264747374e-02
5.283871721934302323e-02
5.888988292037807687e-02
5.651466444417986568e-02
6.078238647532926975e-02
5.915858113681894681e-02
5.593696364487439621e-02
4.537155731655206914e-02
3.880707224022644092e-02
3.223655829640378195e-02
2.663053996516353758e-02
2.544734822474451624e-02
2.836097215110095632e-02
3.330315317088532873e-02
3.806268691498038842e-02
4.288171526861074556e-02
4.361153144763900424e-02
4.622689636228073662e-02
2.860329854194884960e-02
2.213444918071252529e-02
2.103528118990620477e-02
1.844886970980640431e-02
1.591923898272180199e-02
1.507195253938349230e-02
1.547557636601722131e-02
1.478584001564639192e-02
1.252869538150266568e-02
1.353329903842348872e-02
1.180865164477647861e-02
1.236463870840716697e-02
1.234715418010913328e-02
1.261854688306019573e-02
1.153739776364139276e-02
1.027520012744434323e-02
1.102232019840176415e-02
1.096238630496087704e-02
1.149063434597827858e-02
1.074222550889347358e-02
1.084521985146764088e-02
1.192952164187889921e-02
1.038899242634521575e-02
1.127386765114525048e-02
1.108077090506153807e-02
1.023454157782516076e-02
1.064367012391718124e-02
1.234665611396913373e-02
1.090004344220212550e-02
1.140669557404586087e-02
1.142901270319317264e-02
1.033263124428724679e-02
1.137855579868708895e-02
1.071131035029952022e-02
1.203150354216962759e-02
1.043107195068947862e-02
1.072005675324163437e-02
1.304278670271989855e-02
