1.188100000000000023e+01
1.188199999999999967e+01
1.187599999999999945e+01
1.187400000000000055e+01
1.187199999999999989e+01
1.187299999999999933e+01
1.186899999999999977e+01
1.186800000000000033e+01
1.186700000000000088e+01
1.186700000000000088e+01
1.186100000000000065e+01
1.186299999999999955e+01
1.186200000000000010e+01
1.186299999999999955e+01
1.186299999999999955e+01
1.185999999999999943e+01
1.186400000000000077e+01
1.186299999999999955e+01
1.186400000000000077e+01
1.186299999999999955e+01
1.186200000000000010e+01
1.185899999999999999e+01
1.185800000000000054e+01
1.186299999999999955e+01
1.186200000000000010e+01
1.185800000000000054e+01
1.185500000000000043e+01
1.185599999999999987e+01
1.186200000000000010e+01
1.185500000000000043e+01
1.185500000000000043e+01
1.185399999999999920e+01
1.185899999999999999e+01
1.185599999999999987e+01
1.185599999999999987e+01
1.185500000000000043e+01
1.185399999999999920e+01
1.185599999999999987e+01
1.185500000000000043e+01
1.185599999999999987e+01
1.185100000000000087e+01
1.185100000000000087e+01
1.184900000000000020e+01
1.185100000000000087e+01
1.185500000000000043e+01
1.185100000000000087e+01
1.185100000000000087e+01
1.184999999999999964e+01
1.184999999999999964e+01
1.185399999999999920e+01
1.185299999999999976e+01
1.185100000000000087e+01
1.184900000000000020e+01
1.184900000000000020e+01
1.185299999999999976e+01
1.184999999999999964e+01
1.184999999999999964e+01
1.184999999999999964e+01
1.184999999999999964e+01
1.185399999999999920e+01
1.185299999999999976e+01
1.185399999999999920e+01
1.185299999999999976e+01
1.185299999999999976e+01
1.184900000000000020e+01
1.185100000000000087e+01
1.184699999999999953e+01
1.185100000000000087e+01
1.184900000000000020e+01
1.184900000000000020e+01
1.184999999999999964e+01
1.185399999999999920e+01
1.185100000000000087e+01
1.185100000000000087e+01
1.185299999999999976e+01
1.185899999999999999e+01
1.186299999999999955e+01
1.185999999999999943e+01
1.185999999999999943e+01
1.186400000000000077e+01
1.186400000000000077e+01
