2.360000000000000000e+02
2.580000000000000000e+02
2.180000000000000000e+02
2.340000000000000000e+02
2.660000000000000000e+02
2.360000000000000000e+02
2.200000000000000000e+02
2.700000000000000000e+02
2.300000000000000000e+02
2.380000000000000000e+02
2.440000000000000000e+02
2.360000000000000000e+02
2.080000000000000000e+02
2.540000000000000000e+02
2.120000000000000000e+02
2.620000000000000000e+02
3.000000000000000000e+02
2.380000000000000000e+02
2.980000000000000000e+02
2.540000000000000000e+02
3.220000000000000000e+02
3.620000000000000000e+02
3.080000000000000000e+02
3.760000000000000000e+02
4.140000000000000000e+02
4.620000000000000000e+02
4.660000000000000000e+02
4.940000000000000000e+02
5.780000000000000000e+02
6.500000000000000000e+02
6.720000000000000000e+02
6.940000000000000000e+02
7.060000000000000000e+02
7.660000000000000000e+02
8.760000000000000000e+02
1.038000000000000000e+03
1.100000000000000000e+03
1.126000000000000000e+03
1.276000000000000000e+03
1.560000000000000000e+03
1.699000000000000000e+03
1.800000000000000000e+03
1.820000000000000000e+03
1.158000000000000000e+03
7.020000000000000000e+02
5.400000000000000000e+02
5.320000000000000000e+02
4.220000000000000000e+02
4.500000000000000000e+02
4.160000000000000000e+02
3.740000000000000000e+02
3.940000000000000000e+02
4.080000000000000000e+02
4.320000000000000000e+02
3.800000000000000000e+02
3.800000000000000000e+02
3.400000000000000000e+02
3.020000000000000000e+02
3.100000000000000000e+02
3.680000000000000000e+02
3.200000000000000000e+02
3.060000000000000000e+02
2.940000000000000000e+02
2.880000000000000000e+02
2.840000000000000000e+02
3.280000000000000000e+02
2.860000000000000000e+02
2.940000000000000000e+02
3.060000000000000000e+02
2.700000000000000000e+02
2.800000000000000000e+02
2.140000000000000000e+02
2.600000000000000000e+02
2.180000000000000000e+02
2.340000000000000000e+02
2.480000000000000000e+02
2.140000000000000000e+02
1.860000000000000000e+02
2.380000000000000000e+02
2.440000000000000000e+02
2.200000000000000000e+02
