2.508752454956877931e-01
2.560263266145619276e-01
2.278775248477075965e-01
2.394558918222794708e-01
2.422365310946287265e-01
2.432365351203772674e-01
2.539602715614784900e-01
2.342268041237113296e-01
2.467263384717387764e-01
2.420572376607216802e-01
2.422344895773255458e-01
2.394922663080026881e-01
2.356977579190935868e-01
2.404658410563438042e-01
2.431218875010204838e-01
2.340756508924185242e-01
2.444838138186503362e-01
2.351327362220608508e-01
2.294755300494181471e-01
2.292567512441869848e-01
2.345419365693614810e-01
2.428536123239146416e-01
2.167659912594358251e-01
2.219912035185925558e-01
2.331927561399156634e-01
2.285577000080083188e-01
2.209499233932747386e-01
2.283575883575883481e-01
2.262695873328410823e-01
2.242823452874684875e-01
2.217583702095683451e-01
2.157263003184453354e-01
2.242429162945522580e-01
2.172241760039257397e-01
2.089165790112468557e-01
2.205205522932867923e-01
2.077890267798824242e-01
2.043259637640673643e-01
2.055835533157347461e-01
1.860053144375553580e-01
1.643767996709173118e-01
1.943970767356881790e-01
1.912973408541498721e-01
2.056765468983410561e-01
2.103551979192067045e-01
2.089992623555446405e-01
2.119385733157199414e-01
2.053134280439842807e-01
2.017481691471769423e-01
2.236928104575163501e-01
2.259280044896977424e-01
2.173878460069996743e-01
2.173739947448045107e-01
2.271468144044321291e-01
2.328425456593450904e-01
2.246265643924101607e-01
2.286503551696921765e-01
2.322705003614167485e-01
2.414268342115930277e-01
2.325766626841895557e-01
2.343023713858032042e-01
2.382689034767809522e-01
2.437894400511222970e-01
2.402042933524858315e-01
2.345609065155807305e-01
2.362842397776895587e-01
2.451319095477386967e-01
2.346687822292740921e-01
2.469431790937424986e-01
2.448528831742525780e-01
2.455338934660249717e-01
2.454086133611356191e-01
2.484756097560975596e-01
2.454086133611356191e-01
2.337479464914339333e-01
2.348377997179125487e-01
2.444461888688280182e-01
2.500197550375345967e-01
2.440818937939859268e-01
2.412291122198463589e-01
2.389160586867634106e-01
