4.220000000000000000e+02
4.200000000000000000e+02
4.160000000000000000e+02
4.860000000000000000e+02
4.860000000000000000e+02
5.440000000000000000e+02
5.540000000000000000e+02
5.600000000000000000e+02
5.460000000000000000e+02
5.820000000000000000e+02
5.640000000000000000e+02
7.680000000000000000e+02
7.940000000000000000e+02
9.120000000000000000e+02
8.940000000000000000e+02
1.040000000000000000e+03
1.102000000000000000e+03
1.190000000000000000e+03
1.290000000000000000e+03
1.498000000000000000e+03
1.560000000000000000e+03
1.610000000000000000e+03
1.588000000000000000e+03
1.732000000000000000e+03
1.636000000000000000e+03
1.768000000000000000e+03
1.862000000000000000e+03
1.826000000000000000e+03
1.820000000000000000e+03
1.778000000000000000e+03
1.678000000000000000e+03
1.682000000000000000e+03
1.824000000000000000e+03
1.848000000000000000e+03
2.116000000000000000e+03
2.492000000000000000e+03
3.012000000000000000e+03
3.536000000000000000e+03
3.872000000000000000e+03
4.596000000000000000e+03
4.536000000000000000e+03
3.212000000000000000e+03
1.490000000000000000e+03
9.820000000000000000e+02
7.720000000000000000e+02
5.800000000000000000e+02
6.040000000000000000e+02
4.400000000000000000e+02
5.080000000000000000e+02
5.040000000000000000e+02
4.660000000000000000e+02
4.340000000000000000e+02
5.140000000000000000e+02
4.260000000000000000e+02
4.380000000000000000e+02
3.500000000000000000e+02
4.640000000000000000e+02
3.640000000000000000e+02
4.040000000000000000e+02
4.380000000000000000e+02
5.020000000000000000e+02
4.560000000000000000e+02
3.800000000000000000e+02
4.000000000000000000e+02
4.180000000000000000e+02
3.580000000000000000e+02
3.520000000000000000e+02
3.300000000000000000e+02
3.420000000000000000e+02
3.260000000000000000e+02
3.760000000000000000e+02
3.740000000000000000e+02
3.320000000000000000e+02
3.420000000000000000e+02
3.000000000000000000e+02
3.440000000000000000e+02
3.380000000000000000e+02
2.960000000000000000e+02
3.540000000000000000e+02
3.420000000000000000e+02
3.100000000000000000e+02
2.820000000000000000e+02
3.500000000000000000e+02
3.090000000000000000e+02
2.960000000000000000e+02
2.780000000000000000e+02
3.280000000000000000e+02
2.880000000000000000e+02
2.940000000000000000e+02
3.070000000000000000e+02
3.380000000000000000e+02
3.180000000000000000e+02
3.160000000000000000e+02
3.540000000000000000e+02
3.680000000000000000e+02
3.660000000000000000e+02
3.620000000000000000e+02
3.680000000000000000e+02
3.980000000000000000e+02
4.500000000000000000e+02
4.260000000000000000e+02
4.960000000000000000e+02
5.460000000000000000e+02
6.120000000000000000e+02
7.100000000000000000e+02
6.760000000000000000e+02
7.520000000000000000e+02
8.860000000000000000e+02
9.540000000000000000e+02
8.560000000000000000e+02
1.042000000000000000e+03
1.148000000000000000e+03
1.242000000000000000e+03
1.310000000000000000e+03
1.290000000000000000e+03
1.430000000000000000e+03
1.412000000000000000e+03
1.508000000000000000e+03
1.492000000000000000e+03
1.650000000000000000e+03
1.714000000000000000e+03
1.834000000000000000e+03
1.414000000000000000e+03
1.174000000000000000e+03
9.640000000000000000e+02
8.540000000000000000e+02
6.220000000000000000e+02
5.900000000000000000e+02
5.120000000000000000e+02
4.420000000000000000e+02
5.000000000000000000e+02
4.000000000000000000e+02
3.680000000000000000e+02
3.580000000000000000e+02
3.340000000000000000e+02
3.200000000000000000e+02
3.100000000000000000e+02
3.280000000000000000e+02
2.960000000000000000e+02
3.400000000000000000e+02
3.140000000000000000e+02
3.420000000000000000e+02
3.420000000000000000e+02
3.400000000000000000e+02
2.920000000000000000e+02
3.400000000000000000e+02
3.280000000000000000e+02
2.860000000000000000e+02
2.940000000000000000e+02
3.120000000000000000e+02
3.240000000000000000e+02
3.080000000000000000e+02
3.620000000000000000e+02
3.940000000000000000e+02
3.420000000000000000e+02
2.940000000000000000e+02
3.000000000000000000e+02
2.820000000000000000e+02
2.840000000000000000e+02
3.100000000000000000e+02
2.940000000000000000e+02
