1.192099999999999937e+01
1.191799999999999926e+01
1.191499999999999915e+01
1.191499999999999915e+01
1.190900000000000070e+01
1.190399999999999991e+01
1.190799999999999947e+01
1.190700000000000003e+01
1.190499999999999936e+01
1.190099999999999980e+01
1.189799999999999969e+01
1.190000000000000036e+01
1.189799999999999969e+01
1.189799999999999969e+01
1.189600000000000080e+01
1.189799999999999969e+01
1.189499999999999957e+01
1.189199999999999946e+01
1.189100000000000001e+01
1.189600000000000080e+01
1.189400000000000013e+01
1.189400000000000013e+01
1.188799999999999990e+01
1.189000000000000057e+01
1.189499999999999957e+01
1.189199999999999946e+01
1.189000000000000057e+01
1.189100000000000001e+01
1.189100000000000001e+01
1.188700000000000045e+01
1.188700000000000045e+01
1.188700000000000045e+01
1.188700000000000045e+01
1.189000000000000057e+01
1.188599999999999923e+01
1.189100000000000001e+01
1.188599999999999923e+01
1.188700000000000045e+01
1.189000000000000057e+01
1.188700000000000045e+01
1.188599999999999923e+01
1.188700000000000045e+01
1.189100000000000001e+01
1.187299999999999933e+01
1.186999999999999922e+01
1.186899999999999977e+01
1.187199999999999989e+01
1.187199999999999989e+01
1.187400000000000055e+01
1.187299999999999933e+01
1.186899999999999977e+01
1.187299999999999933e+01
1.186899999999999977e+01
1.186899999999999977e+01
1.186999999999999922e+01
1.187199999999999989e+01
1.187199999999999989e+01
1.186999999999999922e+01
1.187299999999999933e+01
1.187199999999999989e+01
1.186999999999999922e+01
1.186599999999999966e+01
1.187199999999999989e+01
1.187199999999999989e+01
1.186800000000000033e+01
1.186800000000000033e+01
1.187199999999999989e+01
1.186999999999999922e+01
1.186800000000000033e+01
1.186599999999999966e+01
1.186999999999999922e+01
1.186599999999999966e+01
1.186800000000000033e+01
1.186500000000000021e+01
1.186599999999999966e+01
1.186599999999999966e+01
1.186500000000000021e+01
1.186899999999999977e+01
1.186899999999999977e+01
1.186800000000000033e+01
1.186599999999999966e+01
