1.687900000000000000e+04
1.769100000000000000e+04
1.714100000000000000e+04
1.759600000000000000e+04
1.723900000000000000e+04
1.730500000000000000e+04
1.711500000000000000e+04
1.690300000000000000e+04
1.696100000000000000e+04
1.692900000000000000e+04
1.736100000000000000e+04
1.715100000000000000e+04
1.677900000000000000e+04
1.704700000000000000e+04
1.674900000000000000e+04
1.693500000000000000e+04
1.711200000000000000e+04
1.695200000000000000e+04
1.679300000000000000e+04
1.689700000000000000e+04
1.710300000000000000e+04
1.690900000000000000e+04
1.685400000000000000e+04
1.694600000000000000e+04
1.695000000000000000e+04
1.744100000000000000e+04
1.715900000000000000e+04
1.708400000000000000e+04
1.656500000000000000e+04
1.718900000000000000e+04
1.737700000000000000e+04
1.693300000000000000e+04
1.704500000000000000e+04
1.704500000000000000e+04
1.702100000000000000e+04
1.701500000000000000e+04
1.686500000000000000e+04
1.705900000000000000e+04
1.654100000000000000e+04
1.724700000000000000e+04
1.644600000000000000e+04
1.697700000000000000e+04
1.673500000000000000e+04
1.677400000000000000e+04
1.693100000000000000e+04
1.718300000000000000e+04
1.664400000000000000e+04
1.671900000000000000e+04
1.689400000000000000e+04
1.709900000000000000e+04
1.677500000000000000e+04
1.682300000000000000e+04
1.712700000000000000e+04
1.677700000000000000e+04
1.718100000000000000e+04
1.679700000000000000e+04
1.687700000000000000e+04
1.709900000000000000e+04
1.696100000000000000e+04
1.713100000000000000e+04
1.741300000000000000e+04
1.676100000000000000e+04
1.709500000000000000e+04
1.688400000000000000e+04
1.700700000000000000e+04
1.674300000000000000e+04
1.671700000000000000e+04
1.679300000000000000e+04
1.703100000000000000e+04
1.677100000000000000e+04
1.697300000000000000e+04
1.715100000000000000e+04
1.718100000000000000e+04
1.729700000000000000e+04
1.732700000000000000e+04
1.720100000000000000e+04
1.725100000000000000e+04
1.712700000000000000e+04
1.725000000000000000e+04
1.725500000000000000e+04
1.764100000000000000e+04
