3.630000000000000000e+02
2.420000000000000000e+02
2.020000000000000000e+02
1.820000000000000000e+02
2.100000000000000000e+02
2.020000000000000000e+02
2.160000000000000000e+02
2.340000000000000000e+02
2.180000000000000000e+02
2.180000000000000000e+02
2.260000000000000000e+02
2.100000000000000000e+02
1.880000000000000000e+02
2.170000000000000000e+02
1.980000000000000000e+02
2.120000000000000000e+02
1.860000000000000000e+02
2.300000000000000000e+02
2.500000000000000000e+02
2.340000000000000000e+02
2.720000000000000000e+02
2.380000000000000000e+02
2.580000000000000000e+02
2.200000000000000000e+02
1.980000000000000000e+02
2.500000000000000000e+02
2.560000000000000000e+02
2.500000000000000000e+02
2.400000000000000000e+02
2.540000000000000000e+02
2.380000000000000000e+02
2.680000000000000000e+02
2.820000000000000000e+02
2.350000000000000000e+02
2.240000000000000000e+02
2.700000000000000000e+02
2.120000000000000000e+02
2.800000000000000000e+02
2.420000000000000000e+02
2.520000000000000000e+02
2.240000000000000000e+02
