1.408000000000000000e+03
1.489000000000000000e+03
1.488000000000000000e+03
1.369000000000000000e+03
1.281000000000000000e+03
1.361000000000000000e+03
1.329000000000000000e+03
1.322000000000000000e+03
1.341000000000000000e+03
1.287000000000000000e+03
1.370000000000000000e+03
1.345000000000000000e+03
1.421000000000000000e+03
1.345000000000000000e+03
1.283000000000000000e+03
1.402000000000000000e+03
1.411000000000000000e+03
1.565000000000000000e+03
1.707000000000000000e+03
2.019000000000000000e+03
1.942000000000000000e+03
1.968000000000000000e+03
2.170000000000000000e+03
2.127000000000000000e+03
2.048000000000000000e+03
1.987000000000000000e+03
2.033000000000000000e+03
1.969000000000000000e+03
2.212000000000000000e+03
2.151000000000000000e+03
2.135000000000000000e+03
2.111000000000000000e+03
2.189000000000000000e+03
2.343000000000000000e+03
2.319000000000000000e+03
2.243000000000000000e+03
2.441000000000000000e+03
2.389000000000000000e+03
2.260000000000000000e+03
2.421000000000000000e+03
2.385000000000000000e+03
2.349000000000000000e+03
2.233000000000000000e+03
2.363000000000000000e+03
2.509000000000000000e+03
2.608000000000000000e+03
2.594000000000000000e+03
2.737000000000000000e+03
2.628000000000000000e+03
2.375000000000000000e+03
2.530000000000000000e+03
2.514000000000000000e+03
2.423000000000000000e+03
2.442000000000000000e+03
2.697000000000000000e+03
2.399000000000000000e+03
2.707000000000000000e+03
2.799000000000000000e+03
2.961000000000000000e+03
2.761000000000000000e+03
2.536000000000000000e+03
2.630000000000000000e+03
2.863000000000000000e+03
2.663000000000000000e+03
2.689000000000000000e+03
2.661000000000000000e+03
2.661000000000000000e+03
2.636000000000000000e+03
2.791000000000000000e+03
2.915000000000000000e+03
2.942000000000000000e+03
2.919000000000000000e+03
2.899000000000000000e+03
2.745000000000000000e+03
2.693000000000000000e+03
2.453000000000000000e+03
2.659000000000000000e+03
2.668000000000000000e+03
2.663000000000000000e+03
2.720000000000000000e+03
2.734000000000000000e+03
