3.391000000000000000e+03
3.173000000000000000e+03
2.887000000000000000e+03
2.929000000000000000e+03
2.964000000000000000e+03
3.040000000000000000e+03
2.875000000000000000e+03
2.699000000000000000e+03
2.928000000000000000e+03
2.868000000000000000e+03
3.071000000000000000e+03
2.901000000000000000e+03
3.047000000000000000e+03
3.060000000000000000e+03
3.055000000000000000e+03
3.016000000000000000e+03
2.921000000000000000e+03
2.903000000000000000e+03
2.937000000000000000e+03
2.893000000000000000e+03
3.126000000000000000e+03
3.034000000000000000e+03
3.050000000000000000e+03
3.091000000000000000e+03
3.200000000000000000e+03
3.177000000000000000e+03
3.237000000000000000e+03
3.187000000000000000e+03
3.251000000000000000e+03
3.210000000000000000e+03
3.208000000000000000e+03
3.271000000000000000e+03
3.293000000000000000e+03
3.385000000000000000e+03
3.591000000000000000e+03
3.381000000000000000e+03
3.497000000000000000e+03
3.615000000000000000e+03
3.666000000000000000e+03
3.745000000000000000e+03
3.939000000000000000e+03
4.081000000000000000e+03
3.953000000000000000e+03
4.124000000000000000e+03
3.989000000000000000e+03
4.147000000000000000e+03
4.147000000000000000e+03
4.047000000000000000e+03
4.135000000000000000e+03
4.263000000000000000e+03
4.151000000000000000e+03
4.175000000000000000e+03
4.283000000000000000e+03
4.159000000000000000e+03
4.197000000000000000e+03
4.159000000000000000e+03
4.041000000000000000e+03
4.150000000000000000e+03
4.143000000000000000e+03
4.204000000000000000e+03
4.267000000000000000e+03
4.119000000000000000e+03
4.336000000000000000e+03
4.231000000000000000e+03
4.289000000000000000e+03
4.043000000000000000e+03
4.027000000000000000e+03
4.147000000000000000e+03
4.145000000000000000e+03
4.133000000000000000e+03
4.049000000000000000e+03
4.065000000000000000e+03
4.123000000000000000e+03
4.241000000000000000e+03
4.131000000000000000e+03
4.279000000000000000e+03
4.317000000000000000e+03
3.868000000000000000e+03
4.137000000000000000e+03
4.126000000000000000e+03
4.149000000000000000e+03
