1.680000000000000000e+02
2.060000000000000000e+02
1.720000000000000000e+02
2.240000000000000000e+02
1.900000000000000000e+02
2.200000000000000000e+02
2.220000000000000000e+02
2.060000000000000000e+02
1.780000000000000000e+02
2.080000000000000000e+02
1.720000000000000000e+02
2.000000000000000000e+02
2.160000000000000000e+02
2.220000000000000000e+02
2.340000000000000000e+02
2.270000000000000000e+02
1.880000000000000000e+02
2.220000000000000000e+02
2.720000000000000000e+02
2.020000000000000000e+02
2.660000000000000000e+02
2.780000000000000000e+02
3.060000000000000000e+02
3.600000000000000000e+02
3.860000000000000000e+02
3.440000000000000000e+02
4.340000000000000000e+02
4.660000000000000000e+02
4.360000000000000000e+02
4.340000000000000000e+02
5.140000000000000000e+02
5.180000000000000000e+02
6.360000000000000000e+02
5.980000000000000000e+02
7.300000000000000000e+02
8.560000000000000000e+02
8.060000000000000000e+02
9.740000000000000000e+02
1.042000000000000000e+03
1.125000000000000000e+03
1.234000000000000000e+03
1.374000000000000000e+03
1.525000000000000000e+03
1.486000000000000000e+03
8.700000000000000000e+02
5.780000000000000000e+02
4.460000000000000000e+02
3.520000000000000000e+02
4.300000000000000000e+02
3.600000000000000000e+02
3.700000000000000000e+02
3.540000000000000000e+02
3.300000000000000000e+02
3.260000000000000000e+02
3.000000000000000000e+02
3.600000000000000000e+02
2.780000000000000000e+02
3.140000000000000000e+02
2.700000000000000000e+02
3.020000000000000000e+02
2.720000000000000000e+02
2.880000000000000000e+02
2.380000000000000000e+02
2.220000000000000000e+02
2.560000000000000000e+02
2.800000000000000000e+02
2.700000000000000000e+02
2.460000000000000000e+02
2.300000000000000000e+02
2.520000000000000000e+02
1.860000000000000000e+02
2.920000000000000000e+02
2.260000000000000000e+02
2.100000000000000000e+02
2.420000000000000000e+02
2.300000000000000000e+02
1.980000000000000000e+02
2.360000000000000000e+02
1.880000000000000000e+02
2.020000000000000000e+02
2.060000000000000000e+02
