1.046334147453308105e+01
1.038676595687866211e+01
1.040483140945434570e+01
1.038875174522399902e+01
1.050719285011291504e+01
1.039607763290405273e+01
1.037450361251831055e+01
1.047897720336914062e+01
1.047658658027648926e+01
1.038336181640625000e+01
1.039776110649108887e+01
1.046605324745178223e+01
1.040794730186462402e+01
1.040760087966918945e+01
1.042866778373718262e+01
1.043795347213745117e+01
1.039552521705627441e+01
1.043859410285949707e+01
1.039893651008605957e+01
1.044337105751037598e+01
1.048140859603881836e+01
1.039500880241394043e+01
1.039140725135803223e+01
1.050436615943908691e+01
1.039566183090209961e+01
1.040988802909851074e+01
1.051097059249877930e+01
1.040097379684448242e+01
1.042449164390563965e+01
1.040291976928710938e+01
1.044281768798828125e+01
1.047589135169982910e+01
1.035026597976684570e+01
1.041492247581481934e+01
1.046449112892150879e+01
1.040350770950317383e+01
1.039765453338623047e+01
1.041005039215087891e+01
1.043344640731811523e+01
1.042607069015502930e+01
1.040761399269104004e+01
