2.510100000000000000e+04
2.655100000000000000e+04
2.645700000000000000e+04
2.587900000000000000e+04
2.654400000000000000e+04
2.630300000000000000e+04
2.662200000000000000e+04
2.639300000000000000e+04
2.671100000000000000e+04
2.672100000000000000e+04
2.630300000000000000e+04
2.678100000000000000e+04
2.622500000000000000e+04
2.634300000000000000e+04
2.608300000000000000e+04
2.626500000000000000e+04
2.663300000000000000e+04
2.702300000000000000e+04
2.634100000000000000e+04
2.629300000000000000e+04
2.646100000000000000e+04
2.642500000000000000e+04
2.645300000000000000e+04
2.641100000000000000e+04
2.629700000000000000e+04
2.595100000000000000e+04
2.648900000000000000e+04
2.591900000000000000e+04
2.604500000000000000e+04
2.627700000000000000e+04
2.643500000000000000e+04
2.601900000000000000e+04
2.661100000000000000e+04
2.654500000000000000e+04
2.648900000000000000e+04
2.630100000000000000e+04
2.615900000000000000e+04
2.624700000000000000e+04
2.628300000000000000e+04
2.618700000000000000e+04
2.599700000000000000e+04
2.616700000000000000e+04
2.585400000000000000e+04
2.564500000000000000e+04
2.583300000000000000e+04
2.612100000000000000e+04
2.655200000000000000e+04
2.587900000000000000e+04
2.628900000000000000e+04
2.606900000000000000e+04
2.612800000000000000e+04
2.628900000000000000e+04
2.603300000000000000e+04
2.602900000000000000e+04
2.563700000000000000e+04
2.615900000000000000e+04
2.587100000000000000e+04
2.655300000000000000e+04
2.583400000000000000e+04
2.619700000000000000e+04
2.622100000000000000e+04
2.643400000000000000e+04
2.590700000000000000e+04
2.579300000000000000e+04
2.620700000000000000e+04
2.580300000000000000e+04
2.635100000000000000e+04
2.615100000000000000e+04
2.629500000000000000e+04
2.625300000000000000e+04
2.612100000000000000e+04
2.626100000000000000e+04
2.656900000000000000e+04
2.665900000000000000e+04
2.614900000000000000e+04
2.600500000000000000e+04
2.650900000000000000e+04
2.637100000000000000e+04
2.621000000000000000e+04
2.582300000000000000e+04
2.599700000000000000e+04
2.592900000000000000e+04
2.591500000000000000e+04
2.605900000000000000e+04
2.580900000000000000e+04
2.581700000000000000e+04
2.608500000000000000e+04
2.582700000000000000e+04
2.560900000000000000e+04
2.569800000000000000e+04
2.584500000000000000e+04
2.577700000000000000e+04
2.566600000000000000e+04
2.601100000000000000e+04
2.573900000000000000e+04
2.585300000000000000e+04
2.575700000000000000e+04
2.604700000000000000e+04
2.575900000000000000e+04
2.592500000000000000e+04
2.616300000000000000e+04
2.587100000000000000e+04
2.582400000000000000e+04
2.588300000000000000e+04
2.639700000000000000e+04
2.561200000000000000e+04
2.606100000000000000e+04
2.581100000000000000e+04
2.574100000000000000e+04
2.607700000000000000e+04
2.629500000000000000e+04
2.585100000000000000e+04
2.574900000000000000e+04
2.576500000000000000e+04
2.608300000000000000e+04
2.553900000000000000e+04
2.623500000000000000e+04
2.579900000000000000e+04
2.638700000000000000e+04
2.580700000000000000e+04
2.601300000000000000e+04
2.560300000000000000e+04
2.625700000000000000e+04
2.586300000000000000e+04
2.649900000000000000e+04
2.598500000000000000e+04
2.571700000000000000e+04
2.605100000000000000e+04
2.562100000000000000e+04
2.617700000000000000e+04
2.590500000000000000e+04
2.574300000000000000e+04
2.610800000000000000e+04
2.601500000000000000e+04
2.594700000000000000e+04
2.629800000000000000e+04
2.578300000000000000e+04
2.569700000000000000e+04
2.563900000000000000e+04
2.588900000000000000e+04
2.619700000000000000e+04
2.600000000000000000e+04
2.581700000000000000e+04
2.599800000000000000e+04
2.597900000000000000e+04
2.573500000000000000e+04
2.598500000000000000e+04
2.619500000000000000e+04
2.606500000000000000e+04
