7.090754160000000184e+02
7.090760030000000143e+02
7.090752660000000560e+02
7.090728020000000242e+02
7.090762449999999717e+02
7.090755219999999781e+02
7.090759980000000269e+02
7.090757180000000517e+02
7.090758270000000039e+02
7.090758590000000368e+02
7.090759600000000091e+02
7.090760629999999765e+02
7.090761499999999842e+02
7.090762549999999464e+02
7.090763580000000275e+02
7.090764609999999948e+02
7.090765509999999949e+02
7.090766539999999623e+02
7.090767520000000559e+02
7.090768590000000131e+02
7.090769569999999931e+02
7.090770519999999806e+02
7.090771479999999656e+02
7.090772560000000340e+02
7.090773550000000114e+02
7.090774529999999913e+02
7.090775509999999713e+02
7.090776530000000548e+02
7.090777500000000373e+02
7.090778559999999970e+02
7.090779549999999745e+02
7.090780449999999746e+02
7.090781530000000430e+02
7.090782600000000002e+02
7.090783539999999903e+02
7.090784589999999525e+02
7.090785540000000537e+02
7.090786520000000337e+02
7.090787599999999884e+02
7.090788549999999759e+02
7.090789660000000367e+02
7.090790540000000419e+02
7.090791580000000067e+02
7.090792589999999791e+02
7.090793459999999868e+02
7.090794570000000476e+02
7.090795580000000200e+02
7.090796599999999899e+02
7.090797589999999673e+02
7.090798539999999548e+02
7.090799570000000358e+02
7.090800560000000132e+02
7.090801490000000058e+02
7.090802559999999630e+02
7.090803540000000567e+02
7.090804550000000290e+02
7.090805629999999837e+02
7.090806479999999965e+02
7.090807479999999714e+02
7.090808550000000423e+02
7.090809600000000046e+02
