1.488686825967434901e-02
1.646985705407085290e-02
1.916585838991270718e-02
1.819672771291342903e-02
1.822642832106554506e-02
1.778877760160872332e-02
2.109951939983589417e-02
1.950333609696395382e-02
2.391500372446779196e-02
2.442843720638897612e-02
2.397617850651610760e-02
2.704075651596264326e-02
3.102559016068240361e-02
3.213012299186731452e-02
3.550013898264702678e-02
3.804115290365241847e-02
4.017909285575238520e-02
4.613413071337035126e-02
5.210044590471719916e-02
5.626456991584021655e-02
6.103529224525524460e-02
6.117684302164536764e-02
6.239750097618117913e-02
6.126741002341176690e-02
6.461984864525742445e-02
6.763972944108223584e-02
7.064507187264879029e-02
6.704397039616891152e-02
6.858136135582507120e-02
7.263398404617789350e-02
6.294899781702718855e-02
7.054730795679786670e-02
6.969276511397423657e-02
7.690773465235949125e-02
8.528088545606561655e-02
9.373996789727126466e-02
1.098388975935076922e-01
1.285367503681006107e-01
1.503550601023525279e-01
1.665387257080521988e-01
1.846005542836486324e-01
1.583783570611665414e-01
8.759182052809211250e-02
5.012229840811580073e-02
3.636218012894958107e-02
3.073448150687694072e-02
2.578239657292451595e-02
2.251873221941739708e-02
2.164869340441859594e-02
1.906042391648212625e-02
2.217365388436320223e-02
1.944610480175333611e-02
1.821133061483035803e-02
1.877858919829869175e-02
1.878922858878315574e-02
1.847909050737155112e-02
1.742691937038226904e-02
1.711186985338421229e-02
1.741223671013038959e-02
1.891535975098766753e-02
1.791956285909437896e-02
1.731567503459181812e-02
1.795045673939925715e-02
1.663033825785097120e-02
1.516549648946840557e-02
1.678992604437337666e-02
1.488460472665373464e-02
1.409528412065563265e-02
1.538524489545398805e-02
1.489743079067914686e-02
1.359231109502553533e-02
1.181055863942364476e-02
1.472659236309499867e-02
1.423907485347913372e-02
1.300194236334086505e-02
1.704293041476515405e-02
1.469828784809120922e-02
1.568006335379132712e-02
1.344443102684860988e-02
1.384815900944933245e-02
1.327666464278486058e-02
1.412978765628100826e-02
1.262260813635632771e-02
1.361092095195908652e-02
1.387283236994219654e-02
1.352157486577848511e-02
1.249950866711214102e-02
1.163022264707053860e-02
1.223277909738717389e-02
1.226256311613368663e-02
1.463217461600646759e-02
1.194647977062758895e-02
1.255046164914664850e-02
1.556078681722060375e-02
1.375126390293225469e-02
1.511416447767225703e-02
1.327662280876098187e-02
1.509494560199124875e-02
1.567993534047282256e-02
1.537904102419582024e-02
1.867970271451849934e-02
2.074638356497426894e-02
2.231342391520899082e-02
2.260021410729154412e-02
2.289672030963536484e-02
2.392591709391518606e-02
2.606720076527561936e-02
3.160288895095966083e-02
3.491391363400311865e-02
3.750949734074458808e-02
3.565797453001819106e-02
4.482840990524723096e-02
4.831150102151184067e-02
5.315614617940199460e-02
5.608534022951349590e-02
5.393240364907768425e-02
5.562077480467959162e-02
5.631183221210921824e-02
5.619767204410863748e-02
6.188068756319514696e-02
6.248278575644304611e-02
6.424034197594982731e-02
5.553297016017562371e-02
4.497134953566488819e-02
4.278373102816396267e-02
3.301943498296934509e-02
3.231121649318811906e-02
2.510427010923535138e-02
2.083086755829092335e-02
2.057596500465794578e-02
1.713809656047923097e-02
2.012538433893702738e-02
1.618626161144998479e-02
1.334025642049766272e-02
1.301989150090415888e-02
1.514119767674744661e-02
1.331048499581556632e-02
1.178309486593723775e-02
1.385184890339529601e-02
1.169024872011932038e-02
1.161347162708742213e-02
1.156899509315035754e-02
1.193839786700624794e-02
1.476192386377311525e-02
1.238137905754897565e-02
1.406930732643191240e-02
1.266588681376305987e-02
1.000650829808005272e-02
1.596546246894473345e-02
1.301167818321412664e-02
1.304260852170434012e-02
1.224621334192716772e-02
1.203618827468016378e-02
1.226746297566684227e-02
1.220653456483704324e-02
1.405247339777434754e-02
1.216643685619271664e-02
1.140361518864491108e-02
1.253538212697129055e-02
1.214930860842458604e-02
1.050394900372850042e-02
