3.882000000000000000e+03
3.906000000000000000e+03
3.928000000000000000e+03
3.951000000000000000e+03
4.116000000000000000e+03
4.070000000000000000e+03
4.040000000000000000e+03
3.866000000000000000e+03
3.970000000000000000e+03
3.914000000000000000e+03
3.838000000000000000e+03
3.912000000000000000e+03
3.812000000000000000e+03
3.940000000000000000e+03
3.814000000000000000e+03
3.720000000000000000e+03
3.915000000000000000e+03
3.894000000000000000e+03
3.728000000000000000e+03
3.586000000000000000e+03
3.636000000000000000e+03
3.670000000000000000e+03
3.503000000000000000e+03
3.551000000000000000e+03
3.389000000000000000e+03
3.270000000000000000e+03
3.202000000000000000e+03
3.187000000000000000e+03
3.258000000000000000e+03
3.088000000000000000e+03
3.074000000000000000e+03
3.192000000000000000e+03
3.012000000000000000e+03
3.234000000000000000e+03
3.186000000000000000e+03
3.300000000000000000e+03
3.338000000000000000e+03
3.434000000000000000e+03
3.470000000000000000e+03
3.540000000000000000e+03
3.707000000000000000e+03
3.842000000000000000e+03
3.690000000000000000e+03
3.601000000000000000e+03
3.526000000000000000e+03
3.668000000000000000e+03
3.259000000000000000e+03
2.918000000000000000e+03
2.945000000000000000e+03
3.518000000000000000e+03
3.540000000000000000e+03
3.604000000000000000e+03
3.710000000000000000e+03
3.674000000000000000e+03
3.742000000000000000e+03
3.772000000000000000e+03
3.788000000000000000e+03
3.838000000000000000e+03
3.758000000000000000e+03
3.704000000000000000e+03
3.876000000000000000e+03
3.820000000000000000e+03
3.812000000000000000e+03
3.971000000000000000e+03
3.928000000000000000e+03
3.986000000000000000e+03
4.030000000000000000e+03
3.926000000000000000e+03
3.984000000000000000e+03
3.826000000000000000e+03
3.720000000000000000e+03
4.070000000000000000e+03
3.894000000000000000e+03
3.950000000000000000e+03
3.930000000000000000e+03
4.032000000000000000e+03
3.952000000000000000e+03
3.948000000000000000e+03
3.933000000000000000e+03
3.764000000000000000e+03
3.902000000000000000e+03
