5.140000000000000000e+02
5.340000000000000000e+02
5.740000000000000000e+02
5.980000000000000000e+02
5.420000000000000000e+02
5.590000000000000000e+02
5.050000000000000000e+02
5.120000000000000000e+02
5.160000000000000000e+02
5.790000000000000000e+02
5.460000000000000000e+02
4.800000000000000000e+02
4.620000000000000000e+02
5.220000000000000000e+02
4.710000000000000000e+02
5.340000000000000000e+02
4.800000000000000000e+02
4.890000000000000000e+02
5.420000000000000000e+02
4.650000000000000000e+02
4.960000000000000000e+02
4.400000000000000000e+02
5.040000000000000000e+02
5.020000000000000000e+02
4.430000000000000000e+02
4.960000000000000000e+02
5.120000000000000000e+02
4.790000000000000000e+02
4.700000000000000000e+02
4.640000000000000000e+02
5.240000000000000000e+02
4.720000000000000000e+02
4.920000000000000000e+02
4.720000000000000000e+02
4.600000000000000000e+02
4.800000000000000000e+02
4.220000000000000000e+02
4.460000000000000000e+02
4.340000000000000000e+02
4.100000000000000000e+02
4.300000000000000000e+02
3.900000000000000000e+02
3.700000000000000000e+02
4.110000000000000000e+02
3.900000000000000000e+02
4.440000000000000000e+02
4.440000000000000000e+02
4.680000000000000000e+02
4.910000000000000000e+02
4.760000000000000000e+02
5.000000000000000000e+02
4.640000000000000000e+02
4.660000000000000000e+02
5.120000000000000000e+02
5.560000000000000000e+02
4.670000000000000000e+02
4.790000000000000000e+02
5.840000000000000000e+02
5.820000000000000000e+02
4.860000000000000000e+02
5.020000000000000000e+02
5.140000000000000000e+02
5.740000000000000000e+02
4.990000000000000000e+02
4.780000000000000000e+02
6.080000000000000000e+02
5.250000000000000000e+02
5.450000000000000000e+02
5.450000000000000000e+02
4.960000000000000000e+02
5.140000000000000000e+02
4.840000000000000000e+02
4.640000000000000000e+02
5.510000000000000000e+02
5.200000000000000000e+02
5.300000000000000000e+02
5.540000000000000000e+02
5.060000000000000000e+02
5.390000000000000000e+02
5.890000000000000000e+02
5.350000000000000000e+02
