1.050622820854187012e+01
1.044361376762390137e+01
1.039999079704284668e+01
1.044004607200622559e+01
1.050641918182373047e+01
1.041070628166198730e+01
1.039960050582885742e+01
1.043683695793151855e+01
1.047372651100158691e+01
1.048866343498229980e+01
1.038803839683532715e+01
1.042276620864868164e+01
1.039409780502319336e+01
1.033625411987304688e+01
1.045876336097717285e+01
1.047233724594116211e+01
1.039444661140441895e+01
1.039481353759765625e+01
1.034009051322937012e+01
1.046708726882934570e+01
1.046595549583435059e+01
1.043177843093872070e+01
1.039655280113220215e+01
1.046211433410644531e+01
1.046446204185485840e+01
1.038775539398193359e+01
1.042426586151123047e+01
1.044647598266601562e+01
1.047725296020507812e+01
1.041051840782165527e+01
1.046717333793640137e+01
1.039787912368774414e+01
1.039678621292114258e+01
1.041394472122192383e+01
1.041021847724914551e+01
1.041821575164794922e+01
1.040452265739440918e+01
1.045851683616638184e+01
1.047886252403259277e+01
1.045401072502136230e+01
1.041839194297790527e+01
