3.197158081705150923e-02
4.382227632379793320e-02
3.638568829593693404e-02
3.181818181818181490e-02
2.669762042948345751e-02
3.792048929663608542e-02
2.142407057340894871e-02
3.245436105476673383e-02
3.172504957038995571e-02
2.975821450712957256e-02
3.293807641633728772e-02
2.229299363057324693e-02
3.167155425219941173e-02
4.668769716088327915e-02
4.320987654320987414e-02
4.026845637583892357e-02
2.300172512938470498e-02
2.738021157436216699e-02
3.211859172328598161e-02
4.350607805502239300e-02
4.392764857881136659e-02
3.135205747877204546e-02
4.887459807073955137e-02
4.682274247491638453e-02
5.364940736119775538e-02
5.513439007580978740e-02
5.753968253968253649e-02
5.220633934120572084e-02
5.878674171357098355e-02
5.291641611545400137e-02
4.431818181818181906e-02
7.489760093622001291e-02
7.057484348321001189e-02
9.499683343888537523e-02
8.669476219145093310e-02
8.888888888888889228e-02
7.985028072364316887e-02
1.069711538461538408e-01
1.015058561070830978e-01
1.090693538826318920e-01
1.312741312741312616e-01
1.387096774193548321e-01
1.165530068195908264e-01
6.623299822590184016e-02
5.278592375366569084e-02
3.728202044497895551e-02
5.302096177558569823e-02
4.957599478147423078e-02
4.675028506271379503e-02
4.386951631046119571e-02
4.782342121397915174e-02
4.812534974818130640e-02
5.526161081716637197e-02
3.852889667250437855e-02
4.843473124630832960e-02
4.399524375743162768e-02
4.587688734030197224e-02
4.638833664678595342e-02
2.806122448979591830e-02
3.219034289713085945e-02
2.902208201892744407e-02
3.866432337434094757e-02
3.074866310160427954e-02
4.107031736154324875e-02
3.446226975638740087e-02
3.401759530791789027e-02
2.902055622732769083e-02
4.279930595720069647e-02
3.372681281618886834e-02
3.581421376608841939e-02
2.926280247608328486e-02
4.069419509275882391e-02
3.333333333333333287e-02
2.579852579852579680e-02
3.308823529411764747e-02
2.543507362784471273e-02
4.073838319541692871e-02
3.246376811594203077e-02
2.501421262080727806e-02
3.487064116985377077e-02
3.765227021040974675e-02
