2.667829119442022834e-01
2.816901408450704358e-01
2.923976608187134341e-01
2.784222737819025406e-01
3.094462540716612642e-01
2.790178571428571508e-01
2.579075425790754439e-01
2.843959731543624359e-01
2.788074133763094320e-01
2.773178807947019875e-01
2.673338098641886984e-01
2.919005613472333560e-01
3.057119871279163070e-01
3.015741507870753901e-01
2.872260015117157894e-01
2.495961227786752945e-01
3.011006289308176265e-01
2.399368587213891180e-01
2.432210353327855512e-01
3.147840531561461597e-01
2.728006456820016301e-01
2.782131661442006076e-01
3.071841453344343331e-01
3.021243115656963019e-01
2.673964034401876688e-01
2.600308641975308532e-01
2.878411910669975149e-01
3.088569265707797329e-01
2.859362859362859499e-01
2.767102229054573259e-01
2.510530749789384730e-01
2.675261885576148413e-01
2.258883248730964577e-01
2.556089743589743390e-01
2.649647887323943740e-01
2.367521367521367437e-01
2.400676246830092953e-01
2.251437962202136323e-01
2.452972159518434780e-01
2.701107011070110753e-01
2.279245283018867807e-01
2.177888611803823760e-01
2.157031924072476403e-01
2.246077621800165180e-01
1.681184668989547104e-01
2.500000000000000000e-01
2.558746736292428214e-01
1.982055464926590627e-01
2.168888888888888811e-01
1.899059024807527862e-01
2.257169287696577376e-01
1.764192139737991161e-01
1.205741626794258337e-01
1.121157323688969226e-01
1.946246524559777646e-01
2.070275403608737019e-01
2.657613967022308676e-01
2.729857819905213145e-01
2.333036509349955545e-01
2.283236994219653149e-01
2.451481103166496534e-01
2.607781282860147098e-01
2.531645569620253333e-01
2.435622317596566611e-01
2.771213748657357923e-01
2.516556291390728561e-01
2.351716961498439007e-01
2.385321100917431325e-01
2.406471183013144666e-01
2.048543689320388439e-01
2.540284360189573598e-01
2.752293577981651529e-01
2.618796198521647356e-01
2.431578947368421006e-01
2.598984771573604191e-01
2.685904550499444987e-01
2.820784729586426343e-01
2.349336057201225625e-01
2.382382382382382258e-01
3.082271147161065872e-01
2.740656851642129244e-01
