2.520000000000000000e+02
2.920000000000000000e+02
2.840000000000000000e+02
2.320000000000000000e+02
2.920000000000000000e+02
2.980000000000000000e+02
3.040000000000000000e+02
2.900000000000000000e+02
2.820000000000000000e+02
2.980000000000000000e+02
2.900000000000000000e+02
3.160000000000000000e+02
3.240000000000000000e+02
3.200000000000000000e+02
2.660000000000000000e+02
3.040000000000000000e+02
3.260000000000000000e+02
3.540000000000000000e+02
4.000000000000000000e+02
3.420000000000000000e+02
3.600000000000000000e+02
3.520000000000000000e+02
3.920000000000000000e+02
3.860000000000000000e+02
4.400000000000000000e+02
4.440000000000000000e+02
4.980000000000000000e+02
4.960000000000000000e+02
6.280000000000000000e+02
6.500000000000000000e+02
7.620000000000000000e+02
9.160000000000000000e+02
1.042000000000000000e+03
1.228000000000000000e+03
1.336000000000000000e+03
1.466000000000000000e+03
1.694000000000000000e+03
1.728000000000000000e+03
1.904000000000000000e+03
2.254000000000000000e+03
2.958000000000000000e+03
3.606000000000000000e+03
3.828000000000000000e+03
2.094000000000000000e+03
1.206000000000000000e+03
9.860000000000000000e+02
8.280000000000000000e+02
6.960000000000000000e+02
6.300000000000000000e+02
5.220000000000000000e+02
4.940000000000000000e+02
5.300000000000000000e+02
5.240000000000000000e+02
5.240000000000000000e+02
5.120000000000000000e+02
4.980000000000000000e+02
5.660000000000000000e+02
4.500000000000000000e+02
4.480000000000000000e+02
4.660000000000000000e+02
4.200000000000000000e+02
5.100000000000000000e+02
4.320000000000000000e+02
4.060000000000000000e+02
4.320000000000000000e+02
3.860000000000000000e+02
3.800000000000000000e+02
4.020000000000000000e+02
3.900000000000000000e+02
3.700000000000000000e+02
3.540000000000000000e+02
3.860000000000000000e+02
3.660000000000000000e+02
3.700000000000000000e+02
3.560000000000000000e+02
4.260000000000000000e+02
3.340000000000000000e+02
3.520000000000000000e+02
3.080000000000000000e+02
3.740000000000000000e+02
3.480000000000000000e+02
