3.539823008849557473e-02
2.114473204520597727e-02
2.589715131335552922e-02
2.163833075734157563e-02
2.536367027228645862e-02
2.679568291775213940e-02
2.869669190912714149e-02
1.750895344210107521e-02
2.372479240806642936e-02
2.345329559239789710e-02
3.017408123791102612e-02
3.017408123791102612e-02
3.247004252029377785e-02
3.487877498936622911e-02
3.019744483159117476e-02
3.110944527736132087e-02
3.759705762157743852e-02
3.695926081478370651e-02
3.011292346298619776e-02
3.998140399814040236e-02
4.476275738585496627e-02
3.768506056527590881e-02
4.903677758318739088e-02
4.337794185509921685e-02
4.581580177653109265e-02
3.617325083293669585e-02
4.722891566265060431e-02
5.145967342899554486e-02
4.413239719157472513e-02
3.745687530803351595e-02
5.143134400776322446e-02
4.676083779834388360e-02
4.887780548628428701e-02
5.669291338582677087e-02
4.589495155532891113e-02
4.651162790697674354e-02
5.787278415015641164e-02
5.141938939475093617e-02
4.468664850136239847e-02
5.558583106267030172e-02
7.041564792176038812e-02
7.060010085728693485e-02
5.974842767295597545e-02
6.121372031662269259e-02
5.623342175066312759e-02
5.468750000000000000e-02
5.842462180490349405e-02
5.959226346053319440e-02
7.061639736684620361e-02
5.177603853100541664e-02
7.489257213014119396e-02
5.211349160393746044e-02
4.561003420752565707e-02
6.047745358090185486e-02
4.686704024452369166e-02
6.261980830670926812e-02
4.011142061281337129e-02
3.617863199547766834e-02
3.760683760683760507e-02
2.962962962962963076e-02
4.154645124062320005e-02
2.990654205607476759e-02
3.887147335423197375e-02
3.032258064516129073e-02
3.446153846153846012e-02
3.542061986084756725e-02
3.026634382566585971e-02
3.662790697674418727e-02
4.689480354879594498e-02
2.293301146650573302e-02
3.608247422680412042e-02
2.476083286437816625e-02
2.939447383891828289e-02
3.176542455711667962e-02
4.802076573653471514e-02
4.777275661717236832e-02
2.553191489361701996e-02
2.395209580838323499e-02
4.237867395762132811e-02
3.963198867657466429e-02
2.718168812589413438e-02
