1.366236871317564640e-02
1.711229946524064210e-02
1.859570375120230684e-02
1.770766258853831432e-02
1.401907245904311650e-02
1.737403822288409103e-02
1.860699019361327505e-02
1.550515463917525802e-02
1.806729653572020436e-02
2.040647034425549511e-02
1.993902941418802116e-02
2.000672494956287975e-02
2.010691773717386208e-02
2.378413844008857650e-02
2.155277981876071655e-02
2.243327329294252451e-02
2.746013850861652589e-02
2.323892519970951337e-02
2.630320420851267257e-02
2.153871257240760548e-02
2.675191385547236525e-02
2.405469972814894275e-02
2.653953118792213087e-02
2.750899640143942421e-02
2.993467295129413619e-02
2.658765115720349015e-02
3.660995081041851229e-02
3.126819126819126854e-02
3.281647386988267856e-02
3.008863950557046432e-02
2.805376972530683813e-02
3.364089164693394307e-02
3.799626532434845910e-02
3.206019465118181005e-02
3.511610971761469635e-02
3.491509284240596617e-02
3.494448073154800966e-02
3.687445127304653236e-02
3.535717142628589521e-02
4.621950237539254602e-02
7.009461127108185252e-02
5.099472188388144700e-02
4.504431909750201274e-02
4.701627486437612996e-02
4.519222953751117489e-02
4.212769445127448331e-02
5.019815059445178335e-02
4.976322337266233381e-02
4.630285849279471011e-02
4.207516339869281363e-02
4.008658702798043733e-02
3.611199490932230638e-02
3.917509355840433083e-02
3.609022556390977660e-02
3.186097031136857216e-02
2.729107791683487924e-02
2.573007103393843559e-02
2.441570958155971430e-02
2.496959870287799102e-02
2.453205894066108964e-02
2.300480579847159757e-02
2.090931193775832572e-02
2.028916047607636289e-02
2.170616870161998224e-02
1.845406717927964430e-02
1.714966256450972670e-02
1.468278894472361748e-02
1.808806029353431100e-02
1.758171501638296219e-02
1.483000709947148409e-02
1.484623541887592803e-02
1.571898307803352296e-02
1.652759948652118144e-02
1.636057422407570863e-02
1.783618868810138425e-02
1.504466384579219475e-02
1.632781223015935396e-02
1.928091663374160297e-02
1.703454894433781286e-02
2.106596974736675218e-02
1.892086907720676517e-02
