2.428300000000000000e+04
2.536500000000000000e+04
2.634900000000000000e+04
2.592400000000000000e+04
2.579700000000000000e+04
2.548500000000000000e+04
2.590900000000000000e+04
2.550900000000000000e+04
2.558000000000000000e+04
2.568100000000000000e+04
2.560900000000000000e+04
2.582900000000000000e+04
2.559900000000000000e+04
2.586100000000000000e+04
2.600900000000000000e+04
2.540100000000000000e+04
2.563700000000000000e+04
2.570700000000000000e+04
2.577700000000000000e+04
2.600600000000000000e+04
2.570900000000000000e+04
2.586100000000000000e+04
2.538700000000000000e+04
2.577100000000000000e+04
2.546300000000000000e+04
2.544300000000000000e+04
2.590500000000000000e+04
2.553700000000000000e+04
2.597500000000000000e+04
2.563900000000000000e+04
2.624000000000000000e+04
2.570700000000000000e+04
2.578700000000000000e+04
2.599100000000000000e+04
2.601500000000000000e+04
2.604300000000000000e+04
2.571700000000000000e+04
2.589500000000000000e+04
2.539500000000000000e+04
2.603300000000000000e+04
2.615500000000000000e+04
2.611100000000000000e+04
2.577900000000000000e+04
2.621100000000000000e+04
2.543300000000000000e+04
2.614700000000000000e+04
2.573800000000000000e+04
2.564900000000000000e+04
2.612400000000000000e+04
2.567100000000000000e+04
2.618700000000000000e+04
2.579100000000000000e+04
2.591900000000000000e+04
2.553400000000000000e+04
2.647900000000000000e+04
2.607700000000000000e+04
2.598900000000000000e+04
2.604200000000000000e+04
2.577300000000000000e+04
2.608500000000000000e+04
2.604100000000000000e+04
2.595500000000000000e+04
2.580700000000000000e+04
2.590700000000000000e+04
2.543100000000000000e+04
2.594100000000000000e+04
2.558500000000000000e+04
2.602500000000000000e+04
2.561100000000000000e+04
2.597300000000000000e+04
2.540700000000000000e+04
2.562700000000000000e+04
2.568900000000000000e+04
2.571900000000000000e+04
2.571100000000000000e+04
2.554100000000000000e+04
2.537400000000000000e+04
2.594100000000000000e+04
2.602700000000000000e+04
2.585500000000000000e+04
2.601400000000000000e+04
