9.664681673049926758e+00
9.619370222091674805e+00
9.620992183685302734e+00
9.600573062896728516e+00
9.639811277389526367e+00
9.584505081176757812e+00
9.608967542648315430e+00
9.588319301605224609e+00
9.627638339996337891e+00
9.613860368728637695e+00
9.658805370330810547e+00
9.600780725479125977e+00
9.632176160812377930e+00
9.625365972518920898e+00
9.636900901794433594e+00
9.669696807861328125e+00
9.540076732635498047e+00
9.620425224304199219e+00
9.581045627593994141e+00
9.665039062500000000e+00
9.616142749786376953e+00
9.606736183166503906e+00
9.558251380920410156e+00
9.609251737594604492e+00
9.725533008575439453e+00
9.627393007278442383e+00
9.490104436874389648e+00
9.622470617294311523e+00
9.591512680053710938e+00
9.569812774658203125e+00
9.640116214752197266e+00
9.662614822387695312e+00
9.641520738601684570e+00
9.549476385116577148e+00
9.637106418609619141e+00
9.555178642272949219e+00
9.568627119064331055e+00
9.563719034194946289e+00
9.555026769638061523e+00
9.479706048965454102e+00
9.552236318588256836e+00
9.651589155197143555e+00
9.679575204849243164e+00
9.641973018646240234e+00
9.610256671905517578e+00
9.631881237030029297e+00
9.618299007415771484e+00
9.575517416000366211e+00
9.722608089447021484e+00
9.662237167358398438e+00
9.607916355133056641e+00
9.603691101074218750e+00
9.567033052444458008e+00
9.698384761810302734e+00
9.578002452850341797e+00
9.633907794952392578e+00
9.616251945495605469e+00
9.610036849975585938e+00
9.749013662338256836e+00
9.619538068771362305e+00
9.606389284133911133e+00
9.582207679748535156e+00
9.628998517990112305e+00
9.623434305191040039e+00
9.626333475112915039e+00
9.581239223480224609e+00
9.590593814849853516e+00
9.575032711029052734e+00
9.804325580596923828e+00
9.565794706344604492e+00
9.584911346435546875e+00
9.641213893890380859e+00
9.672469139099121094e+00
9.578022718429565430e+00
9.601287126541137695e+00
9.619894981384277344e+00
9.670109510421752930e+00
9.603604793548583984e+00
9.672127962112426758e+00
9.675752878189086914e+00
9.598397970199584961e+00
