7.215332581736189077e-02
6.699928724162508564e-02
6.389776357827475772e-02
6.727828746177369479e-02
6.703910614525139533e-02
7.461734693877551672e-02
6.331260599208592132e-02
8.117099135063206294e-02
8.163265306122448328e-02
6.547960941987363004e-02
6.489945155393052334e-02
6.792174234034699387e-02
5.948193156379916885e-02
6.148429035752979444e-02
5.761316872427983682e-02
5.594156422590414873e-02
5.707272169377109600e-02
5.379121714025224266e-02
5.511374144627335242e-02
6.471769694264672967e-02
6.998654104979810942e-02
6.351263771872975306e-02
6.614173228346456601e-02
8.129370629370628876e-02
7.282051282051281438e-02
7.067575945443273222e-02
7.840342124019956949e-02
7.089859851607584196e-02
7.610619469026548567e-02
5.738575982996811653e-02
9.350649350649350988e-02
7.898448519040902893e-02
9.335219236209335580e-02
5.831903945111492626e-02
8.073394495412844485e-02
7.185628742514969802e-02
8.078602620087335651e-02
8.851674641148325751e-02
9.976247030878859778e-02
9.863013698630136716e-02
1.440922190201729125e-01
8.996539792387543699e-02
5.047318611987381548e-02
1.287553648068669454e-01
1.007462686567164173e-01
1.628959276018099589e-01
8.333333333333332871e-02
1.062801932367149760e-01
5.957446808510638570e-02
6.030150753768843963e-02
4.347826086956521618e-02
6.965174129353234045e-02
9.937888198757763303e-02
1.481481481481481399e-01
4.060913705583756028e-02
7.100591715976331542e-02
7.179487179487178961e-02
9.600000000000000200e-02
1.267605633802816878e-01
4.800000000000000100e-02
9.937888198757763303e-02
