3.631472763954270155e-02
4.491228070175438264e-02
4.376367614879649731e-02
4.730713245997088950e-02
4.020467836257309718e-02
4.196721311475409832e-02
5.391190006574621968e-02
4.242424242424242681e-02
2.922755741127348525e-02
5.135322692574600945e-02
4.952658412235979440e-02
5.931034482758620885e-02
5.825242718446602130e-02
6.204620462046204349e-02
6.308243727598566997e-02
6.433949349760438585e-02
7.475409836065573244e-02
7.158509861212564163e-02
7.263922518159805775e-02
7.643312101910827716e-02
6.066411238825031998e-02
7.222586999343401370e-02
6.153846153846154188e-02
8.516678495386799386e-02
5.912040374909877105e-02
7.366226546212648052e-02
6.891798759476223946e-02
8.315715292459478769e-02
6.850282485875705540e-02
8.907446068197634459e-02
8.186738836265222696e-02
8.360128617363343784e-02
7.232084155161078165e-02
7.645051194539248529e-02
9.340252038547071367e-02
9.057164068299926318e-02
1.194029850746268634e-01
9.130166563849476113e-02
1.292824822236587068e-01
1.195009848982271777e-01
1.323815704088254497e-01
9.784075573549257110e-02
1.016483516483516480e-01
8.388520971302428075e-02
9.237228831350595415e-02
7.506361323155216758e-02
7.234042553191488700e-02
8.149632598530394401e-02
9.014810045074049538e-02
6.076975016880486330e-02
7.582349285270353900e-02
7.277816655003499502e-02
5.988857938718662732e-02
7.922168172341903514e-02
5.440229062276306232e-02
7.322325915290739395e-02
6.149545772187281489e-02
6.891385767790261796e-02
5.383022774327122367e-02
6.833114323258869527e-02
4.249084249084249254e-02
5.274725274725274721e-02
6.286549707602338832e-02
3.875432525951556795e-02
5.083399523431294392e-02
3.309066843150231668e-02
4.339250493096646899e-02
4.486743711760707298e-02
5.670816044260027639e-02
4.044357469015003037e-02
4.785362420830401031e-02
2.928071292170592033e-02
3.991446899501069345e-02
6.015037593984962072e-02
4.282655246252676379e-02
4.341534008683067825e-02
3.412969283276450633e-02
4.339250493096646899e-02
5.738278516445066701e-02
4.596100278551532026e-02
3.955174686882004242e-02
3.972687771570453108e-02
4.702424687729610253e-02
4.052098408104196775e-02
2.772002772002771925e-02
3.830645161290322648e-02
3.578528827037773252e-02
3.827751196172248654e-02
3.944485025566106529e-02
3.750837240455458937e-02
2.529960053262316974e-02
4.934687953555878109e-02
4.135079255685734229e-02
3.456048084147257671e-02
4.136947218259628967e-02
3.181489515545914831e-02
5.283018867924528517e-02
2.890932982917214164e-02
4.374999999999999722e-02
3.974449964513839667e-02
4.174820613176777329e-02
5.551700208188757590e-02
3.515889114266396165e-02
5.472312703583061960e-02
4.839764551994767822e-02
6.139154160982264463e-02
4.338394793926247245e-02
5.409060175794455638e-02
4.536616979909267877e-02
4.803202134756504038e-02
5.954692556634304246e-02
5.259417199715707425e-02
4.477611940298507204e-02
4.814573845152895354e-02
4.752970606629143557e-02
3.415559772296015290e-02
3.724394785847300049e-02
4.102564102564102561e-02
4.420629604822504805e-02
5.010737294201861314e-02
4.835460040295500028e-02
4.709345106696100069e-02
4.771642808452624535e-02
5.229591836734694132e-02
4.071246819338422696e-02
4.054937867887508512e-02
3.178639542275905894e-02
3.530127814972611189e-02
3.828972559029993755e-02
4.912280701754385970e-02
5.730659025787965960e-02
3.676953381483913375e-02
5.299684542586750868e-02
3.063457330415754812e-02
4.274611398963730491e-02
4.096561814191660572e-02
3.771213073538654675e-02
3.322259136212624836e-02
4.787234042553191460e-02
3.752605976372480612e-02
3.841059602649006532e-02
3.897849462365591405e-02
2.945113788487282308e-02
3.739522888459058392e-02
4.073587385019710599e-02
2.588996763754045430e-02
3.499675955930006688e-02
4.058338617628408362e-02
2.943143812709030083e-02
