9.638755798339843750e+00
9.604182720184326172e+00
9.562550306320190430e+00
9.716349363327026367e+00
9.637746572494506836e+00
9.554901361465454102e+00
9.538270950317382812e+00
9.591850519180297852e+00
9.631040334701538086e+00
9.551675796508789062e+00
9.627884864807128906e+00
9.596834421157836914e+00
9.549423456192016602e+00
9.638440847396850586e+00
9.550704240798950195e+00
9.611051321029663086e+00
9.681342601776123047e+00
9.486888170242309570e+00
9.539400339126586914e+00
9.646039724349975586e+00
9.569567680358886719e+00
9.583024501800537109e+00
9.562175035476684570e+00
9.668486595153808594e+00
9.638343334197998047e+00
9.591434717178344727e+00
9.587217092514038086e+00
9.706273078918457031e+00
9.548825740814208984e+00
9.590557575225830078e+00
9.657048940658569336e+00
9.619215488433837891e+00
9.621301889419555664e+00
9.627756118774414062e+00
9.597074270248413086e+00
9.611395359039306641e+00
9.503458499908447266e+00
9.585183858871459961e+00
9.603440999984741211e+00
9.542975664138793945e+00
9.583706378936767578e+00
9.585339307785034180e+00
9.549259662628173828e+00
9.504146575927734375e+00
9.523932456970214844e+00
9.578221321105957031e+00
9.584151506423950195e+00
9.536043643951416016e+00
9.550039529800415039e+00
9.553811788558959961e+00
9.545217990875244141e+00
9.582223892211914062e+00
9.717870235443115234e+00
9.646041393280029297e+00
9.537985563278198242e+00
9.571324348449707031e+00
9.601950168609619141e+00
9.633238792419433594e+00
9.496169805526733398e+00
9.668326616287231445e+00
9.591102838516235352e+00
9.542618989944458008e+00
9.573549509048461914e+00
9.548233509063720703e+00
9.592602491378784180e+00
9.629940986633300781e+00
9.719752311706542969e+00
9.565225601196289062e+00
9.629910945892333984e+00
9.661485195159912109e+00
9.599942922592163086e+00
9.630040168762207031e+00
9.597943305969238281e+00
9.610854625701904297e+00
9.593118667602539062e+00
9.504426002502441406e+00
9.621530294418334961e+00
9.564563751220703125e+00
9.581349372863769531e+00
9.579575061798095703e+00
9.558368682861328125e+00
