2.499000000000000000e+03
5.329000000000000000e+03
6.993000000000000000e+03
1.184900000000000000e+04
1.220000000000000000e+04
1.240900000000000000e+04
1.207000000000000000e+04
1.176600000000000000e+04
1.118300000000000000e+04
7.987000000000000000e+03
4.530000000000000000e+03
4.249000000000000000e+03
4.139000000000000000e+03
4.320000000000000000e+03
3.966000000000000000e+03
4.293000000000000000e+03
4.287000000000000000e+03
4.569000000000000000e+03
4.027000000000000000e+03
3.925000000000000000e+03
3.670000000000000000e+03
3.510000000000000000e+03
3.059000000000000000e+03
2.850000000000000000e+03
2.587000000000000000e+03
2.460000000000000000e+03
2.263000000000000000e+03
2.129000000000000000e+03
2.149000000000000000e+03
2.157000000000000000e+03
1.769000000000000000e+03
1.713000000000000000e+03
1.452000000000000000e+03
1.497000000000000000e+03
1.343000000000000000e+03
1.377000000000000000e+03
1.205000000000000000e+03
1.113000000000000000e+03
1.125000000000000000e+03
1.057000000000000000e+03
1.139000000000000000e+03
