9.579649925231933594e+00
9.592229604721069336e+00
9.585181951522827148e+00
9.567090034484863281e+00
9.594130277633666992e+00
9.561959266662597656e+00
9.629087448120117188e+00
9.654463052749633789e+00
9.572876930236816406e+00
9.615777969360351562e+00
9.498256206512451172e+00
9.605516910552978516e+00
9.580759525299072266e+00
9.542890310287475586e+00
9.571883440017700195e+00
9.660325765609741211e+00
9.585067749023437500e+00
9.567239522933959961e+00
9.571049451828002930e+00
9.614315509796142578e+00
9.476260900497436523e+00
9.618679046630859375e+00
9.539869785308837891e+00
9.569333791732788086e+00
9.543951749801635742e+00
9.550523042678833008e+00
9.585227966308593750e+00
9.556475162506103516e+00
9.573355913162231445e+00
9.542619228363037109e+00
9.613205194473266602e+00
9.589059829711914062e+00
9.590397596359252930e+00
9.578451871871948242e+00
9.563994169235229492e+00
9.583614587783813477e+00
9.561898708343505859e+00
9.552752256393432617e+00
9.668259382247924805e+00
9.532393932342529297e+00
9.485170364379882812e+00
9.557247161865234375e+00
9.580290317535400391e+00
9.594381093978881836e+00
9.587297201156616211e+00
9.562561988830566406e+00
9.538543701171875000e+00
9.505381584167480469e+00
9.492724895477294922e+00
9.586601734161376953e+00
9.542823553085327148e+00
9.611315488815307617e+00
9.492540597915649414e+00
9.723928928375244141e+00
9.611497163772583008e+00
9.566375494003295898e+00
9.611638784408569336e+00
9.649675369262695312e+00
9.621092081069946289e+00
9.628002882003784180e+00
9.637475490570068359e+00
9.581104993820190430e+00
9.558564662933349609e+00
9.633952856063842773e+00
9.632214546203613281e+00
9.566424131393432617e+00
9.610574960708618164e+00
9.565212249755859375e+00
9.635615110397338867e+00
9.571848392486572266e+00
9.613316297531127930e+00
9.583757638931274414e+00
9.620337247848510742e+00
9.604656934738159180e+00
9.540404081344604492e+00
9.754480600357055664e+00
9.663236618041992188e+00
9.603992462158203125e+00
9.637281179428100586e+00
9.602772951126098633e+00
9.617645740509033203e+00
9.570265293121337891e+00
9.584928274154663086e+00
9.618205070495605469e+00
9.568122148513793945e+00
9.638671875000000000e+00
9.617037773132324219e+00
9.564567089080810547e+00
9.603298902511596680e+00
9.637009620666503906e+00
9.574865818023681641e+00
9.659861326217651367e+00
9.582348823547363281e+00
9.554416418075561523e+00
9.595186710357666016e+00
9.610122919082641602e+00
9.614093780517578125e+00
9.549921751022338867e+00
9.677976369857788086e+00
9.545288562774658203e+00
9.568250894546508789e+00
9.573395013809204102e+00
9.660616874694824219e+00
9.530512809753417969e+00
9.591763496398925781e+00
9.582977294921875000e+00
9.622915029525756836e+00
9.570442438125610352e+00
9.536660671234130859e+00
9.628713130950927734e+00
9.593267202377319336e+00
9.586122274398803711e+00
9.598102807998657227e+00
9.595335960388183594e+00
9.664317369461059570e+00
9.588573694229125977e+00
9.618758678436279297e+00
9.573507547378540039e+00
9.576530694961547852e+00
9.605412006378173828e+00
9.496345043182373047e+00
9.652039289474487305e+00
9.573391914367675781e+00
9.538916826248168945e+00
9.507011890411376953e+00
9.622058629989624023e+00
9.579931735992431641e+00
9.595746755599975586e+00
9.571124792098999023e+00
9.803966760635375977e+00
9.631101369857788086e+00
9.584370136260986328e+00
9.796118021011352539e+00
9.611171960830688477e+00
9.562176704406738281e+00
9.571249485015869141e+00
9.694090604782104492e+00
9.556774616241455078e+00
9.591434717178344727e+00
9.607033967971801758e+00
9.626757621765136719e+00
9.568014144897460938e+00
9.568488597869873047e+00
9.642164230346679688e+00
9.604509115219116211e+00
9.590283393859863281e+00
9.642925977706909180e+00
9.619393825531005859e+00
9.616197109222412109e+00
