1.163899999999999935e+01
1.163599999999999923e+01
1.163599999999999923e+01
1.163199999999999967e+01
1.162599999999999945e+01
1.163100000000000023e+01
1.162700000000000067e+01
1.162800000000000011e+01
1.162800000000000011e+01
1.162299999999999933e+01
1.162199999999999989e+01
1.162800000000000011e+01
1.162700000000000067e+01
1.161899999999999977e+01
1.162299999999999933e+01
1.162299999999999933e+01
1.162800000000000011e+01
1.162400000000000055e+01
1.162299999999999933e+01
1.161899999999999977e+01
1.162299999999999933e+01
1.162100000000000044e+01
1.162299999999999933e+01
1.161899999999999977e+01
1.161899999999999977e+01
1.161899999999999977e+01
1.162199999999999989e+01
1.161800000000000033e+01
1.162100000000000044e+01
1.161200000000000010e+01
1.160999999999999943e+01
1.160999999999999943e+01
1.160800000000000054e+01
1.160999999999999943e+01
1.160599999999999987e+01
1.160999999999999943e+01
1.161400000000000077e+01
1.160800000000000054e+01
1.161200000000000010e+01
1.160800000000000054e+01
1.161200000000000010e+01
1.160999999999999943e+01
1.161200000000000010e+01
1.160899999999999999e+01
1.160999999999999943e+01
1.160899999999999999e+01
1.160899999999999999e+01
1.160899999999999999e+01
1.160899999999999999e+01
1.161599999999999966e+01
1.160899999999999999e+01
1.160800000000000054e+01
1.161200000000000010e+01
1.160399999999999920e+01
1.161200000000000010e+01
1.160899999999999999e+01
1.161200000000000010e+01
1.160899999999999999e+01
1.160899999999999999e+01
1.160500000000000043e+01
1.160899999999999999e+01
1.160800000000000054e+01
1.160899999999999999e+01
1.160800000000000054e+01
1.160899999999999999e+01
1.161299999999999955e+01
1.160999999999999943e+01
1.160999999999999943e+01
1.160999999999999943e+01
1.160899999999999999e+01
1.160899999999999999e+01
1.160899999999999999e+01
1.160599999999999987e+01
1.160899999999999999e+01
1.161200000000000010e+01
1.160599999999999987e+01
1.160599999999999987e+01
1.161299999999999955e+01
1.160800000000000054e+01
1.160599999999999987e+01
1.160899999999999999e+01
1.160800000000000054e+01
1.160899999999999999e+01
1.160899999999999999e+01
1.160800000000000054e+01
1.160999999999999943e+01
1.161200000000000010e+01
1.160800000000000054e+01
1.160899999999999999e+01
1.160899999999999999e+01
1.160800000000000054e+01
1.160899999999999999e+01
1.161200000000000010e+01
