1.161299999999999955e+01
1.161500000000000021e+01
1.161299999999999955e+01
1.161299999999999955e+01
1.161299999999999955e+01
1.161100000000000065e+01
1.161700000000000088e+01
1.161599999999999966e+01
1.161299999999999955e+01
1.161599999999999966e+01
1.161299999999999955e+01
1.161599999999999966e+01
1.161200000000000010e+01
1.161599999999999966e+01
1.161500000000000021e+01
1.160999999999999943e+01
1.161299999999999955e+01
1.161599999999999966e+01
1.161100000000000065e+01
1.160999999999999943e+01
1.160999999999999943e+01
1.161200000000000010e+01
1.161200000000000010e+01
1.161500000000000021e+01
1.161200000000000010e+01
1.161200000000000010e+01
1.161200000000000010e+01
1.161299999999999955e+01
1.161200000000000010e+01
1.161299999999999955e+01
1.160699999999999932e+01
1.161299999999999955e+01
1.161200000000000010e+01
1.160999999999999943e+01
1.161200000000000010e+01
1.160699999999999932e+01
1.161200000000000010e+01
1.161200000000000010e+01
1.161100000000000065e+01
1.160999999999999943e+01
1.160800000000000054e+01
1.160999999999999943e+01
1.161100000000000065e+01
1.160699999999999932e+01
1.161200000000000010e+01
1.160800000000000054e+01
1.160800000000000054e+01
1.160800000000000054e+01
1.160599999999999987e+01
1.160999999999999943e+01
1.160800000000000054e+01
1.160800000000000054e+01
1.160999999999999943e+01
1.160599999999999987e+01
1.161200000000000010e+01
1.160599999999999987e+01
1.160800000000000054e+01
1.161100000000000065e+01
1.161100000000000065e+01
1.160699999999999932e+01
1.160800000000000054e+01
