9.604372024536132812e+00
9.583263158798217773e+00
9.623579263687133789e+00
9.587781190872192383e+00
9.685382127761840820e+00
9.595814466476440430e+00
9.599569320678710938e+00
9.611395597457885742e+00
9.588643550872802734e+00
9.584942817687988281e+00
9.595298290252685547e+00
9.670745134353637695e+00
9.581070661544799805e+00
9.566903829574584961e+00
9.653309345245361328e+00
9.665637969970703125e+00
9.576674938201904297e+00
9.571686506271362305e+00
9.624151945114135742e+00
9.665188074111938477e+00
9.600579977035522461e+00
9.610110759735107422e+00
9.636723518371582031e+00
9.634179592132568359e+00
9.539176702499389648e+00
9.617477178573608398e+00
9.667735576629638672e+00
9.623647689819335938e+00
9.629775762557983398e+00
9.557603120803833008e+00
9.660270929336547852e+00
9.680661201477050781e+00
9.532534599304199219e+00
9.549534797668457031e+00
9.640337228775024414e+00
9.631383657455444336e+00
9.616884469985961914e+00
9.568277359008789062e+00
9.645597219467163086e+00
9.544928312301635742e+00
9.554307460784912109e+00
9.567509651184082031e+00
9.662384986877441406e+00
9.604450464248657227e+00
9.625860691070556641e+00
9.685439825057983398e+00
9.592218637466430664e+00
9.580793857574462891e+00
9.705964088439941406e+00
9.608821868896484375e+00
9.593155622482299805e+00
9.635640382766723633e+00
9.585466146469116211e+00
9.641518831253051758e+00
9.570776700973510742e+00
9.588182926177978516e+00
9.596698760986328125e+00
9.641930103302001953e+00
9.706620216369628906e+00
9.572144031524658203e+00
9.653891563415527344e+00
9.612257719039916992e+00
9.571646928787231445e+00
9.619277000427246094e+00
9.655019521713256836e+00
9.577805995941162109e+00
9.657880306243896484e+00
9.619250535964965820e+00
9.762669086456298828e+00
9.602531909942626953e+00
9.606247901916503906e+00
9.707986593246459961e+00
9.655405044555664062e+00
9.566427230834960938e+00
9.613130331039428711e+00
9.590833902359008789e+00
9.714439153671264648e+00
9.566113948822021484e+00
9.629144191741943359e+00
9.616703987121582031e+00
9.647881746292114258e+00
9.532222270965576172e+00
9.562894582748413086e+00
9.672841310501098633e+00
9.575683832168579102e+00
9.650664567947387695e+00
9.612683057785034180e+00
9.620492458343505859e+00
9.709018468856811523e+00
9.592636108398437500e+00
9.592781305313110352e+00
9.653074026107788086e+00
9.662832736968994141e+00
