1.189499999999999957e+01
1.189499999999999957e+01
1.188700000000000045e+01
1.188799999999999990e+01
1.188799999999999990e+01
1.188700000000000045e+01
1.189000000000000057e+01
1.188700000000000045e+01
1.188599999999999923e+01
1.188400000000000034e+01
1.188400000000000034e+01
1.188400000000000034e+01
1.188299999999999912e+01
1.188400000000000034e+01
1.188400000000000034e+01
1.188400000000000034e+01
1.188299999999999912e+01
1.188400000000000034e+01
1.188299999999999912e+01
1.188100000000000023e+01
1.188400000000000034e+01
1.188199999999999967e+01
1.188599999999999923e+01
1.188199999999999967e+01
1.187899999999999956e+01
1.188199999999999967e+01
1.188100000000000023e+01
1.188299999999999912e+01
1.188400000000000034e+01
1.188199999999999967e+01
1.188199999999999967e+01
1.188400000000000034e+01
1.188199999999999967e+01
1.188400000000000034e+01
1.188700000000000045e+01
1.188100000000000023e+01
1.188199999999999967e+01
1.187899999999999956e+01
1.187899999999999956e+01
1.188400000000000034e+01
1.187899999999999956e+01
1.188100000000000023e+01
1.188100000000000023e+01
1.186599999999999966e+01
1.187100000000000044e+01
1.187299999999999933e+01
1.186700000000000088e+01
1.186599999999999966e+01
1.186999999999999922e+01
1.186700000000000088e+01
1.187100000000000044e+01
1.186999999999999922e+01
1.186999999999999922e+01
1.186800000000000033e+01
1.186999999999999922e+01
1.186800000000000033e+01
1.186999999999999922e+01
1.186999999999999922e+01
1.186999999999999922e+01
1.187100000000000044e+01
1.187199999999999989e+01
1.187100000000000044e+01
1.186999999999999922e+01
1.187199999999999989e+01
1.187199999999999989e+01
1.187199999999999989e+01
1.187100000000000044e+01
1.187100000000000044e+01
1.187299999999999933e+01
1.187100000000000044e+01
1.187100000000000044e+01
1.186999999999999922e+01
1.187299999999999933e+01
1.187299999999999933e+01
1.187100000000000044e+01
1.187100000000000044e+01
1.187199999999999989e+01
1.187199999999999989e+01
1.187100000000000044e+01
1.187299999999999933e+01
1.187199999999999989e+01
