1.167300000000000004e+01
1.167099999999999937e+01
1.167099999999999937e+01
1.166499999999999915e+01
1.166099999999999959e+01
1.166000000000000014e+01
1.166300000000000026e+01
1.165600000000000058e+01
1.166000000000000014e+01
1.165199999999999925e+01
1.165000000000000036e+01
1.164600000000000080e+01
1.165000000000000036e+01
1.164700000000000024e+01
1.164400000000000013e+01
1.164600000000000080e+01
1.164600000000000080e+01
1.164700000000000024e+01
1.164000000000000057e+01
1.164300000000000068e+01
1.164300000000000068e+01
1.164400000000000013e+01
1.164000000000000057e+01
1.163799999999999990e+01
1.164199999999999946e+01
1.163499999999999979e+01
1.163700000000000045e+01
1.163299999999999912e+01
1.163299999999999912e+01
1.163499999999999979e+01
1.163499999999999979e+01
1.163700000000000045e+01
1.163700000000000045e+01
1.163499999999999979e+01
1.163499999999999979e+01
1.163100000000000023e+01
1.163499999999999979e+01
1.163299999999999912e+01
1.163400000000000034e+01
1.163499999999999979e+01
1.163000000000000078e+01
1.163100000000000023e+01
1.163299999999999912e+01
1.163100000000000023e+01
1.162899999999999956e+01
1.163100000000000023e+01
1.163000000000000078e+01
1.162700000000000067e+01
1.162700000000000067e+01
1.162700000000000067e+01
1.162700000000000067e+01
1.163000000000000078e+01
1.162899999999999956e+01
1.162899999999999956e+01
1.163499999999999979e+01
1.163199999999999967e+01
1.163199999999999967e+01
1.163100000000000023e+01
1.163199999999999967e+01
1.163000000000000078e+01
1.163499999999999979e+01
1.163000000000000078e+01
1.163299999999999912e+01
1.163499999999999979e+01
1.162800000000000011e+01
1.163299999999999912e+01
1.163100000000000023e+01
1.163499999999999979e+01
1.163199999999999967e+01
1.163100000000000023e+01
1.163299999999999912e+01
1.163000000000000078e+01
1.163199999999999967e+01
1.162700000000000067e+01
1.163299999999999912e+01
1.162800000000000011e+01
1.163199999999999967e+01
1.163000000000000078e+01
1.163100000000000023e+01
1.163100000000000023e+01
1.162800000000000011e+01
