3.420000000000000000e+02
3.320000000000000000e+02
3.080000000000000000e+02
3.240000000000000000e+02
2.660000000000000000e+02
3.020000000000000000e+02
2.980000000000000000e+02
3.180000000000000000e+02
3.100000000000000000e+02
2.620000000000000000e+02
2.800000000000000000e+02
2.580000000000000000e+02
2.800000000000000000e+02
2.960000000000000000e+02
2.700000000000000000e+02
2.640000000000000000e+02
2.760000000000000000e+02
2.480000000000000000e+02
2.960000000000000000e+02
3.040000000000000000e+02
3.340000000000000000e+02
2.920000000000000000e+02
3.280000000000000000e+02
3.800000000000000000e+02
4.320000000000000000e+02
3.540000000000000000e+02
4.420000000000000000e+02
5.280000000000000000e+02
5.780000000000000000e+02
7.340000000000000000e+02
8.940000000000000000e+02
9.500000000000000000e+02
1.072000000000000000e+03
1.088000000000000000e+03
1.204000000000000000e+03
1.226000000000000000e+03
1.300000000000000000e+03
1.282000000000000000e+03
1.356000000000000000e+03
1.514000000000000000e+03
1.424000000000000000e+03
1.546000000000000000e+03
1.506000000000000000e+03
1.434000000000000000e+03
1.168000000000000000e+03
9.460000000000000000e+02
8.220000000000000000e+02
6.880000000000000000e+02
6.300000000000000000e+02
7.200000000000000000e+02
8.460000000000000000e+02
9.800000000000000000e+02
1.072000000000000000e+03
1.124000000000000000e+03
1.178000000000000000e+03
7.180000000000000000e+02
5.660000000000000000e+02
5.360000000000000000e+02
4.660000000000000000e+02
4.100000000000000000e+02
3.760000000000000000e+02
3.900000000000000000e+02
3.780000000000000000e+02
3.220000000000000000e+02
3.420000000000000000e+02
2.940000000000000000e+02
3.140000000000000000e+02
3.100000000000000000e+02
3.180000000000000000e+02
2.920000000000000000e+02
2.580000000000000000e+02
2.800000000000000000e+02
2.760000000000000000e+02
2.920000000000000000e+02
2.760000000000000000e+02
2.760000000000000000e+02
3.040000000000000000e+02
2.620000000000000000e+02
2.840000000000000000e+02
2.800000000000000000e+02
2.640000000000000000e+02
2.740000000000000000e+02
3.120000000000000000e+02
2.760000000000000000e+02
2.920000000000000000e+02
2.960000000000000000e+02
2.600000000000000000e+02
2.860000000000000000e+02
2.700000000000000000e+02
3.040000000000000000e+02
2.640000000000000000e+02
2.720000000000000000e+02
3.280000000000000000e+02
