8.400000000000000000e+01
6.000000000000000000e+01
1.100000000000000000e+02
1.130000000000000000e+02
1.040000000000000000e+02
9.400000000000000000e+01
1.300000000000000000e+02
1.080000000000000000e+02
1.080000000000000000e+02
9.000000000000000000e+01
1.020000000000000000e+02
1.040000000000000000e+02
9.100000000000000000e+01
1.180000000000000000e+02
1.020000000000000000e+02
1.100000000000000000e+02
8.600000000000000000e+01
1.200000000000000000e+02
1.020000000000000000e+02
1.120000000000000000e+02
1.080000000000000000e+02
1.290000000000000000e+02
9.600000000000000000e+01
1.120000000000000000e+02
7.600000000000000000e+01
1.180000000000000000e+02
8.400000000000000000e+01
1.060000000000000000e+02
8.800000000000000000e+01
8.800000000000000000e+01
1.280000000000000000e+02
1.020000000000000000e+02
1.080000000000000000e+02
9.000000000000000000e+01
1.160000000000000000e+02
1.140000000000000000e+02
9.200000000000000000e+01
1.040000000000000000e+02
1.390000000000000000e+02
1.820000000000000000e+02
1.900000000000000000e+02
1.860000000000000000e+02
1.300000000000000000e+02
1.080000000000000000e+02
1.380000000000000000e+02
1.300000000000000000e+02
1.460000000000000000e+02
1.380000000000000000e+02
1.320000000000000000e+02
1.300000000000000000e+02
1.210000000000000000e+02
1.400000000000000000e+02
8.200000000000000000e+01
1.160000000000000000e+02
5.800000000000000000e+01
6.200000000000000000e+01
8.600000000000000000e+01
7.300000000000000000e+01
7.800000000000000000e+01
8.200000000000000000e+01
8.600000000000000000e+01
7.600000000000000000e+01
7.000000000000000000e+01
6.800000000000000000e+01
6.600000000000000000e+01
7.000000000000000000e+01
8.200000000000000000e+01
8.200000000000000000e+01
7.400000000000000000e+01
6.400000000000000000e+01
5.200000000000000000e+01
6.800000000000000000e+01
6.400000000000000000e+01
6.200000000000000000e+01
6.200000000000000000e+01
7.600000000000000000e+01
7.600000000000000000e+01
8.600000000000000000e+01
7.400000000000000000e+01
9.400000000000000000e+01
1.040000000000000000e+02
