2.542501903070286673e-01
2.425507991325998036e-01
2.434864251623503617e-01
2.480095541401273751e-01
2.316226354856732450e-01
2.409332592651377003e-01
2.466371325010068560e-01
2.511928831378891780e-01
2.452964991664682015e-01
2.453819472453012962e-01
2.333803700219504451e-01
2.558158126149172595e-01
2.545895673271330595e-01
2.463640722390922078e-01
2.516837716484926490e-01
2.381068553305684399e-01
2.507281553398058027e-01
2.597987927565392208e-01
2.313690811158453375e-01
2.605742013748483799e-01
2.407333599043443573e-01
2.495533539061230988e-01
2.444106098245051595e-01
2.527178322245659525e-01
2.458652184645766514e-01
2.508234916044026486e-01
2.505811623246492759e-01
2.518311250102872045e-01
2.405012450799260959e-01
2.489700298893287034e-01
2.520345252774352507e-01
2.450724873757940958e-01
2.371192945211072212e-01
2.279110825776422544e-01
2.515967337699086537e-01
2.426068788171006074e-01
2.308370044052863446e-01
2.187576126674786736e-01
2.174588889797922087e-01
2.081832012170710122e-01
2.022167291284586443e-01
1.934615689068313049e-01
2.014730339748158627e-01
1.910663983903420626e-01
1.877342690804689462e-01
1.916105229387231323e-01
2.034817813765182060e-01
1.998880626848964503e-01
2.140061959889124343e-01
2.039243724181760420e-01
2.173807007560361049e-01
2.148370845860079759e-01
2.220792795690278987e-01
2.347790839075800662e-01
2.172416553269831130e-01
2.263026495932995152e-01
2.432901147906515738e-01
2.390558640967004322e-01
2.362204724409448786e-01
2.369660414773196722e-01
2.408317885064882591e-01
2.462803123715577580e-01
2.359541426132205910e-01
2.367424242424242542e-01
2.265269655620532896e-01
2.231452541536436962e-01
2.299230832850880923e-01
2.154200608903151515e-01
2.157977102380363998e-01
2.174867832452216376e-01
2.235809303478476506e-01
2.252067807714355774e-01
2.284970298641061104e-01
2.377863535594055278e-01
2.404353285893679470e-01
2.380992010652463464e-01
2.406933553446141127e-01
2.471649697872692619e-01
2.383612662942271865e-01
2.519166666666666776e-01
2.448341154194451363e-01
