2.039186782138689355e-02
2.114262607590549486e-02
2.137020741671904339e-02
2.359440639926339497e-02
2.289066543969632550e-02
2.066590126291618923e-02
2.208292598769336784e-02
2.487850034714186517e-02
2.787743339410692078e-02
2.709345527293512482e-02
3.043805335339390059e-02
2.906469801778759424e-02
3.191055727013335230e-02
3.587077174738564217e-02
3.862834672989070434e-02
3.486565790230711920e-02
3.703062813635576989e-02
4.538738845221913787e-02
4.312007011393514250e-02
4.660599385542867068e-02
5.164958834330391629e-02
5.090359695508164112e-02
5.475709704240408482e-02
5.578159089568960477e-02
5.472493217110200453e-02
5.255457365248434459e-02
5.855776565158716390e-02
5.601695400652958318e-02
5.884087023170803815e-02
5.928922276798612861e-02
5.505214566592579739e-02
5.945219879693978970e-02
6.521865719443312170e-02
5.888805496218463276e-02
5.999203141897660463e-02
6.383591634499048706e-02
6.580214055156011210e-02
6.219007059098068807e-02
6.836257309941520810e-02
7.489313194642348293e-02
7.935681647290183938e-02
7.792207792207792028e-02
9.275927306082669410e-02
9.840041577640469550e-02
1.009082918253735722e-01
9.380665535996257631e-02
9.120633281707107853e-02
7.956309284277091054e-02
7.191024299500058115e-02
6.227747951398700244e-02
5.299145299145299054e-02
4.434589800443459323e-02
4.702643803406549028e-02
4.158290735741772270e-02
4.184729206404254331e-02
3.954637976155859352e-02
3.687524819878595234e-02
3.621918448416871356e-02
3.450471834655242237e-02
3.258596654275092847e-02
3.072320349807260847e-02
3.296767078762551789e-02
2.872675250357653934e-02
3.127496861088916585e-02
3.372408615811052501e-02
3.104906447315066917e-02
3.229291034169082947e-02
3.034673743725840867e-02
2.544440571627744688e-02
2.791980237835353651e-02
2.846811685702806474e-02
2.778903490997510634e-02
2.737194664202806382e-02
2.682940871667914215e-02
2.572719898018310455e-02
2.625394095729435481e-02
2.564249985626401371e-02
2.490057063807712273e-02
2.611446649410411117e-02
2.261525079733256102e-02
2.564544879535391939e-02
