1.270000000000000000e+03
1.354000000000000000e+03
1.192000000000000000e+03
1.262000000000000000e+03
1.268000000000000000e+03
1.368000000000000000e+03
1.202000000000000000e+03
1.330000000000000000e+03
1.219000000000000000e+03
1.234000000000000000e+03
1.188000000000000000e+03
1.196000000000000000e+03
1.098000000000000000e+03
1.099000000000000000e+03
1.023000000000000000e+03
1.164000000000000000e+03
1.034000000000000000e+03
9.980000000000000000e+02
1.062000000000000000e+03
9.480000000000000000e+02
1.060000000000000000e+03
1.113000000000000000e+03
9.260000000000000000e+02
1.058000000000000000e+03
9.430000000000000000e+02
9.320000000000000000e+02
1.036000000000000000e+03
9.920000000000000000e+02
9.660000000000000000e+02
1.028000000000000000e+03
1.146000000000000000e+03
1.036000000000000000e+03
1.020000000000000000e+03
8.760000000000000000e+02
9.140000000000000000e+02
9.960000000000000000e+02
8.660000000000000000e+02
8.540000000000000000e+02
8.880000000000000000e+02
8.900000000000000000e+02
8.520000000000000000e+02
8.640000000000000000e+02
8.860000000000000000e+02
8.980000000000000000e+02
8.950000000000000000e+02
9.640000000000000000e+02
8.260000000000000000e+02
9.470000000000000000e+02
9.170000000000000000e+02
9.950000000000000000e+02
1.089000000000000000e+03
9.260000000000000000e+02
9.760000000000000000e+02
9.800000000000000000e+02
9.740000000000000000e+02
9.200000000000000000e+02
9.700000000000000000e+02
9.540000000000000000e+02
9.400000000000000000e+02
1.009000000000000000e+03
1.088000000000000000e+03
1.158000000000000000e+03
1.002000000000000000e+03
1.080000000000000000e+03
1.004000000000000000e+03
9.920000000000000000e+02
1.098000000000000000e+03
1.052000000000000000e+03
1.028000000000000000e+03
9.150000000000000000e+02
9.480000000000000000e+02
9.500000000000000000e+02
8.750000000000000000e+02
9.380000000000000000e+02
9.680000000000000000e+02
8.660000000000000000e+02
9.020000000000000000e+02
9.840000000000000000e+02
9.960000000000000000e+02
9.180000000000000000e+02
8.840000000000000000e+02
