2.022988505747126409e-01
2.226980728051391745e-01
1.404358353510895829e-01
2.024390243902439157e-01
2.065934065934065811e-01
2.156334231805930035e-01
1.679790026246719137e-01
2.609890109890110055e-01
3.017241379310344751e-01
2.047244094488188948e-01
2.151589242053789652e-01
2.279792746113989688e-01
2.077625570776255592e-01
2.228412256267409408e-01
2.349869451697128020e-01
1.655773420479302871e-01
2.582278481012658111e-01
2.185273159144893174e-01
1.966426858513189435e-01
2.095671981776765502e-01
2.647058823529411797e-01
2.879999999999999782e-01
2.196796338672768745e-01
1.918465227817745811e-01
2.720207253886010590e-01
1.371158392434988216e-01
2.512195121951219523e-01
1.822541966426858562e-01
1.908548707753479068e-01
1.781170483460559895e-01
2.031602708803611768e-01
1.771844660194174803e-01
2.729805013927576463e-01
1.995012468827930263e-01
2.866449511400651629e-01
2.006269592476488950e-01
2.645914396887159570e-01
1.482758620689655082e-01
1.448598130841121379e-01
1.400778210116731537e-01
2.222222222222222099e-01
2.573099415204678220e-01
2.215189873417721389e-01
2.233502538071066024e-01
1.849710982658959446e-01
1.472392638036809920e-01
2.243589743589743668e-01
2.818791946308724650e-01
2.111801242236024945e-01
2.204724409448818867e-01
1.104294478527607370e-01
1.843971631205673645e-01
1.419354838709677435e-01
1.416666666666666630e-01
2.097902097902097918e-01
1.025641025641025605e-01
2.131147540983606425e-01
2.970297029702970160e-01
1.616161616161616299e-01
2.377622377622377603e-01
1.538461538461538547e-01
