1.880000000000000000e+02
1.760000000000000000e+02
1.500000000000000000e+02
1.820000000000000000e+02
1.560000000000000000e+02
1.460000000000000000e+02
1.660000000000000000e+02
1.580000000000000000e+02
1.640000000000000000e+02
1.720000000000000000e+02
1.620000000000000000e+02
1.600000000000000000e+02
1.360000000000000000e+02
1.700000000000000000e+02
1.380000000000000000e+02
1.240000000000000000e+02
1.640000000000000000e+02
1.680000000000000000e+02
1.440000000000000000e+02
1.440000000000000000e+02
1.800000000000000000e+02
1.760000000000000000e+02
1.720000000000000000e+02
1.520000000000000000e+02
1.500000000000000000e+02
1.520000000000000000e+02
1.580000000000000000e+02
1.540000000000000000e+02
1.420000000000000000e+02
1.760000000000000000e+02
1.620000000000000000e+02
1.660000000000000000e+02
1.540000000000000000e+02
1.200000000000000000e+02
1.660000000000000000e+02
1.840000000000000000e+02
1.560000000000000000e+02
1.620000000000000000e+02
1.620000000000000000e+02
1.760000000000000000e+02
1.500000000000000000e+02
