2.760000000000000000e+02
3.100000000000000000e+02
3.020000000000000000e+02
2.920000000000000000e+02
2.900000000000000000e+02
3.300000000000000000e+02
3.160000000000000000e+02
3.660000000000000000e+02
3.500000000000000000e+02
3.280000000000000000e+02
3.220000000000000000e+02
2.900000000000000000e+02
4.040000000000000000e+02
3.320000000000000000e+02
4.220000000000000000e+02
4.400000000000000000e+02
4.040000000000000000e+02
4.380000000000000000e+02
4.580000000000000000e+02
5.720000000000000000e+02
5.080000000000000000e+02
4.820000000000000000e+02
5.720000000000000000e+02
5.780000000000000000e+02
5.660000000000000000e+02
5.580000000000000000e+02
6.160000000000000000e+02
6.580000000000000000e+02
6.500000000000000000e+02
7.480000000000000000e+02
6.880000000000000000e+02
6.800000000000000000e+02
6.780000000000000000e+02
7.360000000000000000e+02
6.980000000000000000e+02
8.080000000000000000e+02
7.440000000000000000e+02
7.580000000000000000e+02
9.500000000000000000e+02
1.212000000000000000e+03
1.292000000000000000e+03
1.068000000000000000e+03
9.420000000000000000e+02
9.000000000000000000e+02
9.340000000000000000e+02
9.600000000000000000e+02
7.610000000000000000e+02
7.360000000000000000e+02
5.920000000000000000e+02
5.340000000000000000e+02
4.480000000000000000e+02
4.280000000000000000e+02
4.140000000000000000e+02
4.760000000000000000e+02
3.720000000000000000e+02
3.720000000000000000e+02
4.720000000000000000e+02
3.980000000000000000e+02
3.840000000000000000e+02
3.200000000000000000e+02
3.160000000000000000e+02
3.380000000000000000e+02
2.960000000000000000e+02
3.420000000000000000e+02
3.040000000000000000e+02
3.300000000000000000e+02
3.480000000000000000e+02
3.160000000000000000e+02
2.800000000000000000e+02
2.840000000000000000e+02
2.680000000000000000e+02
2.820000000000000000e+02
2.920000000000000000e+02
2.680000000000000000e+02
2.820000000000000000e+02
2.780000000000000000e+02
2.840000000000000000e+02
2.520000000000000000e+02
3.200000000000000000e+02
3.220000000000000000e+02
2.720000000000000000e+02
