9.587773323059082031e+00
9.628194332122802734e+00
9.623986959457397461e+00
9.651445388793945312e+00
9.713269948959350586e+00
9.572832822799682617e+00
9.728413105010986328e+00
9.654482364654541016e+00
9.622568845748901367e+00
9.651488304138183594e+00
9.602917194366455078e+00
9.607220411300659180e+00
9.599122524261474609e+00
9.651024341583251953e+00
9.635355949401855469e+00
9.670411109924316406e+00
9.586197853088378906e+00
9.674371719360351562e+00
9.613297700881958008e+00
9.786770105361938477e+00
9.629706144332885742e+00
9.504766225814819336e+00
9.589054107666015625e+00
9.718524932861328125e+00
9.590605974197387695e+00
9.569513797760009766e+00
9.620950460433959961e+00
9.617913484573364258e+00
9.645275354385375977e+00
9.700146675109863281e+00
9.653388023376464844e+00
9.574231624603271484e+00
9.638287544250488281e+00
9.563669443130493164e+00
9.589239835739135742e+00
9.561599254608154297e+00
9.625296354293823242e+00
9.546539306640625000e+00
9.661352157592773438e+00
9.486569166183471680e+00
9.531277418136596680e+00
9.548982858657836914e+00
9.644271612167358398e+00
9.614002227783203125e+00
9.637067079544067383e+00
9.662105560302734375e+00
9.577744245529174805e+00
9.566801548004150391e+00
9.634611129760742188e+00
9.614076614379882812e+00
9.587583541870117188e+00
9.567362785339355469e+00
9.590976953506469727e+00
9.618919372558593750e+00
9.607483625411987305e+00
9.624316215515136719e+00
9.602475404739379883e+00
9.664114475250244141e+00
9.539835214614868164e+00
9.573569059371948242e+00
9.737246513366699219e+00
9.603002309799194336e+00
9.565868854522705078e+00
9.574671983718872070e+00
9.665944576263427734e+00
9.604043483734130859e+00
9.654385805130004883e+00
9.623947143554687500e+00
9.652689218521118164e+00
9.554846286773681641e+00
9.694398164749145508e+00
9.580142736434936523e+00
9.634401082992553711e+00
9.621767044067382812e+00
9.624809741973876953e+00
9.626356601715087891e+00
9.652113914489746094e+00
9.586232662200927734e+00
9.625605344772338867e+00
9.645791292190551758e+00
9.688116312026977539e+00
