2.418300000000000000e+04
2.565500000000000000e+04
2.562300000000000000e+04
2.572300000000000000e+04
2.574900000000000000e+04
2.576100000000000000e+04
2.567900000000000000e+04
2.569700000000000000e+04
2.510100000000000000e+04
2.557900000000000000e+04
2.552900000000000000e+04
2.513800000000000000e+04
2.572700000000000000e+04
2.544300000000000000e+04
2.535300000000000000e+04
2.586100000000000000e+04
2.556500000000000000e+04
2.565500000000000000e+04
2.566500000000000000e+04
2.520700000000000000e+04
2.584900000000000000e+04
2.531900000000000000e+04
2.571700000000000000e+04
2.526900000000000000e+04
2.502900000000000000e+04
2.536100000000000000e+04
2.538800000000000000e+04
2.541100000000000000e+04
2.524100000000000000e+04
2.539600000000000000e+04
2.569700000000000000e+04
2.565700000000000000e+04
2.561900000000000000e+04
2.519900000000000000e+04
2.538900000000000000e+04
2.552300000000000000e+04
2.539300000000000000e+04
2.486900000000000000e+04
2.566300000000000000e+04
2.570900000000000000e+04
2.519700000000000000e+04
2.543500000000000000e+04
2.545700000000000000e+04
2.563600000000000000e+04
2.574300000000000000e+04
2.437700000000000000e+04
2.549900000000000000e+04
2.583500000000000000e+04
2.475700000000000000e+04
2.538700000000000000e+04
2.540300000000000000e+04
2.574700000000000000e+04
2.499900000000000000e+04
2.577300000000000000e+04
2.548300000000000000e+04
2.510200000000000000e+04
2.557100000000000000e+04
2.548100000000000000e+04
2.525900000000000000e+04
2.575500000000000000e+04
2.494700000000000000e+04
2.520100000000000000e+04
2.556500000000000000e+04
2.570100000000000000e+04
2.527100000000000000e+04
2.489700000000000000e+04
2.539500000000000000e+04
2.510700000000000000e+04
2.520100000000000000e+04
2.530900000000000000e+04
2.510900000000000000e+04
2.540300000000000000e+04
2.517700000000000000e+04
2.541200000000000000e+04
2.569300000000000000e+04
2.544900000000000000e+04
2.548300000000000000e+04
2.521900000000000000e+04
2.519100000000000000e+04
2.526900000000000000e+04
2.579500000000000000e+04
2.574300000000000000e+04
2.527000000000000000e+04
2.532100000000000000e+04
2.559900000000000000e+04
2.589900000000000000e+04
2.516300000000000000e+04
2.513500000000000000e+04
2.520700000000000000e+04
2.526700000000000000e+04
2.530900000000000000e+04
2.537300000000000000e+04
2.514800000000000000e+04
