4.440000000000000000e+02
4.920000000000000000e+02
4.390000000000000000e+02
3.190000000000000000e+02
3.660000000000000000e+02
3.910000000000000000e+02
3.880000000000000000e+02
3.560000000000000000e+02
3.520000000000000000e+02
4.080000000000000000e+02
4.200000000000000000e+02
3.260000000000000000e+02
3.750000000000000000e+02
4.080000000000000000e+02
4.420000000000000000e+02
4.060000000000000000e+02
3.790000000000000000e+02
4.060000000000000000e+02
3.900000000000000000e+02
3.820000000000000000e+02
3.940000000000000000e+02
4.200000000000000000e+02
4.360000000000000000e+02
4.120000000000000000e+02
3.680000000000000000e+02
4.300000000000000000e+02
3.760000000000000000e+02
4.500000000000000000e+02
4.160000000000000000e+02
4.720000000000000000e+02
4.760000000000000000e+02
4.220000000000000000e+02
3.700000000000000000e+02
4.180000000000000000e+02
4.100000000000000000e+02
4.860000000000000000e+02
4.490000000000000000e+02
4.260000000000000000e+02
4.560000000000000000e+02
4.220000000000000000e+02
4.720000000000000000e+02
