9.530172348022460938e+00
9.467260599136352539e+00
9.508210182189941406e+00
9.549554586410522461e+00
9.511617422103881836e+00
9.553110599517822266e+00
9.516874790191650391e+00
9.523456811904907227e+00
9.548503398895263672e+00
9.503221273422241211e+00
9.459182977676391602e+00
9.541844606399536133e+00
9.465316534042358398e+00
9.480365991592407227e+00
9.524015665054321289e+00
9.576268911361694336e+00
9.510774135589599609e+00
9.504755496978759766e+00
9.504751920700073242e+00
9.496975421905517578e+00
9.521110534667968750e+00
9.482068777084350586e+00
9.504179239273071289e+00
9.510570287704467773e+00
9.487618684768676758e+00
9.461831331253051758e+00
9.545759677886962891e+00
9.529685258865356445e+00
9.511083364486694336e+00
9.526929616928100586e+00
9.587261676788330078e+00
9.529274463653564453e+00
9.531936645507812500e+00
9.516747713088989258e+00
9.587874650955200195e+00
9.497614383697509766e+00
9.501085758209228516e+00
9.513384580612182617e+00
9.583052635192871094e+00
9.550755739212036133e+00
9.444540500640869141e+00
9.445887327194213867e+00
9.491705894470214844e+00
9.505328893661499023e+00
9.534485340118408203e+00
9.541277170181274414e+00
9.446635723114013672e+00
9.507360696792602539e+00
9.453164577484130859e+00
9.567953109741210938e+00
9.491608619689941406e+00
9.483184099197387695e+00
9.457796096801757812e+00
9.558483600616455078e+00
9.489309310913085938e+00
9.564001560211181641e+00
9.520411729812622070e+00
9.493755102157592773e+00
9.502994060516357422e+00
9.532353639602661133e+00
9.562503814697265625e+00
9.624850034713745117e+00
9.557245254516601562e+00
9.518848657608032227e+00
9.509747028350830078e+00
9.476715326309204102e+00
9.451471090316772461e+00
9.416498422622680664e+00
9.555695056915283203e+00
9.542711973190307617e+00
9.543199539184570312e+00
9.502417325973510742e+00
9.505861282348632812e+00
9.549964904785156250e+00
9.541697502136230469e+00
9.492680549621582031e+00
9.495696783065795898e+00
9.516242742538452148e+00
9.521890640258789062e+00
9.531804800033569336e+00
9.511427879333496094e+00
