5.740000000000000000e+02
7.190000000000000000e+02
7.620000000000000000e+02
7.680000000000000000e+02
7.800000000000000000e+02
8.240000000000000000e+02
8.000000000000000000e+02
7.900000000000000000e+02
7.900000000000000000e+02
8.510000000000000000e+02
7.980000000000000000e+02
8.880000000000000000e+02
8.740000000000000000e+02
8.620000000000000000e+02
7.700000000000000000e+02
7.240000000000000000e+02
7.980000000000000000e+02
7.420000000000000000e+02
7.080000000000000000e+02
6.670000000000000000e+02
6.480000000000000000e+02
6.040000000000000000e+02
6.180000000000000000e+02
5.840000000000000000e+02
5.300000000000000000e+02
4.740000000000000000e+02
4.850000000000000000e+02
4.460000000000000000e+02
4.740000000000000000e+02
4.450000000000000000e+02
4.240000000000000000e+02
4.460000000000000000e+02
4.250000000000000000e+02
4.900000000000000000e+02
4.720000000000000000e+02
4.900000000000000000e+02
4.040000000000000000e+02
4.200000000000000000e+02
3.940000000000000000e+02
4.480000000000000000e+02
3.730000000000000000e+02
