8.800000000000000000e+01
1.040000000000000000e+02
5.800000000000000000e+01
8.300000000000000000e+01
9.400000000000000000e+01
8.000000000000000000e+01
6.400000000000000000e+01
9.500000000000000000e+01
1.050000000000000000e+02
7.800000000000000000e+01
8.800000000000000000e+01
8.800000000000000000e+01
9.100000000000000000e+01
8.000000000000000000e+01
9.000000000000000000e+01
7.600000000000000000e+01
1.020000000000000000e+02
9.200000000000000000e+01
8.200000000000000000e+01
9.200000000000000000e+01
1.080000000000000000e+02
1.080000000000000000e+02
9.600000000000000000e+01
8.000000000000000000e+01
1.050000000000000000e+02
5.800000000000000000e+01
1.030000000000000000e+02
7.600000000000000000e+01
9.600000000000000000e+01
7.000000000000000000e+01
9.000000000000000000e+01
7.300000000000000000e+01
9.800000000000000000e+01
8.000000000000000000e+01
8.800000000000000000e+01
6.400000000000000000e+01
6.800000000000000000e+01
4.300000000000000000e+01
3.100000000000000000e+01
3.600000000000000000e+01
4.200000000000000000e+01
4.400000000000000000e+01
3.500000000000000000e+01
4.400000000000000000e+01
3.200000000000000000e+01
2.400000000000000000e+01
3.500000000000000000e+01
4.200000000000000000e+01
3.400000000000000000e+01
2.800000000000000000e+01
1.800000000000000000e+01
2.600000000000000000e+01
2.200000000000000000e+01
1.700000000000000000e+01
3.000000000000000000e+01
1.200000000000000000e+01
2.600000000000000000e+01
3.000000000000000000e+01
1.600000000000000000e+01
3.400000000000000000e+01
2.200000000000000000e+01
