9.660342931747436523e+00
9.655179738998413086e+00
9.673968553543090820e+00
9.597988605499267578e+00
9.581913471221923828e+00
9.625836372375488281e+00
9.646476030349731445e+00
9.689358711242675781e+00
9.627641916275024414e+00
9.629258871078491211e+00
9.697928190231323242e+00
9.645779132843017578e+00
9.608163833618164062e+00
9.576104402542114258e+00
9.541252851486206055e+00
9.611037731170654297e+00
9.608313083648681641e+00
9.635093688964843750e+00
9.561318159103393555e+00
9.622029781341552734e+00
9.579230546951293945e+00
9.608592033386230469e+00
9.541072607040405273e+00
9.634612560272216797e+00
9.632597684860229492e+00
9.505847930908203125e+00
9.574435472488403320e+00
9.507032871246337891e+00
9.542401075363159180e+00
9.539108037948608398e+00
9.643428564071655273e+00
9.630941152572631836e+00
9.569856405258178711e+00
9.539356470108032227e+00
9.615024089813232422e+00
9.530347824096679688e+00
9.483864307403564453e+00
9.540029525756835938e+00
9.554991245269775391e+00
9.538666963577270508e+00
9.460322618484497070e+00
9.535023689270019531e+00
9.607688426971435547e+00
9.548950433731079102e+00
9.554383277893066406e+00
9.644252061843872070e+00
9.603250980377197266e+00
9.625710248947143555e+00
9.606022834777832031e+00
9.626464605331420898e+00
9.635180711746215820e+00
9.636659145355224609e+00
9.647097349166870117e+00
9.658939123153686523e+00
9.607553005218505859e+00
9.571546792984008789e+00
9.569175004959106445e+00
9.693206787109375000e+00
9.581712722778320312e+00
9.610342741012573242e+00
9.681035518646240234e+00
9.665936470031738281e+00
9.597955942153930664e+00
9.654043197631835938e+00
9.688854932785034180e+00
9.591075658798217773e+00
9.615226984024047852e+00
9.629379510879516602e+00
9.622059106826782227e+00
9.721495389938354492e+00
9.540793657302856445e+00
9.575200080871582031e+00
9.707772493362426758e+00
9.585546255111694336e+00
9.647000789642333984e+00
9.622745990753173828e+00
9.701298236846923828e+00
9.635226726531982422e+00
9.657434940338134766e+00
9.682001590728759766e+00
9.608085870742797852e+00
9.577569246292114258e+00
9.726956129074096680e+00
9.631507873535156250e+00
9.645132303237915039e+00
9.612625837326049805e+00
9.590860605239868164e+00
9.639346361160278320e+00
9.618474721908569336e+00
9.520487546920776367e+00
9.499881982803344727e+00
9.616353988647460938e+00
9.589436292648315430e+00
9.605529785156250000e+00
9.681078195571899414e+00
9.680584430694580078e+00
9.577008008956909180e+00
9.554291248321533203e+00
9.650749683380126953e+00
9.679559946060180664e+00
9.573285341262817383e+00
9.652196168899536133e+00
9.686523914337158203e+00
9.543648719787597656e+00
9.576450347900390625e+00
9.667414188385009766e+00
9.664849996566772461e+00
9.617468595504760742e+00
9.642684459686279297e+00
9.569691658020019531e+00
9.639095067977905273e+00
9.642027139663696289e+00
9.547013282775878906e+00
9.578750848770141602e+00
9.625116109848022461e+00
9.626306772232055664e+00
9.546257257461547852e+00
9.570877552032470703e+00
9.625786304473876953e+00
9.629426240921020508e+00
9.490016698837280273e+00
9.735507965087890625e+00
9.597957611083984375e+00
9.663193941116333008e+00
9.649277448654174805e+00
9.636207103729248047e+00
9.682876110076904297e+00
9.656397581100463867e+00
9.594899654388427734e+00
9.645125865936279297e+00
9.607846021652221680e+00
9.642625093460083008e+00
9.690487861633300781e+00
9.607725143432617188e+00
9.579859018325805664e+00
9.665397644042968750e+00
9.703502416610717773e+00
9.572630167007446289e+00
9.574362039566040039e+00
9.789853572845458984e+00
9.679453372955322266e+00
9.469075918197631836e+00
9.598693370819091797e+00
9.597007036209106445e+00
9.698767423629760742e+00
9.628778934478759766e+00
9.608886480331420898e+00
9.580725193023681641e+00
9.695653676986694336e+00
9.671396493911743164e+00
9.674081325531005859e+00
9.664409399032592773e+00
9.705205440521240234e+00
9.673154592514038086e+00
9.635826349258422852e+00
9.693621158599853516e+00
9.598020553588867188e+00
9.591587781906127930e+00
9.562119960784912109e+00
9.650766372680664062e+00
9.602932453155517578e+00
