2.990000000000000000e+03
3.248000000000000000e+03
3.026000000000000000e+03
2.982000000000000000e+03
3.226000000000000000e+03
3.206000000000000000e+03
3.184000000000000000e+03
3.184000000000000000e+03
3.194000000000000000e+03
3.062000000000000000e+03
3.048000000000000000e+03
3.092000000000000000e+03
3.218000000000000000e+03
3.019000000000000000e+03
3.156000000000000000e+03
3.086000000000000000e+03
3.160000000000000000e+03
3.152000000000000000e+03
3.052000000000000000e+03
3.110000000000000000e+03
3.100000000000000000e+03
2.980000000000000000e+03
3.148000000000000000e+03
3.080000000000000000e+03
3.088000000000000000e+03
2.940000000000000000e+03
2.816000000000000000e+03
2.882000000000000000e+03
2.826000000000000000e+03
2.812000000000000000e+03
2.868000000000000000e+03
2.870000000000000000e+03
2.693000000000000000e+03
2.558000000000000000e+03
2.533000000000000000e+03
2.544000000000000000e+03
2.378000000000000000e+03
2.370000000000000000e+03
2.352000000000000000e+03
2.212000000000000000e+03
1.984000000000000000e+03
1.878000000000000000e+03
1.656000000000000000e+03
1.586000000000000000e+03
2.322000000000000000e+03
2.630000000000000000e+03
2.808000000000000000e+03
2.960000000000000000e+03
2.805000000000000000e+03
2.844000000000000000e+03
2.920000000000000000e+03
2.708000000000000000e+03
2.910000000000000000e+03
2.853000000000000000e+03
2.868000000000000000e+03
3.079000000000000000e+03
3.125000000000000000e+03
2.952000000000000000e+03
2.950000000000000000e+03
2.974000000000000000e+03
2.962000000000000000e+03
3.112000000000000000e+03
3.104000000000000000e+03
2.996000000000000000e+03
3.094000000000000000e+03
2.873000000000000000e+03
3.238000000000000000e+03
2.964000000000000000e+03
3.100000000000000000e+03
2.930000000000000000e+03
3.106000000000000000e+03
2.917000000000000000e+03
3.006000000000000000e+03
3.112000000000000000e+03
3.078000000000000000e+03
3.109000000000000000e+03
3.014000000000000000e+03
3.016000000000000000e+03
3.048000000000000000e+03
2.972000000000000000e+03
3.223000000000000000e+03
