1.166200000000000081e+01
1.165600000000000058e+01
1.165399999999999991e+01
1.165000000000000036e+01
1.164600000000000080e+01
1.165000000000000036e+01
1.164700000000000024e+01
1.164499999999999957e+01
1.164600000000000080e+01
1.164600000000000080e+01
1.164499999999999957e+01
1.164300000000000068e+01
1.164899999999999913e+01
1.164100000000000001e+01
1.163599999999999923e+01
1.163599999999999923e+01
1.163899999999999935e+01
1.163700000000000045e+01
1.163299999999999912e+01
1.163000000000000078e+01
1.163199999999999967e+01
1.163299999999999912e+01
1.163000000000000078e+01
1.163000000000000078e+01
1.163199999999999967e+01
1.163000000000000078e+01
1.162599999999999945e+01
1.163000000000000078e+01
1.162599999999999945e+01
1.162500000000000000e+01
1.162899999999999956e+01
1.162800000000000011e+01
1.162800000000000011e+01
1.162899999999999956e+01
1.162599999999999945e+01
1.161999999999999922e+01
1.162500000000000000e+01
1.162800000000000011e+01
1.162899999999999956e+01
1.162800000000000011e+01
1.162500000000000000e+01
1.162400000000000055e+01
1.162199999999999989e+01
1.162500000000000000e+01
1.161999999999999922e+01
1.162199999999999989e+01
1.162500000000000000e+01
1.162199999999999989e+01
1.162400000000000055e+01
1.162400000000000055e+01
1.162599999999999945e+01
1.162500000000000000e+01
1.162500000000000000e+01
1.162199999999999989e+01
1.162400000000000055e+01
1.162199999999999989e+01
1.162500000000000000e+01
1.162400000000000055e+01
1.162599999999999945e+01
1.162500000000000000e+01
1.161999999999999922e+01
1.162100000000000044e+01
1.161999999999999922e+01
1.161899999999999977e+01
1.161999999999999922e+01
1.162400000000000055e+01
1.162100000000000044e+01
1.161700000000000088e+01
1.161599999999999966e+01
1.161700000000000088e+01
1.161800000000000033e+01
1.161899999999999977e+01
1.161899999999999977e+01
1.161800000000000033e+01
1.162100000000000044e+01
1.161800000000000033e+01
1.162199999999999989e+01
1.161700000000000088e+01
1.162100000000000044e+01
1.161400000000000077e+01
1.161700000000000088e+01
