1.159700000000000000e+04
8.401000000000000000e+03
8.463000000000000000e+03
8.197000000000000000e+03
8.687000000000000000e+03
8.739000000000000000e+03
9.205000000000000000e+03
9.070000000000000000e+03
8.577000000000000000e+03
8.917000000000000000e+03
1.009200000000000000e+04
8.585000000000000000e+03
9.167000000000000000e+03
9.305000000000000000e+03
9.884000000000000000e+03
9.647000000000000000e+03
9.350000000000000000e+03
9.383000000000000000e+03
9.458000000000000000e+03
1.030100000000000000e+04
1.041300000000000000e+04
9.316000000000000000e+03
8.678000000000000000e+03
9.893000000000000000e+03
1.053300000000000000e+04
9.618000000000000000e+03
9.115000000000000000e+03
9.398000000000000000e+03
1.081100000000000000e+04
1.007500000000000000e+04
9.269000000000000000e+03
9.661000000000000000e+03
1.004700000000000000e+04
1.077300000000000000e+04
8.650000000000000000e+03
9.263000000000000000e+03
9.781000000000000000e+03
1.037300000000000000e+04
8.785000000000000000e+03
8.821000000000000000e+03
9.537000000000000000e+03
