2.753079807177289950e-01
2.593491986401165739e-01
2.760942760942761143e-01
3.090439276485787978e-01
2.548189938881053052e-01
2.852040816326530392e-01
2.502477700693755969e-01
2.687664041994750619e-01
2.451306413301662657e-01
2.877733598409542570e-01
2.677783227072094152e-01
2.258823529411764786e-01
2.392542723977214014e-01
2.683804627249357089e-01
2.390862944162436554e-01
2.639644092931290320e-01
2.513089005235601969e-01
2.502558853633571889e-01
2.780913288866085353e-01
2.455121436114044431e-01
2.401937046004842535e-01
2.207727044656297155e-01
2.412637625658209661e-01
2.508745627186406701e-01
2.255600814663951126e-01
2.423058133854421037e-01
2.548531607765057161e-01
2.438900203665987643e-01
2.284880894506562954e-01
2.253521126760563431e-01
2.429299953639313947e-01
2.292374939290917901e-01
2.379110251450677060e-01
2.242280285035629372e-01
2.379720641489912192e-01
2.344894968246213907e-01
1.976580796252927485e-01
2.067686601761705989e-01
2.116040955631399434e-01
2.071753410813542140e-01
2.054467271858576305e-01
1.899659035557720310e-01
1.779701779701779729e-01
2.002923976608187162e-01
2.042954426401257240e-01
2.162688748173404729e-01
2.298136645962732816e-01
2.341170585292646211e-01
2.353787152444870578e-01
2.311801845556095136e-01
2.355157795572303259e-01
2.246973365617433438e-01
2.243620606644198268e-01
2.563845768652979196e-01
2.786967418546366093e-01
2.234449760765550297e-01
2.375992063492063378e-01
2.962962962962962798e-01
2.940879231935321081e-01
2.300047326076668230e-01
2.391615054787994410e-01
2.503653190452995725e-01
2.771607918879768206e-01
2.396733909702209453e-01
2.245185533114138210e-01
2.924482924482924573e-01
2.684049079754601275e-01
2.546728971962616828e-01
2.719560878243513224e-01
2.463984103328365760e-01
2.491517207949587864e-01
2.404371584699453446e-01
2.264519277696437349e-01
2.690429687500000000e-01
2.609131961866532623e-01
2.539530426449448930e-01
2.694552529182879241e-01
2.521175884404583956e-01
2.673611111111111049e-01
2.942057942057941800e-01
2.712981744421906760e-01
