4.225352112676056260e-02
3.313452617627567903e-02
3.959044368600682373e-02
3.479576399394856273e-02
3.677621283255086415e-02
2.717825739408473093e-02
3.377386196769456561e-02
3.687943262411347289e-02
2.726543704891740139e-02
1.586042823156225134e-02
3.821656050955413858e-02
4.329725228975853796e-02
3.907885554780181347e-02
2.650762094102054184e-02
3.368083400160384877e-02
1.859024012393493269e-02
3.423680456490727636e-02
3.647686832740213575e-02
3.700277520814061055e-02
3.598971722365038733e-02
3.661327231121281472e-02
5.877551020408162963e-02
4.881656804733727761e-02
5.219012115563839704e-02
4.416961130742049629e-02
5.248226950354609871e-02
7.603530210454853555e-02
4.651162790697674354e-02
6.333567909922589723e-02
6.757634827810266032e-02
5.878136200716845700e-02
7.754206291148500740e-02
7.969348659003831770e-02
9.651076466221232553e-02
6.362275449101796598e-02
9.862570735650767750e-02
9.750000000000000333e-02
9.830781627719581417e-02
9.464701318851823086e-02
1.140881590319792610e-01
1.716475095785440497e-01
1.649763353617308970e-01
1.017060367454068193e-01
6.716929403701164814e-02
6.526468455402464897e-02
7.039020657995409547e-02
6.816143497757846947e-02
5.275779376498800771e-02
4.418604651162790636e-02
4.273504273504273587e-02
6.255144032921811093e-02
4.417364813404417445e-02
4.100227790432801889e-02
3.654251581166549634e-02
4.008016032064128098e-02
2.941176470588235253e-02
4.660726525017135080e-02
4.651162790697674354e-02
4.698972099853156864e-02
3.489294210943695573e-02
2.677942212825933782e-02
3.689469638739430873e-02
4.563758389261744763e-02
3.636363636363636187e-02
5.073995771670190141e-02
5.029337803855825351e-02
2.670856245090337880e-02
4.278812974465148050e-02
2.777777777777777624e-02
3.508771929824561209e-02
3.069053708439897776e-02
3.742203742203742411e-02
2.889733840304182372e-02
5.775577557755775387e-02
3.443708609271523002e-02
3.681788297172912394e-02
3.491271820448877544e-02
3.701255783212161615e-02
4.055032585083272884e-02
3.568977350720659025e-02
2.557953637090327678e-02
