3.680981595092024800e-02
3.749267721148213245e-02
3.483941208492107033e-02
3.723986856516976751e-02
2.673147023086269725e-02
3.238866396761133637e-02
3.105232892466934860e-02
1.642228739002932550e-02
4.548248309772587317e-02
2.986666666666666636e-02
3.502188868042526576e-02
3.299203640500569107e-02
1.848642403235124104e-02
4.847085978072706441e-02
3.577417551704863141e-02
3.603603603603603572e-02
3.056546102903718795e-02
3.928365106874638635e-02
3.365906623235613571e-02
3.962575674188222041e-02
3.376906318082788933e-02
4.330484330484330596e-02
4.350314825414997033e-02
6.239554317548746259e-02
4.651162790697674354e-02
3.969643899591360214e-02
4.957746478873239354e-02
4.330708661417322775e-02
3.679653679653679954e-02
4.318062137967351027e-02
4.900938477580813607e-02
5.383265067290813471e-02
5.872576177285318555e-02
5.064715813168261388e-02
4.542807221898660652e-02
7.317073170731706877e-02
5.408388520971302293e-02
5.152979066022544269e-02
5.128205128205128027e-02
7.175398633257402958e-02
9.742747673782156670e-02
7.814269535673838696e-02
6.236786469344608730e-02
5.634517766497462027e-02
5.416887944768985358e-02
5.773195876288660100e-02
5.325814536340851835e-02
6.717363751584283504e-02
6.039886039886040170e-02
4.863221884498480224e-02
5.225911812738159856e-02
5.727923627684964464e-02
5.260148656375071563e-02
2.927814235234730070e-02
4.075235109717868093e-02
3.508771929824561209e-02
3.376365441906653553e-02
4.494382022471909988e-02
3.724207347760442877e-02
3.498385360602798699e-02
3.978300180831826488e-02
2.417962003454231582e-02
3.376477208778840694e-02
3.519553072625698081e-02
3.147835862844294841e-02
2.432575356953992768e-02
2.605523710265763432e-02
2.177650429799427023e-02
3.523758675920982131e-02
3.019970774476376033e-02
4.111936036550542517e-02
3.153669724770642030e-02
2.831672784478237934e-02
2.283849918433931633e-02
4.026845637583892357e-02
2.649769585253456197e-02
3.005904455179817664e-02
2.106371774618220200e-02
2.276422764227642448e-02
3.496897913141568115e-02
3.198172472872644334e-02
