1.358453950028301084e-02
1.594550661815929971e-02
1.366489234924922469e-02
1.738725452146239192e-02
1.464354527938343045e-02
1.676190476190476258e-02
1.726685852065023077e-02
1.635569670504168419e-02
1.370390330279467293e-02
1.601354992686119041e-02
1.338833969020004726e-02
1.571709233791748414e-02
1.677930552318806709e-02
1.693622215440952067e-02
1.761119891623391318e-02
1.801301380733217120e-02
1.479965362512792280e-02
1.705986321370936767e-02
2.054535841075609895e-02
1.553726636412583635e-02
2.047886673338979169e-02
2.221334398721534070e-02
2.360564684100902727e-02
2.768166089965398008e-02
2.913867290707329930e-02
2.617761205387717990e-02
3.387184890345742300e-02
3.670158305111443503e-02
3.437672474966490394e-02
3.430016596854500860e-02
3.909042512738611364e-02
3.915639882077254219e-02
4.896073903002309130e-02
4.668592395971582487e-02
5.787220548596797021e-02
6.761987518761355953e-02
6.113007205157375973e-02
7.626654138282044915e-02
7.982839194055006693e-02
9.283710183198547183e-02
9.780454941745264641e-02
1.057818153822465135e-01
1.213206046141607070e-01
1.176843272352894598e-01
6.845542528916516434e-02
4.534400251039460289e-02
3.472708868644397429e-02
2.717936838854142709e-02
3.333850209334780768e-02
2.783576896311760682e-02
2.891302649058373128e-02
2.810192903072160006e-02
2.603139544056164850e-02
2.593889242520687477e-02
2.413709872073376700e-02
2.853519340519974565e-02
2.149041434755720459e-02
2.436942180830423132e-02
2.142687088326323402e-02
2.392079207920792122e-02
2.176522365367688366e-02
2.255815775045038121e-02
1.863305409848900127e-02
1.767656660562146737e-02
2.038378851819412294e-02
2.196078431372549059e-02
2.151908822826173462e-02
1.900347624565469282e-02
1.816889169760644435e-02
2.014227479817760208e-02
1.465605547238200274e-02
2.290555381236272434e-02
1.808144651572125838e-02
1.619745468569224953e-02
1.917743085822965279e-02
1.773596545342381176e-02
1.576056674361219281e-02
1.926058924345058418e-02
1.466573055620563198e-02
1.598227707888282348e-02
1.574682770218620992e-02
