3.740000000000000000e+02
4.060000000000000000e+02
3.260000000000000000e+02
3.960000000000000000e+02
3.840000000000000000e+02
3.780000000000000000e+02
4.100000000000000000e+02
3.820000000000000000e+02
3.800000000000000000e+02
3.820000000000000000e+02
3.660000000000000000e+02
3.780000000000000000e+02
4.220000000000000000e+02
3.820000000000000000e+02
3.960000000000000000e+02
4.160000000000000000e+02
4.360000000000000000e+02
5.080000000000000000e+02
4.940000000000000000e+02
5.340000000000000000e+02
4.840000000000000000e+02
5.700000000000000000e+02
5.620000000000000000e+02
6.140000000000000000e+02
5.620000000000000000e+02
6.280000000000000000e+02
6.800000000000000000e+02
7.860000000000000000e+02
8.040000000000000000e+02
8.620000000000000000e+02
9.200000000000000000e+02
9.440000000000000000e+02
1.010000000000000000e+03
8.360000000000000000e+02
8.180000000000000000e+02
9.140000000000000000e+02
9.820000000000000000e+02
1.000000000000000000e+03
1.046000000000000000e+03
1.176000000000000000e+03
1.358000000000000000e+03
1.882000000000000000e+03
2.352000000000000000e+03
1.861000000000000000e+03
1.634000000000000000e+03
1.567000000000000000e+03
1.244000000000000000e+03
8.100000000000000000e+02
7.040000000000000000e+02
6.300000000000000000e+02
5.400000000000000000e+02
4.440000000000000000e+02
4.660000000000000000e+02
4.580000000000000000e+02
4.120000000000000000e+02
4.640000000000000000e+02
4.640000000000000000e+02
4.060000000000000000e+02
4.480000000000000000e+02
4.100000000000000000e+02
4.260000000000000000e+02
3.760000000000000000e+02
3.660000000000000000e+02
3.280000000000000000e+02
3.240000000000000000e+02
3.620000000000000000e+02
3.700000000000000000e+02
3.580000000000000000e+02
3.420000000000000000e+02
3.200000000000000000e+02
3.140000000000000000e+02
3.340000000000000000e+02
3.360000000000000000e+02
3.260000000000000000e+02
3.440000000000000000e+02
3.100000000000000000e+02
2.980000000000000000e+02
3.000000000000000000e+02
3.200000000000000000e+02
3.580000000000000000e+02
3.560000000000000000e+02
