7.090795000000000528e+02
7.090795100000000275e+02
7.090795200000000023e+02
7.090795300000000907e+02
7.090795400000000654e+02
7.090795500000000402e+02
7.090795600000000150e+02
7.090795699999999897e+02
7.090795800000000781e+02
7.090795900000000529e+02
7.090796000000000276e+02
7.090796100000000024e+02
7.090796199999999772e+02
7.090796300000000656e+02
7.090796400000000403e+02
7.090796500000000151e+02
7.090796599999999899e+02
7.090796699999999646e+02
7.090796800000000530e+02
7.090796900000000278e+02
7.090797000000000025e+02
7.090797099999999773e+02
7.090797199999999521e+02
7.090797300000000405e+02
7.090797400000000152e+02
7.090797499999999900e+02
7.090797599999999647e+02
7.090797699999999395e+02
7.090797800000000279e+02
7.090797900000000027e+02
7.090797999999999774e+02
7.090798099999999522e+02
7.090798199999999269e+02
7.090798300000000154e+02
7.090798399999999901e+02
7.090798499999999649e+02
7.090798599999999396e+02
7.090798699999999144e+02
7.090798800000000028e+02
7.090798899999999776e+02
7.090798999999999523e+02
