3.780000000000000000e+02
3.360000000000000000e+02
3.600000000000000000e+02
2.840000000000000000e+02
3.500000000000000000e+02
3.560000000000000000e+02
3.440000000000000000e+02
3.860000000000000000e+02
3.760000000000000000e+02
3.120000000000000000e+02
4.120000000000000000e+02
3.840000000000000000e+02
3.580000000000000000e+02
3.040000000000000000e+02
3.720000000000000000e+02
3.940000000000000000e+02
4.080000000000000000e+02
3.900000000000000000e+02
3.660000000000000000e+02
3.780000000000000000e+02
3.500000000000000000e+02
3.800000000000000000e+02
4.080000000000000000e+02
3.700000000000000000e+02
3.820000000000000000e+02
3.760000000000000000e+02
3.500000000000000000e+02
3.720000000000000000e+02
3.660000000000000000e+02
3.640000000000000000e+02
3.940000000000000000e+02
3.780000000000000000e+02
3.460000000000000000e+02
3.740000000000000000e+02
3.540000000000000000e+02
3.440000000000000000e+02
4.500000000000000000e+02
4.100000000000000000e+02
4.600000000000000000e+02
3.880000000000000000e+02
4.320000000000000000e+02
5.020000000000000000e+02
4.060000000000000000e+02
4.460000000000000000e+02
4.560000000000000000e+02
4.820000000000000000e+02
4.320000000000000000e+02
4.220000000000000000e+02
4.300000000000000000e+02
5.620000000000000000e+02
4.660000000000000000e+02
5.060000000000000000e+02
5.200000000000000000e+02
4.740000000000000000e+02
4.460000000000000000e+02
3.960000000000000000e+02
4.380000000000000000e+02
4.680000000000000000e+02
4.720000000000000000e+02
5.560000000000000000e+02
7.140000000000000000e+02
8.700000000000000000e+02
7.440000000000000000e+02
7.860000000000000000e+02
7.320000000000000000e+02
9.920000000000000000e+02
1.074000000000000000e+03
7.040000000000000000e+02
5.240000000000000000e+02
4.560000000000000000e+02
4.960000000000000000e+02
4.900000000000000000e+02
3.840000000000000000e+02
4.540000000000000000e+02
4.700000000000000000e+02
4.580000000000000000e+02
4.780000000000000000e+02
5.160000000000000000e+02
5.120000000000000000e+02
4.820000000000000000e+02
5.660000000000000000e+02
6.080000000000000000e+02
5.940000000000000000e+02
5.680000000000000000e+02
6.220000000000000000e+02
6.620000000000000000e+02
6.580000000000000000e+02
7.640000000000000000e+02
7.800000000000000000e+02
8.160000000000000000e+02
9.560000000000000000e+02
9.800000000000000000e+02
1.066000000000000000e+03
1.120000000000000000e+03
1.300000000000000000e+03
1.238000000000000000e+03
1.316000000000000000e+03
1.382000000000000000e+03
1.508000000000000000e+03
1.602000000000000000e+03
1.914000000000000000e+03
1.960000000000000000e+03
1.600000000000000000e+03
8.840000000000000000e+02
8.560000000000000000e+02
7.100000000000000000e+02
6.660000000000000000e+02
6.880000000000000000e+02
6.240000000000000000e+02
6.300000000000000000e+02
6.620000000000000000e+02
6.540000000000000000e+02
5.040000000000000000e+02
4.640000000000000000e+02
5.240000000000000000e+02
4.560000000000000000e+02
4.840000000000000000e+02
4.700000000000000000e+02
5.520000000000000000e+02
5.180000000000000000e+02
4.340000000000000000e+02
4.560000000000000000e+02
4.380000000000000000e+02
4.460000000000000000e+02
4.460000000000000000e+02
4.420000000000000000e+02
4.380000000000000000e+02
4.640000000000000000e+02
4.440000000000000000e+02
4.520000000000000000e+02
5.600000000000000000e+02
6.200000000000000000e+02
6.940000000000000000e+02
6.660000000000000000e+02
8.380000000000000000e+02
7.240000000000000000e+02
5.820000000000000000e+02
5.760000000000000000e+02
5.100000000000000000e+02
5.080000000000000000e+02
4.720000000000000000e+02
4.240000000000000000e+02
4.700000000000000000e+02
4.640000000000000000e+02
3.820000000000000000e+02
4.560000000000000000e+02
4.380000000000000000e+02
4.300000000000000000e+02
3.800000000000000000e+02
3.860000000000000000e+02
4.480000000000000000e+02
3.760000000000000000e+02
4.240000000000000000e+02
4.380000000000000000e+02
4.160000000000000000e+02
4.200000000000000000e+02
4.320000000000000000e+02
4.280000000000000000e+02
4.700000000000000000e+02
4.780000000000000000e+02
4.360000000000000000e+02
4.760000000000000000e+02
4.380000000000000000e+02
4.540000000000000000e+02
4.400000000000000000e+02
4.520000000000000000e+02
4.340000000000000000e+02
4.920000000000000000e+02
4.160000000000000000e+02
4.500000000000000000e+02
5.100000000000000000e+02
5.280000000000000000e+02
4.980000000000000000e+02
5.380000000000000000e+02
5.100000000000000000e+02
4.340000000000000000e+02
4.220000000000000000e+02
4.220000000000000000e+02
3.940000000000000000e+02
4.520000000000000000e+02
4.200000000000000000e+02
4.680000000000000000e+02
4.240000000000000000e+02
4.660000000000000000e+02
3.960000000000000000e+02
4.620000000000000000e+02
4.340000000000000000e+02
4.160000000000000000e+02
3.940000000000000000e+02
4.400000000000000000e+02
3.580000000000000000e+02
3.860000000000000000e+02
4.040000000000000000e+02
4.040000000000000000e+02
4.580000000000000000e+02
4.720000000000000000e+02
5.040000000000000000e+02
6.180000000000000000e+02
5.820000000000000000e+02
5.800000000000000000e+02
6.100000000000000000e+02
6.820000000000000000e+02
7.180000000000000000e+02
8.960000000000000000e+02
1.018000000000000000e+03
1.174000000000000000e+03
1.412000000000000000e+03
1.856000000000000000e+03
1.740000000000000000e+03
1.098000000000000000e+03
7.660000000000000000e+02
6.730000000000000000e+02
5.800000000000000000e+02
5.880000000000000000e+02
4.960000000000000000e+02
4.640000000000000000e+02
5.620000000000000000e+02
5.800000000000000000e+02
4.760000000000000000e+02
4.960000000000000000e+02
5.380000000000000000e+02
5.820000000000000000e+02
5.280000000000000000e+02
5.580000000000000000e+02
6.080000000000000000e+02
5.560000000000000000e+02
5.500000000000000000e+02
5.380000000000000000e+02
5.260000000000000000e+02
4.640000000000000000e+02
5.040000000000000000e+02
4.500000000000000000e+02
4.560000000000000000e+02
4.320000000000000000e+02
4.410000000000000000e+02
4.420000000000000000e+02
4.780000000000000000e+02
4.740000000000000000e+02
4.600000000000000000e+02
4.660000000000000000e+02
5.020000000000000000e+02
