7.940000000000000000e+02
6.930000000000000000e+02
6.840000000000000000e+02
6.640000000000000000e+02
6.740000000000000000e+02
7.120000000000000000e+02
7.000000000000000000e+02
7.620000000000000000e+02
7.160000000000000000e+02
8.520000000000000000e+02
8.440000000000000000e+02
8.540000000000000000e+02
9.280000000000000000e+02
9.500000000000000000e+02
9.160000000000000000e+02
9.100000000000000000e+02
9.970000000000000000e+02
9.980000000000000000e+02
9.480000000000000000e+02
1.144000000000000000e+03
1.056000000000000000e+03
1.002000000000000000e+03
9.880000000000000000e+02
1.058000000000000000e+03
9.460000000000000000e+02
8.700000000000000000e+02
9.140000000000000000e+02
9.530000000000000000e+02
8.560000000000000000e+02
8.860000000000000000e+02
7.720000000000000000e+02
6.900000000000000000e+02
7.460000000000000000e+02
7.780000000000000000e+02
6.660000000000000000e+02
6.800000000000000000e+02
6.870000000000000000e+02
5.940000000000000000e+02
6.210000000000000000e+02
5.850000000000000000e+02
5.340000000000000000e+02
