1.289499999999999957e+01
1.287599999999999945e+01
1.286500000000000021e+01
1.285200000000000031e+01
1.284500000000000064e+01
1.283799999999999919e+01
1.283099999999999952e+01
1.283000000000000007e+01
1.282199999999999918e+01
1.281799999999999962e+01
1.281300000000000061e+01
1.281300000000000061e+01
1.280799999999999983e+01
1.280799999999999983e+01
1.280599999999999916e+01
1.280100000000000016e+01
1.280199999999999960e+01
1.280400000000000027e+01
1.280400000000000027e+01
1.279700000000000060e+01
1.279700000000000060e+01
1.279800000000000004e+01
1.279499999999999993e+01
1.279499999999999993e+01
1.279599999999999937e+01
1.279100000000000037e+01
1.279299999999999926e+01
1.279199999999999982e+01
1.279100000000000037e+01
1.278899999999999970e+01
1.278899999999999970e+01
1.279199999999999982e+01
1.278899999999999970e+01
1.278700000000000081e+01
1.278700000000000081e+01
1.278500000000000014e+01
1.278700000000000081e+01
1.278400000000000070e+01
1.278800000000000026e+01
1.278500000000000014e+01
1.278700000000000081e+01
1.278700000000000081e+01
1.278299999999999947e+01
1.278299999999999947e+01
1.278400000000000070e+01
1.278299999999999947e+01
1.278500000000000014e+01
1.278400000000000070e+01
1.278100000000000058e+01
1.277699999999999925e+01
1.277699999999999925e+01
1.277899999999999991e+01
1.277999999999999936e+01
1.278400000000000070e+01
1.278100000000000058e+01
1.278299999999999947e+01
1.278100000000000058e+01
1.278100000000000058e+01
1.277899999999999991e+01
1.277999999999999936e+01
1.277699999999999925e+01
1.277999999999999936e+01
1.278100000000000058e+01
1.277699999999999925e+01
1.278100000000000058e+01
1.278100000000000058e+01
1.278400000000000070e+01
1.277699999999999925e+01
1.278100000000000058e+01
1.277899999999999991e+01
1.277899999999999991e+01
1.277899999999999991e+01
1.277699999999999925e+01
1.278100000000000058e+01
1.278100000000000058e+01
1.277599999999999980e+01
1.277699999999999925e+01
1.278100000000000058e+01
1.278400000000000070e+01
1.278299999999999947e+01
1.278400000000000070e+01
1.278400000000000070e+01
1.278100000000000058e+01
1.277699999999999925e+01
1.278299999999999947e+01
1.278299999999999947e+01
1.278100000000000058e+01
1.277999999999999936e+01
1.278100000000000058e+01
1.278100000000000058e+01
1.277899999999999991e+01
1.277899999999999991e+01
1.277899999999999991e+01
1.277999999999999936e+01
1.278100000000000058e+01
1.278100000000000058e+01
1.277999999999999936e+01
1.277999999999999936e+01
1.278100000000000058e+01
1.277999999999999936e+01
1.278100000000000058e+01
1.277699999999999925e+01
1.277699999999999925e+01
1.277599999999999980e+01
1.277699999999999925e+01
1.277899999999999991e+01
1.277699999999999925e+01
1.277500000000000036e+01
1.277699999999999925e+01
1.277999999999999936e+01
1.277999999999999936e+01
1.277999999999999936e+01
1.278100000000000058e+01
1.277899999999999991e+01
1.278100000000000058e+01
1.278200000000000003e+01
1.277899999999999991e+01
1.278100000000000058e+01
1.278100000000000058e+01
1.277899999999999991e+01
1.278100000000000058e+01
1.277999999999999936e+01
1.277899999999999991e+01
1.277999999999999936e+01
1.277999999999999936e+01
1.277899999999999991e+01
1.277899999999999991e+01
1.277699999999999925e+01
1.277299999999999969e+01
1.277599999999999980e+01
1.277500000000000036e+01
1.277999999999999936e+01
1.278899999999999970e+01
1.278100000000000058e+01
1.278500000000000014e+01
1.278400000000000070e+01
1.278100000000000058e+01
1.278500000000000014e+01
1.278500000000000014e+01
1.278200000000000003e+01
1.278100000000000058e+01
1.278500000000000014e+01
1.278200000000000003e+01
1.278500000000000014e+01
1.278500000000000014e+01
1.277899999999999991e+01
1.278500000000000014e+01
1.278500000000000014e+01
1.278100000000000058e+01
1.278400000000000070e+01
1.278500000000000014e+01
1.278100000000000058e+01
1.278200000000000003e+01
1.278100000000000058e+01
1.277999999999999936e+01
1.278100000000000058e+01
1.278100000000000058e+01
1.278299999999999947e+01
1.278100000000000058e+01
1.278500000000000014e+01
1.278400000000000070e+01
1.278100000000000058e+01
1.278100000000000058e+01
1.278299999999999947e+01
1.278299999999999947e+01
1.278299999999999947e+01
1.278100000000000058e+01
1.278100000000000058e+01
1.278100000000000058e+01
1.278299999999999947e+01
1.277999999999999936e+01
1.277699999999999925e+01
1.277999999999999936e+01
1.278100000000000058e+01
1.277999999999999936e+01
1.278299999999999947e+01
1.277599999999999980e+01
1.277999999999999936e+01
1.277999999999999936e+01
1.277999999999999936e+01
1.277999999999999936e+01
1.277999999999999936e+01
1.277999999999999936e+01
1.277899999999999991e+01
1.278100000000000058e+01
1.278100000000000058e+01
1.277899999999999991e+01
1.278100000000000058e+01
1.278299999999999947e+01
1.277999999999999936e+01
1.278299999999999947e+01
1.277999999999999936e+01
1.277999999999999936e+01
1.277999999999999936e+01
1.277699999999999925e+01
1.277999999999999936e+01
1.277899999999999991e+01
1.277999999999999936e+01
1.277599999999999980e+01
1.277899999999999991e+01
1.277999999999999936e+01
1.278299999999999947e+01
1.277999999999999936e+01
1.277899999999999991e+01
1.277999999999999936e+01
1.277899999999999991e+01
1.277999999999999936e+01
1.277999999999999936e+01
1.277899999999999991e+01
1.278299999999999947e+01
1.277999999999999936e+01
1.278700000000000081e+01
1.278299999999999947e+01
1.278400000000000070e+01
1.278400000000000070e+01
1.278400000000000070e+01
1.278299999999999947e+01
1.278400000000000070e+01
1.278299999999999947e+01
1.278400000000000070e+01
1.278800000000000026e+01
1.277999999999999936e+01
1.278700000000000081e+01
1.278400000000000070e+01
1.278800000000000026e+01
1.278400000000000070e+01
1.278800000000000026e+01
1.278700000000000081e+01
1.278599999999999959e+01
1.278400000000000070e+01
1.278299999999999947e+01
1.278400000000000070e+01
1.278700000000000081e+01
1.278599999999999959e+01
1.278400000000000070e+01
1.278700000000000081e+01
1.278800000000000026e+01
1.278700000000000081e+01
1.278400000000000070e+01
1.278599999999999959e+01
1.278800000000000026e+01
