1.410550920888244131e-02
1.671726202852746868e-02
1.251312198194415304e-02
1.599315800726961584e-02
1.306677120083627255e-02
1.633354824844186412e-02
1.800535769180097376e-02
1.611994626684577769e-02
1.514821747268532692e-02
1.381107491856677603e-02
1.512597778642119431e-02
1.464281072650868570e-02
1.573758896600504012e-02
1.440390963261456610e-02
1.629132726401533171e-02
1.477079054319800806e-02
1.448327007808750989e-02
1.791044776119403090e-02
1.453781144633708479e-02
1.343159914526187264e-02
1.648136036625245243e-02
1.374600534080462275e-02
1.829938855408437190e-02
1.306616389704915240e-02
1.730013106159895148e-02
1.528125411671716477e-02
1.563666710589889028e-02
1.897316526856691193e-02
1.619932209358630054e-02
1.843110811418296330e-02
1.905525132451805354e-02
1.758440969861772146e-02
2.011173184357541860e-02
2.111126083636526846e-02
2.078562621102695088e-02
1.836779107725788895e-02
2.035870092098885156e-02
2.043935886797397170e-02
2.250789940700341843e-02
2.234344315950250945e-02
2.266637381945969809e-02
2.316366961292289084e-02
2.111299361397106847e-02
2.364086741123810204e-02
2.326700196807347451e-02
2.163846453455662774e-02
2.534207400237582092e-02
2.662448925794121471e-02
2.447448087664691116e-02
2.590875611975217846e-02
3.001957798564280910e-02
2.931553461588797330e-02
2.807539248698998416e-02
2.988659106070713778e-02
2.829076620825147353e-02
3.194523673702225064e-02
2.839200424553334559e-02
3.242906142812597425e-02
3.256493075527631259e-02
3.774738957577875725e-02
4.464708159490730910e-02
4.787822470020797194e-02
5.350431129781118428e-02
4.703611074546970583e-02
4.291052978676632157e-02
4.306410881219263631e-02
3.956881250270574690e-02
4.486695393363244327e-02
5.366383996520982663e-02
6.111428195109101097e-02
5.599618601828977582e-02
6.858590712507098286e-02
5.658003210830042651e-02
4.645720476706392127e-02
3.909761312562726188e-02
3.347027027027026785e-02
2.931864509693368759e-02
2.608355431900186844e-02
2.751055586993426949e-02
2.224598930481283543e-02
2.120110385912655007e-02
1.954682911863961023e-02
1.882927254500283212e-02
1.781641347850411103e-02
1.722856268310813885e-02
1.725276176224637900e-02
1.808048448676877196e-02
1.898370932850646647e-02
1.732833311780680036e-02
1.822859883999825709e-02
1.611702360618403121e-02
1.603827920783305883e-02
1.520978265566261950e-02
1.618025751072961482e-02
1.560915384276202571e-02
1.518635831127695610e-02
1.521540668608442441e-02
1.682640183876143655e-02
1.405524861878452991e-02
1.449718352910353211e-02
1.621980943939729802e-02
1.505906789562508168e-02
1.456206109172375127e-02
1.527446300715990489e-02
1.616697318335400674e-02
1.529957992482865355e-02
1.746535169657209910e-02
1.848525997634587609e-02
2.316466287928832524e-02
2.919772416530675221e-02
3.180689294584113785e-02
3.473227206946454676e-02
3.136603905465029651e-02
2.046259455205281727e-02
1.743451161574336231e-02
1.633083102857895569e-02
1.464215088147431329e-02
1.506378161870347045e-02
1.509273076103176230e-02
1.407899882675009776e-02
1.717866690039002511e-02
1.692047377326565127e-02
1.836619227923575598e-02
1.713909030982201792e-02
1.471664013081457924e-02
1.604805835657584223e-02
1.487639466199956219e-02
1.674217907227616015e-02
1.627589847358465805e-02
1.405944890431763857e-02
1.912315487992950064e-02
1.754310530162961693e-02
1.959509255646594769e-02
1.715953137929532649e-02
1.618805700262625560e-02
1.727388311631373671e-02
1.814913857349524304e-02
1.941747572815533812e-02
1.790734893377741305e-02
1.683631834385603335e-02
1.941578512036916046e-02
2.058095610264426209e-02
2.040193556824621696e-02
1.881942931823132187e-02
1.903855306996668148e-02
1.806417994702331706e-02
2.106094510991180641e-02
1.842883469763853879e-02
1.756292657479459340e-02
1.735734432631807350e-02
1.863761648510303334e-02
1.820770591534711172e-02
1.822459893048128388e-02
1.761535427895359607e-02
1.715372032362173435e-02
1.608720495802382425e-02
1.991839599877155351e-02
2.158430550093939915e-02
2.001625251272400735e-02
2.042501412367997773e-02
1.826877504416390269e-02
2.038957095136870526e-02
1.825082086051767541e-02
2.334898548227286319e-02
2.265301677194511004e-02
2.365172189733593180e-02
2.332538478213743924e-02
2.406054508071219303e-02
2.761735203439141806e-02
2.654752093003079697e-02
2.327870255466643959e-02
2.535962572690306574e-02
2.823891836385418463e-02
3.027574081221321572e-02
3.132477702849684881e-02
3.446042233449928688e-02
4.445017625311667442e-02
6.194502273016951749e-02
8.364136508209404908e-02
6.737754365096222664e-02
5.019848892303752086e-02
4.047058823529411931e-02
3.627497112546520380e-02
2.875081186403983385e-02
2.524179208049616083e-02
2.752092554450238926e-02
2.378387694428885438e-02
1.824459695639200213e-02
1.998036118345216175e-02
1.712574345130130418e-02
1.923654944394349170e-02
1.913171449595290827e-02
1.836690491661251839e-02
1.599523546177734207e-02
1.775997910590693465e-02
1.575689364096792208e-02
1.625668449197861104e-02
1.600270945345243570e-02
1.728859979459089480e-02
1.913672124176057920e-02
1.952870719958338733e-02
1.790889821343600100e-02
1.777135325879001734e-02
2.141659140756031407e-02
1.998548063372763278e-02
2.164332155168651947e-02
2.046944385705223163e-02
1.997146932952924281e-02
2.213989976029636167e-02
1.970065242420365736e-02
1.978593663383224760e-02
2.089766910613816142e-02
2.525489526897316608e-02
2.902363474349726330e-02
2.532607319235152463e-02
2.046297480496227228e-02
1.727261237730125937e-02
1.831051583096681215e-02
2.321766561514195665e-02
2.370587474677815498e-02
2.003957394855386542e-02
1.861015945522987922e-02
1.953612461809888651e-02
2.232085146722971591e-02
2.365582441381033560e-02
1.974872893819068151e-02
1.819352070371164920e-02
1.746011267363350994e-02
1.721126400545307245e-02
1.573658327988026670e-02
1.633888048411497734e-02
1.607947131371806337e-02
1.606355580776114289e-02
1.465358412956853373e-02
1.483641353286737317e-02
1.587780989774345217e-02
1.520292033497960132e-02
1.535483870967742012e-02
1.347950347651750980e-02
1.574125844049718143e-02
1.422738561266153126e-02
