5.380000000000000000e+02
6.880000000000000000e+02
6.040000000000000000e+02
6.680000000000000000e+02
6.880000000000000000e+02
6.440000000000000000e+02
6.720000000000000000e+02
5.800000000000000000e+02
5.120000000000000000e+02
5.440000000000000000e+02
4.860000000000000000e+02
6.640000000000000000e+02
5.720000000000000000e+02
5.020000000000000000e+02
5.780000000000000000e+02
5.700000000000000000e+02
5.380000000000000000e+02
5.040000000000000000e+02
4.520000000000000000e+02
5.360000000000000000e+02
4.760000000000000000e+02
4.640000000000000000e+02
4.360000000000000000e+02
4.440000000000000000e+02
4.480000000000000000e+02
4.400000000000000000e+02
5.060000000000000000e+02
3.920000000000000000e+02
3.940000000000000000e+02
3.480000000000000000e+02
3.060000000000000000e+02
3.120000000000000000e+02
2.960000000000000000e+02
4.500000000000000000e+02
4.040000000000000000e+02
3.360000000000000000e+02
2.320000000000000000e+02
2.700000000000000000e+02
3.480000000000000000e+02
3.120000000000000000e+02
3.780000000000000000e+02
