2.554000000000000000e+04
2.499700000000000000e+04
2.437500000000000000e+04
2.391500000000000000e+04
2.376700000000000000e+04
2.438900000000000000e+04
2.390700000000000000e+04
2.358100000000000000e+04
2.396300000000000000e+04
2.395500000000000000e+04
2.406300000000000000e+04
2.394700000000000000e+04
2.430500000000000000e+04
2.363300000000000000e+04
2.391900000000000000e+04
2.382800000000000000e+04
2.390000000000000000e+04
2.385900000000000000e+04
2.398900000000000000e+04
2.358500000000000000e+04
2.376700000000000000e+04
2.387100000000000000e+04
2.421500000000000000e+04
2.385000000000000000e+04
2.386700000000000000e+04
2.398300000000000000e+04
2.399400000000000000e+04
2.407700000000000000e+04
2.413900000000000000e+04
2.385100000000000000e+04
2.380700000000000000e+04
2.396900000000000000e+04
2.398500000000000000e+04
2.376900000000000000e+04
2.372500000000000000e+04
2.407700000000000000e+04
2.357300000000000000e+04
2.401700000000000000e+04
2.358300000000000000e+04
2.372100000000000000e+04
2.394100000000000000e+04
2.397300000000000000e+04
2.388700000000000000e+04
2.417900000000000000e+04
2.389100000000000000e+04
2.399900000000000000e+04
2.418900000000000000e+04
2.386700000000000000e+04
2.401700000000000000e+04
2.384500000000000000e+04
2.436300000000000000e+04
2.416300000000000000e+04
2.431100000000000000e+04
2.406900000000000000e+04
2.401300000000000000e+04
2.407500000000000000e+04
2.404100000000000000e+04
2.391100000000000000e+04
2.410000000000000000e+04
2.379100000000000000e+04
2.391100000000000000e+04
2.433900000000000000e+04
2.419100000000000000e+04
2.405300000000000000e+04
2.420900000000000000e+04
2.405500000000000000e+04
2.387500000000000000e+04
2.417100000000000000e+04
2.399100000000000000e+04
2.436200000000000000e+04
2.421700000000000000e+04
2.376700000000000000e+04
2.368700000000000000e+04
2.412300000000000000e+04
2.378300000000000000e+04
2.391700000000000000e+04
2.421100000000000000e+04
2.356500000000000000e+04
2.388300000000000000e+04
2.407500000000000000e+04
2.376500000000000000e+04
2.377700000000000000e+04
2.407500000000000000e+04
2.402300000000000000e+04
2.412500000000000000e+04
2.408000000000000000e+04
2.409500000000000000e+04
2.411900000000000000e+04
2.399300000000000000e+04
2.421700000000000000e+04
2.411700000000000000e+04
2.374300000000000000e+04
2.405300000000000000e+04
2.425700000000000000e+04
2.427100000000000000e+04
2.417500000000000000e+04
2.391900000000000000e+04
2.438700000000000000e+04
2.435100000000000000e+04
2.355500000000000000e+04
2.423900000000000000e+04
2.361300000000000000e+04
2.398500000000000000e+04
2.407300000000000000e+04
2.413900000000000000e+04
2.423700000000000000e+04
2.425700000000000000e+04
2.406700000000000000e+04
2.420700000000000000e+04
2.374900000000000000e+04
2.402900000000000000e+04
2.384300000000000000e+04
2.372700000000000000e+04
2.382900000000000000e+04
2.386300000000000000e+04
2.390700000000000000e+04
2.394900000000000000e+04
2.375900000000000000e+04
2.402900000000000000e+04
2.400500000000000000e+04
2.380300000000000000e+04
2.416500000000000000e+04
2.394300000000000000e+04
2.398500000000000000e+04
2.376100000000000000e+04
2.403700000000000000e+04
2.380700000000000000e+04
2.413700000000000000e+04
2.348300000000000000e+04
2.403700000000000000e+04
2.346100000000000000e+04
2.397700000000000000e+04
2.401300000000000000e+04
2.414500000000000000e+04
2.467900000000000000e+04
2.401700000000000000e+04
2.368100000000000000e+04
2.432700000000000000e+04
2.386900000000000000e+04
2.382500000000000000e+04
2.413700000000000000e+04
2.395100000000000000e+04
2.409900000000000000e+04
2.399700000000000000e+04
2.434900000000000000e+04
2.420500000000000000e+04
2.447500000000000000e+04
2.408300000000000000e+04
2.420300000000000000e+04
2.414700000000000000e+04
2.436700000000000000e+04
2.393100000000000000e+04
2.452500000000000000e+04
2.435900000000000000e+04
2.441700000000000000e+04
2.425700000000000000e+04
2.430900000000000000e+04
2.384500000000000000e+04
2.375300000000000000e+04
2.421900000000000000e+04
2.381300000000000000e+04
2.393700000000000000e+04
2.412300000000000000e+04
2.464900000000000000e+04
2.385700000000000000e+04
2.401900000000000000e+04
2.422900000000000000e+04
2.416900000000000000e+04
2.392400000000000000e+04
2.376900000000000000e+04
2.443900000000000000e+04
2.438900000000000000e+04
2.396100000000000000e+04
2.415100000000000000e+04
2.415500000000000000e+04
2.420500000000000000e+04
2.414700000000000000e+04
2.420000000000000000e+04
2.434300000000000000e+04
2.397100000000000000e+04
2.352300000000000000e+04
2.382900000000000000e+04
2.393900000000000000e+04
2.372200000000000000e+04
2.354700000000000000e+04
2.404900000000000000e+04
2.442300000000000000e+04
2.399900000000000000e+04
2.389700000000000000e+04
2.375500000000000000e+04
2.441900000000000000e+04
2.425500000000000000e+04
2.390300000000000000e+04
2.436900000000000000e+04
2.424100000000000000e+04
2.418700000000000000e+04
2.417600000000000000e+04
2.386900000000000000e+04
2.375900000000000000e+04
2.412500000000000000e+04
2.412800000000000000e+04
2.393300000000000000e+04
2.424000000000000000e+04
2.393500000000000000e+04
2.396700000000000000e+04
2.394300000000000000e+04
2.388700000000000000e+04
2.399100000000000000e+04
2.414300000000000000e+04
2.440700000000000000e+04
2.336300000000000000e+04
2.387700000000000000e+04
2.403900000000000000e+04
2.351500000000000000e+04
2.364900000000000000e+04
2.447500000000000000e+04
2.424900000000000000e+04
2.390900000000000000e+04
2.370700000000000000e+04
2.409700000000000000e+04
2.390200000000000000e+04
2.389500000000000000e+04
2.388500000000000000e+04
2.392700000000000000e+04
2.412700000000000000e+04
2.381300000000000000e+04
2.399900000000000000e+04
2.436200000000000000e+04
2.371100000000000000e+04
2.387600000000000000e+04
2.405300000000000000e+04
2.414500000000000000e+04
2.394700000000000000e+04
2.428300000000000000e+04
2.369500000000000000e+04
2.371700000000000000e+04
2.355100000000000000e+04
2.359900000000000000e+04
2.415100000000000000e+04
2.343300000000000000e+04
2.432700000000000000e+04
