7.090767120000000432e+02
7.090767110000000457e+02
7.090767059999999447e+02
7.090767100000000482e+02
7.090767080000000533e+02
7.090767059999999447e+02
7.090767130000000407e+02
7.090767080000000533e+02
7.090767080000000533e+02
7.090767120000000432e+02
7.090767130000000407e+02
7.090767029999999522e+02
7.090767009999999573e+02
7.090767120000000432e+02
7.090767100000000482e+02
7.090767039999999497e+02
7.090767080000000533e+02
7.090767120000000432e+02
7.090767059999999447e+02
7.090767080000000533e+02
7.090767140000000381e+02
7.090767110000000457e+02
7.090767140000000381e+02
7.090767110000000457e+02
7.090767110000000457e+02
7.090767100000000482e+02
7.090767120000000432e+02
7.090767150000000356e+02
7.090767090000000508e+02
7.090767070000000558e+02
7.090767090000000508e+02
7.090767170000000306e+02
7.090767049999999472e+02
7.090767070000000558e+02
7.090767130000000407e+02
7.090767059999999447e+02
7.090767019999999548e+02
7.090767120000000432e+02
7.090767100000000482e+02
7.090767110000000457e+02
7.090767130000000407e+02
7.090767120000000432e+02
7.090767100000000482e+02
7.090767070000000558e+02
7.090767160000000331e+02
7.090767070000000558e+02
7.090767090000000508e+02
7.090767100000000482e+02
7.090767100000000482e+02
7.090767120000000432e+02
7.090767070000000558e+02
7.090767180000000280e+02
7.090767059999999447e+02
7.090767070000000558e+02
7.090767140000000381e+02
7.090767090000000508e+02
7.090767150000000356e+02
7.090767110000000457e+02
7.090767039999999497e+02
7.090767110000000457e+02
7.090767140000000381e+02
7.090767130000000407e+02
7.090767029999999522e+02
7.090767080000000533e+02
7.090767080000000533e+02
7.090767070000000558e+02
7.090767029999999522e+02
7.090767090000000508e+02
7.090767130000000407e+02
7.090767090000000508e+02
7.090767100000000482e+02
7.090767140000000381e+02
7.090767049999999472e+02
7.090767070000000558e+02
7.090767080000000533e+02
7.090767090000000508e+02
7.090767090000000508e+02
7.090767160000000331e+02
7.090767170000000306e+02
7.090767110000000457e+02
7.090767160000000331e+02
7.090767100000000482e+02
7.090767029999999522e+02
7.090767070000000558e+02
7.090767130000000407e+02
7.090767180000000280e+02
7.090767080000000533e+02
7.090767110000000457e+02
7.090767180000000280e+02
7.090767100000000482e+02
7.090767070000000558e+02
7.090767049999999472e+02
7.090767120000000432e+02
7.090767110000000457e+02
7.090767110000000457e+02
7.090767090000000508e+02
7.090767130000000407e+02
7.090767140000000381e+02
7.090767120000000432e+02
7.090767160000000331e+02
7.090767080000000533e+02
7.090767090000000508e+02
7.090767120000000432e+02
7.090767170000000306e+02
7.090766999999999598e+02
7.090767059999999447e+02
7.090767150000000356e+02
7.090767110000000457e+02
7.090767130000000407e+02
7.090767140000000381e+02
7.090767160000000331e+02
7.090767080000000533e+02
7.090767170000000306e+02
7.090767080000000533e+02
7.090767150000000356e+02
7.090767059999999447e+02
7.090767080000000533e+02
7.090767100000000482e+02
7.090767100000000482e+02
7.090767130000000407e+02
7.090767039999999497e+02
7.090767059999999447e+02
7.090767100000000482e+02
7.090767160000000331e+02
7.090767090000000508e+02
7.090767039999999497e+02
7.090767100000000482e+02
7.090767100000000482e+02
7.090767150000000356e+02
7.090766999999999598e+02
7.090767100000000482e+02
7.090767080000000533e+02
7.090767080000000533e+02
7.090767049999999472e+02
7.090767140000000381e+02
7.090767180000000280e+02
7.090767110000000457e+02
7.090767140000000381e+02
7.090767049999999472e+02
7.090767090000000508e+02
7.090767190000000255e+02
7.090767080000000533e+02
7.090767150000000356e+02
7.090767120000000432e+02
7.090767049999999472e+02
7.090767150000000356e+02
7.090767110000000457e+02
7.090767110000000457e+02
7.090767120000000432e+02
7.090767049999999472e+02
7.090767170000000306e+02
7.090767120000000432e+02
7.090767090000000508e+02
7.090767110000000457e+02
7.090767090000000508e+02
7.090767080000000533e+02
7.090767059999999447e+02
7.090767110000000457e+02
7.090767130000000407e+02
7.090767140000000381e+02
7.090767059999999447e+02
7.090767130000000407e+02
7.090767049999999472e+02
7.090767090000000508e+02
7.090767080000000533e+02
7.090767110000000457e+02
7.090767120000000432e+02
7.090767120000000432e+02
7.090767070000000558e+02
7.090767090000000508e+02
7.090767070000000558e+02
7.090767059999999447e+02
7.090767110000000457e+02
7.090767039999999497e+02
7.090767180000000280e+02
7.090767120000000432e+02
7.090767090000000508e+02
7.090767070000000558e+02
7.090767100000000482e+02
7.090767100000000482e+02
7.090767080000000533e+02
7.090767140000000381e+02
7.090767130000000407e+02
7.090767049999999472e+02
7.090767080000000533e+02
7.090767080000000533e+02
7.090767090000000508e+02
7.090767059999999447e+02
7.090767110000000457e+02
7.090767120000000432e+02
7.090767019999999548e+02
7.090767100000000482e+02
7.090767150000000356e+02
7.090767070000000558e+02
7.090767070000000558e+02
7.090767090000000508e+02
7.090767009999999573e+02
7.090767100000000482e+02
7.090767160000000331e+02
7.090767070000000558e+02
7.090767080000000533e+02
7.090767150000000356e+02
7.090767059999999447e+02
7.090767019999999548e+02
7.090767080000000533e+02
7.090767130000000407e+02
7.090767090000000508e+02
7.090767100000000482e+02
7.090767100000000482e+02
7.090767080000000533e+02
7.090767059999999447e+02
7.090767049999999472e+02
7.090767100000000482e+02
7.090767120000000432e+02
7.090767110000000457e+02
7.090767120000000432e+02
7.090767110000000457e+02
7.090767130000000407e+02
7.090767049999999472e+02
7.090767110000000457e+02
7.090767120000000432e+02
7.090767090000000508e+02
7.090767140000000381e+02
7.090767100000000482e+02
7.090767029999999522e+02
7.090767110000000457e+02
7.090767100000000482e+02
7.090767059999999447e+02
7.090767039999999497e+02
7.090767130000000407e+02
7.090767080000000533e+02
7.090767070000000558e+02
7.090767090000000508e+02
7.090767100000000482e+02
7.090767130000000407e+02
7.090767049999999472e+02
7.090767120000000432e+02
7.090767059999999447e+02
7.090767170000000306e+02
7.090767140000000381e+02
7.090767059999999447e+02
