6.912324428558349609e+00
6.873417377471923828e+00
6.907518625259399414e+00
6.927836656570434570e+00
6.913272857666015625e+00
6.838584661483764648e+00
6.834708929061889648e+00
6.934479475021362305e+00
6.881108999252319336e+00
6.903630733489990234e+00
6.898766994476318359e+00
6.912170410156250000e+00
6.858285188674926758e+00
6.902811288833618164e+00
6.893192052841186523e+00
6.872103452682495117e+00
6.901457071304321289e+00
6.910780906677246094e+00
6.858134031295776367e+00
6.854264736175537109e+00
6.878578186035156250e+00
6.919265270233154297e+00
6.951479673385620117e+00
6.894263982772827148e+00
6.890661239624023438e+00
6.822858572006225586e+00
6.948394298553466797e+00
6.849442720413208008e+00
6.866106986999511719e+00
6.894991159439086914e+00
6.946556329727172852e+00
6.844229221343994141e+00
6.888836860656738281e+00
6.898134469985961914e+00
6.935981750488281250e+00
6.855053424835205078e+00
6.840788602828979492e+00
6.947494506835937500e+00
6.840931177139282227e+00
6.912231922149658203e+00
6.912143468856811523e+00
