6.914380788803100586e+00
6.889834880828857422e+00
6.938832759857177734e+00
6.892008304595947266e+00
6.851862668991088867e+00
6.893737077713012695e+00
6.920149087905883789e+00
6.970654249191284180e+00
6.861119508743286133e+00
6.895021677017211914e+00
6.912054061889648438e+00
6.945552110671997070e+00
6.878580331802368164e+00
6.874475717544555664e+00
6.938822746276855469e+00
6.959225416183471680e+00
6.856851577758789062e+00
6.873321771621704102e+00
6.940499544143676758e+00
6.944423198699951172e+00
6.945006847381591797e+00
6.903532266616821289e+00
6.927802801132202148e+00
6.890132665634155273e+00
6.893019199371337891e+00
6.873649358749389648e+00
6.945641756057739258e+00
6.893293380737304688e+00
6.893707990646362305e+00
6.912886381149291992e+00
6.927629947662353516e+00
6.860785722732543945e+00
6.863603830337524414e+00
6.845857620239257812e+00
6.975618839263916016e+00
6.861677646636962891e+00
6.903318166732788086e+00
6.933265924453735352e+00
6.860747575759887695e+00
6.884077072143554688e+00
6.903232336044311523e+00
