3.056000000000000000e+03
3.108000000000000000e+03
2.922000000000000000e+03
3.060000000000000000e+03
3.060000000000000000e+03
2.953000000000000000e+03
3.020000000000000000e+03
3.082000000000000000e+03
3.006000000000000000e+03
2.918000000000000000e+03
2.916000000000000000e+03
2.984000000000000000e+03
2.990000000000000000e+03
2.962000000000000000e+03
2.834000000000000000e+03
2.948000000000000000e+03
2.800000000000000000e+03
3.014000000000000000e+03
2.876000000000000000e+03
2.890000000000000000e+03
2.660000000000000000e+03
2.848000000000000000e+03
2.888000000000000000e+03
2.918000000000000000e+03
2.804000000000000000e+03
2.962000000000000000e+03
2.948000000000000000e+03
2.856000000000000000e+03
2.866000000000000000e+03
2.882000000000000000e+03
2.904000000000000000e+03
2.816000000000000000e+03
2.904000000000000000e+03
2.982000000000000000e+03
2.894000000000000000e+03
3.010000000000000000e+03
2.898000000000000000e+03
2.798000000000000000e+03
2.862000000000000000e+03
2.810000000000000000e+03
2.758000000000000000e+03
2.860000000000000000e+03
2.842000000000000000e+03
2.764000000000000000e+03
2.869000000000000000e+03
2.828000000000000000e+03
2.818000000000000000e+03
2.728000000000000000e+03
2.738000000000000000e+03
2.744000000000000000e+03
2.720000000000000000e+03
2.802000000000000000e+03
2.686000000000000000e+03
2.748000000000000000e+03
2.742000000000000000e+03
2.786000000000000000e+03
2.760000000000000000e+03
2.700000000000000000e+03
2.628000000000000000e+03
2.782000000000000000e+03
2.726000000000000000e+03
2.526000000000000000e+03
2.448000000000000000e+03
2.438000000000000000e+03
2.532000000000000000e+03
2.588000000000000000e+03
2.542000000000000000e+03
2.572000000000000000e+03
2.480000000000000000e+03
2.802000000000000000e+03
2.706000000000000000e+03
2.814000000000000000e+03
2.702000000000000000e+03
2.684000000000000000e+03
2.788000000000000000e+03
2.656000000000000000e+03
2.760000000000000000e+03
2.868000000000000000e+03
2.630000000000000000e+03
2.714000000000000000e+03
2.570000000000000000e+03
2.702000000000000000e+03
2.730000000000000000e+03
2.615000000000000000e+03
2.710000000000000000e+03
2.676000000000000000e+03
2.657000000000000000e+03
2.584000000000000000e+03
2.544000000000000000e+03
2.528000000000000000e+03
2.610000000000000000e+03
2.468000000000000000e+03
2.476000000000000000e+03
2.368000000000000000e+03
2.554000000000000000e+03
2.216000000000000000e+03
2.315000000000000000e+03
2.264000000000000000e+03
2.306000000000000000e+03
2.392000000000000000e+03
2.222000000000000000e+03
2.154000000000000000e+03
2.236000000000000000e+03
2.040000000000000000e+03
1.940000000000000000e+03
1.926000000000000000e+03
2.150000000000000000e+03
2.350000000000000000e+03
2.322000000000000000e+03
2.242000000000000000e+03
2.284000000000000000e+03
2.342000000000000000e+03
2.426000000000000000e+03
2.392000000000000000e+03
2.444000000000000000e+03
2.644000000000000000e+03
2.452000000000000000e+03
2.626000000000000000e+03
2.646000000000000000e+03
2.591000000000000000e+03
2.588000000000000000e+03
2.634000000000000000e+03
2.666000000000000000e+03
2.750000000000000000e+03
2.756000000000000000e+03
2.642000000000000000e+03
2.586000000000000000e+03
2.664000000000000000e+03
2.722000000000000000e+03
2.740000000000000000e+03
2.682000000000000000e+03
2.670000000000000000e+03
2.652000000000000000e+03
2.774000000000000000e+03
2.582000000000000000e+03
2.544000000000000000e+03
2.502000000000000000e+03
2.532000000000000000e+03
2.304000000000000000e+03
2.440000000000000000e+03
2.536000000000000000e+03
2.436000000000000000e+03
2.466000000000000000e+03
2.784000000000000000e+03
2.673000000000000000e+03
2.676000000000000000e+03
2.814000000000000000e+03
2.684000000000000000e+03
2.764000000000000000e+03
2.786000000000000000e+03
2.806000000000000000e+03
2.813000000000000000e+03
2.886000000000000000e+03
2.766000000000000000e+03
2.858000000000000000e+03
2.628000000000000000e+03
2.758000000000000000e+03
2.868000000000000000e+03
2.680000000000000000e+03
2.686000000000000000e+03
2.650000000000000000e+03
2.698000000000000000e+03
2.736000000000000000e+03
2.776000000000000000e+03
2.634000000000000000e+03
2.528000000000000000e+03
2.753000000000000000e+03
2.650000000000000000e+03
2.596000000000000000e+03
2.753000000000000000e+03
2.750000000000000000e+03
2.746000000000000000e+03
2.748000000000000000e+03
2.634000000000000000e+03
2.716000000000000000e+03
2.724000000000000000e+03
2.392000000000000000e+03
2.599000000000000000e+03
2.762000000000000000e+03
2.675000000000000000e+03
2.740000000000000000e+03
2.548000000000000000e+03
2.734000000000000000e+03
2.758000000000000000e+03
2.770000000000000000e+03
2.678000000000000000e+03
2.772000000000000000e+03
2.644000000000000000e+03
2.792000000000000000e+03
2.801000000000000000e+03
2.714000000000000000e+03
2.899000000000000000e+03
2.726000000000000000e+03
2.654000000000000000e+03
2.726000000000000000e+03
2.725000000000000000e+03
2.746000000000000000e+03
2.738000000000000000e+03
2.726000000000000000e+03
2.705000000000000000e+03
2.638000000000000000e+03
2.650000000000000000e+03
2.680000000000000000e+03
2.656000000000000000e+03
2.512000000000000000e+03
2.600000000000000000e+03
2.624000000000000000e+03
2.538000000000000000e+03
2.382000000000000000e+03
2.308000000000000000e+03
2.272000000000000000e+03
2.260000000000000000e+03
2.102000000000000000e+03
1.920000000000000000e+03
1.608000000000000000e+03
2.016000000000000000e+03
2.296000000000000000e+03
2.576000000000000000e+03
2.734000000000000000e+03
2.522000000000000000e+03
2.660000000000000000e+03
2.586000000000000000e+03
2.700000000000000000e+03
2.750000000000000000e+03
2.794000000000000000e+03
2.680000000000000000e+03
2.541000000000000000e+03
2.660000000000000000e+03
2.626000000000000000e+03
2.586000000000000000e+03
2.748000000000000000e+03
2.544000000000000000e+03
2.684000000000000000e+03
2.702000000000000000e+03
2.666000000000000000e+03
2.638000000000000000e+03
2.720000000000000000e+03
2.854000000000000000e+03
2.608000000000000000e+03
2.642000000000000000e+03
2.618000000000000000e+03
