5.620000000000000000e+02
5.400000000000000000e+02
5.360000000000000000e+02
5.740000000000000000e+02
5.100000000000000000e+02
4.800000000000000000e+02
5.020000000000000000e+02
4.540000000000000000e+02
4.500000000000000000e+02
4.040000000000000000e+02
5.340000000000000000e+02
4.580000000000000000e+02
5.260000000000000000e+02
4.620000000000000000e+02
5.300000000000000000e+02
5.320000000000000000e+02
4.820000000000000000e+02
5.520000000000000000e+02
5.200000000000000000e+02
5.020000000000000000e+02
5.540000000000000000e+02
5.690000000000000000e+02
6.060000000000000000e+02
6.040000000000000000e+02
6.540000000000000000e+02
6.400000000000000000e+02
6.120000000000000000e+02
6.560000000000000000e+02
6.380000000000000000e+02
6.840000000000000000e+02
7.400000000000000000e+02
7.340000000000000000e+02
8.840000000000000000e+02
7.580000000000000000e+02
9.380000000000000000e+02
9.660000000000000000e+02
9.560000000000000000e+02
1.078000000000000000e+03
1.094000000000000000e+03
1.160000000000000000e+03
1.212000000000000000e+03
1.198000000000000000e+03
1.554000000000000000e+03
1.738000000000000000e+03
1.710000000000000000e+03
1.736000000000000000e+03
2.006000000000000000e+03
1.972000000000000000e+03
1.938000000000000000e+03
1.938000000000000000e+03
1.828000000000000000e+03
1.590000000000000000e+03
1.296000000000000000e+03
1.002000000000000000e+03
9.280000000000000000e+02
7.520000000000000000e+02
8.580000000000000000e+02
1.092000000000000000e+03
7.420000000000000000e+02
6.900000000000000000e+02
7.840000000000000000e+02
1.430000000000000000e+03
1.744000000000000000e+03
1.326000000000000000e+03
9.940000000000000000e+02
9.020000000000000000e+02
7.260000000000000000e+02
6.240000000000000000e+02
5.740000000000000000e+02
6.380000000000000000e+02
5.160000000000000000e+02
5.380000000000000000e+02
4.940000000000000000e+02
5.620000000000000000e+02
5.340000000000000000e+02
5.320000000000000000e+02
5.380000000000000000e+02
5.760000000000000000e+02
5.180000000000000000e+02
5.820000000000000000e+02
6.120000000000000000e+02
5.100000000000000000e+02
5.080000000000000000e+02
5.220000000000000000e+02
5.320000000000000000e+02
4.990000000000000000e+02
5.120000000000000000e+02
4.660000000000000000e+02
4.640000000000000000e+02
4.720000000000000000e+02
5.080000000000000000e+02
4.640000000000000000e+02
4.240000000000000000e+02
4.180000000000000000e+02
4.220000000000000000e+02
7.480000000000000000e+02
1.106000000000000000e+03
1.390000000000000000e+03
1.252000000000000000e+03
6.720000000000000000e+02
5.520000000000000000e+02
4.880000000000000000e+02
4.600000000000000000e+02
4.760000000000000000e+02
5.100000000000000000e+02
4.620000000000000000e+02
4.440000000000000000e+02
5.140000000000000000e+02
5.360000000000000000e+02
5.020000000000000000e+02
5.340000000000000000e+02
5.180000000000000000e+02
4.620000000000000000e+02
4.920000000000000000e+02
5.780000000000000000e+02
5.500000000000000000e+02
5.800000000000000000e+02
5.560000000000000000e+02
6.280000000000000000e+02
6.540000000000000000e+02
6.920000000000000000e+02
6.980000000000000000e+02
7.240000000000000000e+02
7.180000000000000000e+02
6.760000000000000000e+02
6.960000000000000000e+02
6.200000000000000000e+02
5.900000000000000000e+02
6.600000000000000000e+02
7.180000000000000000e+02
7.100000000000000000e+02
6.280000000000000000e+02
6.480000000000000000e+02
6.630000000000000000e+02
6.280000000000000000e+02
6.180000000000000000e+02
6.240000000000000000e+02
5.500000000000000000e+02
6.080000000000000000e+02
6.420000000000000000e+02
5.320000000000000000e+02
5.560000000000000000e+02
5.400000000000000000e+02
5.770000000000000000e+02
5.280000000000000000e+02
4.970000000000000000e+02
5.100000000000000000e+02
5.860000000000000000e+02
5.700000000000000000e+02
5.620000000000000000e+02
6.820000000000000000e+02
7.240000000000000000e+02
9.640000000000000000e+02
1.148000000000000000e+03
1.632000000000000000e+03
1.434000000000000000e+03
8.840000000000000000e+02
5.800000000000000000e+02
5.820000000000000000e+02
4.860000000000000000e+02
5.480000000000000000e+02
5.010000000000000000e+02
6.980000000000000000e+02
7.260000000000000000e+02
7.240000000000000000e+02
7.020000000000000000e+02
6.380000000000000000e+02
6.140000000000000000e+02
6.550000000000000000e+02
6.340000000000000000e+02
5.500000000000000000e+02
5.440000000000000000e+02
5.680000000000000000e+02
5.540000000000000000e+02
5.160000000000000000e+02
4.960000000000000000e+02
5.240000000000000000e+02
5.180000000000000000e+02
4.860000000000000000e+02
4.320000000000000000e+02
4.630000000000000000e+02
5.020000000000000000e+02
4.940000000000000000e+02
5.020000000000000000e+02
5.260000000000000000e+02
5.380000000000000000e+02
4.960000000000000000e+02
5.630000000000000000e+02
5.140000000000000000e+02
5.660000000000000000e+02
4.340000000000000000e+02
5.360000000000000000e+02
5.200000000000000000e+02
5.320000000000000000e+02
5.460000000000000000e+02
5.080000000000000000e+02
4.900000000000000000e+02
4.880000000000000000e+02
5.080000000000000000e+02
7.080000000000000000e+02
6.320000000000000000e+02
6.080000000000000000e+02
4.720000000000000000e+02
5.280000000000000000e+02
5.040000000000000000e+02
5.040000000000000000e+02
4.780000000000000000e+02
4.300000000000000000e+02
5.060000000000000000e+02
5.140000000000000000e+02
5.040000000000000000e+02
5.280000000000000000e+02
4.800000000000000000e+02
4.700000000000000000e+02
5.440000000000000000e+02
5.580000000000000000e+02
4.880000000000000000e+02
5.120000000000000000e+02
5.000000000000000000e+02
4.560000000000000000e+02
5.300000000000000000e+02
4.900000000000000000e+02
4.980000000000000000e+02
4.560000000000000000e+02
4.900000000000000000e+02
3.860000000000000000e+02
4.620000000000000000e+02
4.940000000000000000e+02
4.080000000000000000e+02
5.100000000000000000e+02
5.620000000000000000e+02
6.140000000000000000e+02
6.300000000000000000e+02
6.000000000000000000e+02
6.860000000000000000e+02
5.960000000000000000e+02
5.240000000000000000e+02
5.280000000000000000e+02
4.460000000000000000e+02
4.320000000000000000e+02
5.280000000000000000e+02
