1.183000000000000007e+01
1.183000000000000007e+01
1.182799999999999940e+01
1.182499999999999929e+01
1.182399999999999984e+01
1.182900000000000063e+01
1.182499999999999929e+01
1.182600000000000051e+01
1.182199999999999918e+01
1.182799999999999940e+01
1.182199999999999918e+01
1.182199999999999918e+01
1.182499999999999929e+01
1.182499999999999929e+01
1.182399999999999984e+01
1.182499999999999929e+01
1.182399999999999984e+01
1.182499999999999929e+01
1.182499999999999929e+01
1.182499999999999929e+01
1.182399999999999984e+01
1.182399999999999984e+01
1.182399999999999984e+01
1.182399999999999984e+01
1.182000000000000028e+01
1.182199999999999918e+01
1.182099999999999973e+01
1.182000000000000028e+01
1.180799999999999983e+01
1.181199999999999939e+01
1.181300000000000061e+01
1.181199999999999939e+01
1.181400000000000006e+01
1.180799999999999983e+01
1.181199999999999939e+01
1.181400000000000006e+01
1.181300000000000061e+01
1.181499999999999950e+01
1.181000000000000050e+01
1.181499999999999950e+01
1.181000000000000050e+01
1.181000000000000050e+01
1.181499999999999950e+01
1.181000000000000050e+01
1.181300000000000061e+01
1.181400000000000006e+01
1.181700000000000017e+01
1.181400000000000006e+01
1.181400000000000006e+01
1.181400000000000006e+01
1.181700000000000017e+01
1.181400000000000006e+01
1.181199999999999939e+01
1.181400000000000006e+01
1.181700000000000017e+01
1.181400000000000006e+01
1.181700000000000017e+01
1.181400000000000006e+01
1.181700000000000017e+01
1.181900000000000084e+01
1.181700000000000017e+01
1.181000000000000050e+01
1.181199999999999939e+01
1.181799999999999962e+01
1.181499999999999950e+01
1.181400000000000006e+01
1.181199999999999939e+01
1.181499999999999950e+01
1.181300000000000061e+01
1.181300000000000061e+01
1.181499999999999950e+01
1.181700000000000017e+01
1.181400000000000006e+01
1.181700000000000017e+01
1.181499999999999950e+01
1.181400000000000006e+01
1.181700000000000017e+01
1.181700000000000017e+01
1.181400000000000006e+01
1.181700000000000017e+01
1.180899999999999928e+01
1.180599999999999916e+01
1.181300000000000061e+01
1.181000000000000050e+01
1.181000000000000050e+01
1.180899999999999928e+01
1.181099999999999994e+01
1.181000000000000050e+01
1.180899999999999928e+01
1.181000000000000050e+01
1.181099999999999994e+01
1.181000000000000050e+01
1.181300000000000061e+01
1.181300000000000061e+01
1.180700000000000038e+01
1.181400000000000006e+01
1.181300000000000061e+01
1.180899999999999928e+01
1.181099999999999994e+01
1.181300000000000061e+01
1.181300000000000061e+01
1.181499999999999950e+01
1.181400000000000006e+01
1.181099999999999994e+01
1.181400000000000006e+01
1.181000000000000050e+01
1.181300000000000061e+01
1.180899999999999928e+01
1.181000000000000050e+01
1.180899999999999928e+01
1.180700000000000038e+01
1.181099999999999994e+01
1.181099999999999994e+01
1.181099999999999994e+01
1.181300000000000061e+01
1.181300000000000061e+01
1.180899999999999928e+01
1.181300000000000061e+01
1.181000000000000050e+01
1.181000000000000050e+01
1.181099999999999994e+01
1.180899999999999928e+01
1.181300000000000061e+01
1.180899999999999928e+01
1.180899999999999928e+01
1.180899999999999928e+01
1.180899999999999928e+01
1.181499999999999950e+01
1.181300000000000061e+01
1.180599999999999916e+01
1.180899999999999928e+01
1.181000000000000050e+01
1.177899999999999991e+01
1.179100000000000037e+01
1.179499999999999993e+01
1.179499999999999993e+01
1.179499999999999993e+01
1.179499999999999993e+01
1.179700000000000060e+01
1.179299999999999926e+01
1.179700000000000060e+01
1.179700000000000060e+01
1.179899999999999949e+01
1.179499999999999993e+01
1.179700000000000060e+01
1.179299999999999926e+01
1.179700000000000060e+01
1.179299999999999926e+01
1.179599999999999937e+01
1.179499999999999993e+01
1.179700000000000060e+01
1.180000000000000071e+01
1.179599999999999937e+01
1.179700000000000060e+01
1.179599999999999937e+01
1.179499999999999993e+01
1.179700000000000060e+01
1.179599999999999937e+01
1.179599999999999937e+01
1.180000000000000071e+01
1.180100000000000016e+01
1.179700000000000060e+01
1.179700000000000060e+01
1.180000000000000071e+01
1.180199999999999960e+01
1.180000000000000071e+01
1.180000000000000071e+01
1.179700000000000060e+01
1.180199999999999960e+01
1.179700000000000060e+01
1.180100000000000016e+01
1.179899999999999949e+01
1.179700000000000060e+01
1.180000000000000071e+01
1.180100000000000016e+01
1.179899999999999949e+01
1.179700000000000060e+01
1.180100000000000016e+01
1.179700000000000060e+01
1.180199999999999960e+01
1.180000000000000071e+01
1.180199999999999960e+01
1.180199999999999960e+01
1.180000000000000071e+01
1.180599999999999916e+01
1.180799999999999983e+01
1.180799999999999983e+01
1.180799999999999983e+01
1.180700000000000038e+01
1.180799999999999983e+01
1.181099999999999994e+01
1.180400000000000027e+01
1.180400000000000027e+01
1.180899999999999928e+01
1.181099999999999994e+01
1.180799999999999983e+01
1.180799999999999983e+01
1.181199999999999939e+01
1.180899999999999928e+01
1.181199999999999939e+01
1.180899999999999928e+01
1.181199999999999939e+01
1.181199999999999939e+01
1.180700000000000038e+01
1.180700000000000038e+01
1.180799999999999983e+01
1.181199999999999939e+01
1.180899999999999928e+01
1.181199999999999939e+01
1.181099999999999994e+01
1.181099999999999994e+01
1.181300000000000061e+01
1.181199999999999939e+01
1.181099999999999994e+01
1.181199999999999939e+01
1.180899999999999928e+01
1.181499999999999950e+01
1.181199999999999939e+01
1.181099999999999994e+01
1.181099999999999994e+01
1.181499999999999950e+01
1.181099999999999994e+01
1.181600000000000072e+01
1.181099999999999994e+01
1.181300000000000061e+01
1.181199999999999939e+01
1.181499999999999950e+01
1.181499999999999950e+01
1.181199999999999939e+01
1.181300000000000061e+01
1.181199999999999939e+01
1.181199999999999939e+01
1.181600000000000072e+01
1.181099999999999994e+01
1.181499999999999950e+01
1.181300000000000061e+01
1.181199999999999939e+01
1.180899999999999928e+01
1.181099999999999994e+01
1.180799999999999983e+01
1.180799999999999983e+01
