7.079646017699114946e-02
7.838745800671892416e-02
1.032258064516129031e-01
8.071748878923766524e-02
8.733624454148471161e-02
6.818181818181817677e-02
1.038961038961039030e-01
7.973421926910298496e-02
9.550561797752808724e-02
1.199040767386091166e-01
9.764918625678119246e-02
1.047904191616766401e-01
8.706786171574903976e-02
8.253358925143954028e-02
6.671501087744742542e-02
8.503767491926803035e-02
7.234539089848307514e-02
8.383233532934131205e-02
8.988764044943819975e-02
8.268156424581005193e-02
9.198113207547169157e-02
8.902821316614420444e-02
8.333333333333332871e-02
5.228758169934640682e-02
8.553971486761710596e-02
6.153846153846154188e-02
7.938257993384785494e-02
7.522388059701493046e-02
1.239436619718309873e-01
1.804511278195488622e-01
9.506398537477148136e-02
1.112656467315716324e-01
6.799531066822978032e-02
7.641509433962263842e-02
2.843601895734597026e-02
9.160305343511450371e-02
1.030927835051546337e-01
8.779149519890259989e-02
7.751937984496123923e-02
8.226495726495726413e-02
3.883495145631067624e-02
2.150537634408602322e-02
8.864265927977839354e-02
8.669656203288490792e-02
7.239057239057239412e-02
7.405063291139241111e-02
8.111954459203035706e-02
7.912687585266030277e-02
1.092896174863387942e-01
9.517144856543037490e-02
9.348093480934809019e-02
1.158432708688245383e-01
1.327967806841046372e-01
8.352315869400152304e-02
4.938271604938271331e-02
4.651162790697674354e-02
1.209677419354838745e-01
9.861932938856016184e-02
1.016597510373443980e-01
0.000000000000000000e+00
3.738317757009345516e-02
