2.000000000000000000e+02
3.600000000000000000e+02
3.520000000000000000e+02
3.800000000000000000e+02
4.020000000000000000e+02
3.940000000000000000e+02
4.160000000000000000e+02
4.550000000000000000e+02
4.580000000000000000e+02
5.420000000000000000e+02
4.740000000000000000e+02
5.120000000000000000e+02
4.900000000000000000e+02
5.280000000000000000e+02
5.540000000000000000e+02
6.420000000000000000e+02
6.040000000000000000e+02
5.920000000000000000e+02
6.800000000000000000e+02
7.140000000000000000e+02
6.520000000000000000e+02
7.580000000000000000e+02
7.140000000000000000e+02
7.560000000000000000e+02
6.040000000000000000e+02
6.060000000000000000e+02
6.320000000000000000e+02
5.640000000000000000e+02
4.940000000000000000e+02
5.140000000000000000e+02
5.840000000000000000e+02
4.920000000000000000e+02
4.880000000000000000e+02
4.880000000000000000e+02
4.320000000000000000e+02
4.100000000000000000e+02
4.440000000000000000e+02
4.080000000000000000e+02
3.720000000000000000e+02
3.680000000000000000e+02
3.520000000000000000e+02
