1.139600000000000080e+01
1.139199999999999946e+01
1.138799999999999990e+01
1.138199999999999967e+01
1.136999999999999922e+01
1.137100000000000044e+01
1.136599999999999966e+01
1.136500000000000021e+01
1.135800000000000054e+01
1.135599999999999987e+01
1.135500000000000043e+01
1.135599999999999987e+01
1.135299999999999976e+01
1.135100000000000087e+01
1.135100000000000087e+01
1.134699999999999953e+01
1.134699999999999953e+01
1.134399999999999942e+01
1.134099999999999930e+01
1.134500000000000064e+01
1.133999999999999986e+01
1.134299999999999997e+01
1.133900000000000041e+01
1.133900000000000041e+01
1.134099999999999930e+01
1.133999999999999986e+01
1.133999999999999986e+01
1.133500000000000085e+01
1.133600000000000030e+01
1.133500000000000085e+01
1.133799999999999919e+01
1.133500000000000085e+01
1.133200000000000074e+01
1.133399999999999963e+01
1.133500000000000085e+01
1.133399999999999963e+01
1.133399999999999963e+01
1.133000000000000007e+01
1.133600000000000030e+01
1.133200000000000074e+01
1.132799999999999940e+01
1.133000000000000007e+01
1.133099999999999952e+01
1.133000000000000007e+01
1.133000000000000007e+01
1.132699999999999996e+01
1.133000000000000007e+01
1.133000000000000007e+01
1.132799999999999940e+01
1.133500000000000085e+01
1.133099999999999952e+01
1.133099999999999952e+01
1.133200000000000074e+01
1.133000000000000007e+01
1.133500000000000085e+01
1.133200000000000074e+01
1.133300000000000018e+01
1.133300000000000018e+01
1.133000000000000007e+01
1.133500000000000085e+01
1.133399999999999963e+01
1.132900000000000063e+01
1.132600000000000051e+01
1.132799999999999940e+01
1.133300000000000018e+01
1.133000000000000007e+01
1.132600000000000051e+01
1.133200000000000074e+01
1.132799999999999940e+01
1.133300000000000018e+01
1.132799999999999940e+01
1.132900000000000063e+01
1.132900000000000063e+01
1.132499999999999929e+01
1.132499999999999929e+01
1.133000000000000007e+01
1.132499999999999929e+01
1.133200000000000074e+01
1.132799999999999940e+01
1.133000000000000007e+01
1.133200000000000074e+01
1.132799999999999940e+01
1.133200000000000074e+01
1.133300000000000018e+01
1.133000000000000007e+01
1.132900000000000063e+01
1.133300000000000018e+01
1.132900000000000063e+01
1.133000000000000007e+01
1.133200000000000074e+01
1.132799999999999940e+01
1.133200000000000074e+01
1.133300000000000018e+01
1.132799999999999940e+01
1.132900000000000063e+01
1.133000000000000007e+01
1.133000000000000007e+01
1.133200000000000074e+01
1.133000000000000007e+01
1.133000000000000007e+01
1.133200000000000074e+01
1.132600000000000051e+01
1.132799999999999940e+01
1.132799999999999940e+01
1.133600000000000030e+01
1.133200000000000074e+01
1.133500000000000085e+01
1.133200000000000074e+01
1.133500000000000085e+01
1.133200000000000074e+01
1.133500000000000085e+01
1.133399999999999963e+01
1.133200000000000074e+01
1.133099999999999952e+01
1.133500000000000085e+01
1.133099999999999952e+01
1.133399999999999963e+01
1.133099999999999952e+01
1.133600000000000030e+01
1.133600000000000030e+01
1.133200000000000074e+01
1.133500000000000085e+01
1.133099999999999952e+01
1.133099999999999952e+01
1.133200000000000074e+01
1.133200000000000074e+01
1.133699999999999974e+01
1.133500000000000085e+01
1.133399999999999963e+01
1.133399999999999963e+01
1.133699999999999974e+01
1.133200000000000074e+01
1.133600000000000030e+01
1.133099999999999952e+01
1.133600000000000030e+01
1.133500000000000085e+01
1.133200000000000074e+01
1.133600000000000030e+01
1.133600000000000030e+01
1.133500000000000085e+01
1.133399999999999963e+01
1.133399999999999963e+01
1.133600000000000030e+01
1.133399999999999963e+01
1.133200000000000074e+01
1.133500000000000085e+01
1.133600000000000030e+01
1.133500000000000085e+01
1.133399999999999963e+01
1.133399999999999963e+01
1.133699999999999974e+01
1.133500000000000085e+01
1.133600000000000030e+01
1.133399999999999963e+01
1.133399999999999963e+01
1.133500000000000085e+01
1.131700000000000017e+01
1.132300000000000040e+01
1.132300000000000040e+01
1.132499999999999929e+01
1.132499999999999929e+01
1.132099999999999973e+01
1.132399999999999984e+01
1.132499999999999929e+01
1.132099999999999973e+01
1.132399999999999984e+01
1.132300000000000040e+01
1.132300000000000040e+01
1.132000000000000028e+01
1.132799999999999940e+01
1.132600000000000051e+01
1.132799999999999940e+01
1.132799999999999940e+01
1.132399999999999984e+01
1.132499999999999929e+01
1.132099999999999973e+01
1.132399999999999984e+01
1.132300000000000040e+01
1.132099999999999973e+01
1.132300000000000040e+01
1.132300000000000040e+01
1.132399999999999984e+01
1.132600000000000051e+01
1.132499999999999929e+01
1.132399999999999984e+01
1.132600000000000051e+01
1.132099999999999973e+01
1.132399999999999984e+01
1.132000000000000028e+01
1.132499999999999929e+01
1.132099999999999973e+01
1.132300000000000040e+01
1.132399999999999984e+01
1.132300000000000040e+01
1.132399999999999984e+01
1.132300000000000040e+01
1.132300000000000040e+01
1.132099999999999973e+01
1.132499999999999929e+01
1.132000000000000028e+01
1.132300000000000040e+01
1.131700000000000017e+01
1.132300000000000040e+01
1.131700000000000017e+01
1.132300000000000040e+01
1.131900000000000084e+01
1.131700000000000017e+01
1.132000000000000028e+01
1.130100000000000016e+01
1.131300000000000061e+01
1.131099999999999994e+01
1.131700000000000017e+01
1.131700000000000017e+01
1.131700000000000017e+01
1.131600000000000072e+01
1.131600000000000072e+01
1.131499999999999950e+01
1.131099999999999994e+01
1.131300000000000061e+01
1.131300000000000061e+01
1.131700000000000017e+01
1.131300000000000061e+01
1.131799999999999962e+01
1.131499999999999950e+01
1.131499999999999950e+01
1.131199999999999939e+01
1.131600000000000072e+01
1.131700000000000017e+01
1.131700000000000017e+01
1.131799999999999962e+01
1.132000000000000028e+01
1.131700000000000017e+01
1.131600000000000072e+01
1.131799999999999962e+01
1.131799999999999962e+01
1.131600000000000072e+01
1.131300000000000061e+01
1.131799999999999962e+01
1.131700000000000017e+01
1.131799999999999962e+01
1.131499999999999950e+01
