1.262299999999999933e+01
1.260999999999999943e+01
1.259900000000000020e+01
1.258999999999999986e+01
1.258799999999999919e+01
1.258300000000000018e+01
1.257600000000000051e+01
1.257099999999999973e+01
1.256900000000000084e+01
1.256199999999999939e+01
1.256000000000000050e+01
1.255899999999999928e+01
1.255799999999999983e+01
1.255199999999999960e+01
1.255199999999999960e+01
1.255000000000000071e+01
1.254700000000000060e+01
1.254499999999999993e+01
1.254299999999999926e+01
1.254299999999999926e+01
1.254100000000000037e+01
1.253899999999999970e+01
1.253700000000000081e+01
1.253700000000000081e+01
1.253200000000000003e+01
1.253400000000000070e+01
1.253400000000000070e+01
1.253200000000000003e+01
1.253200000000000003e+01
1.253200000000000003e+01
1.252999999999999936e+01
1.253299999999999947e+01
1.253299999999999947e+01
1.252899999999999991e+01
1.252999999999999936e+01
1.253299999999999947e+01
1.252899999999999991e+01
1.252899999999999991e+01
1.252899999999999991e+01
1.252599999999999980e+01
1.252999999999999936e+01
1.252800000000000047e+01
1.252800000000000047e+01
1.252599999999999980e+01
1.252599999999999980e+01
1.252500000000000036e+01
1.252500000000000036e+01
1.252599999999999980e+01
1.253400000000000070e+01
1.253500000000000014e+01
1.253899999999999970e+01
1.253500000000000014e+01
1.253299999999999947e+01
1.253299999999999947e+01
1.253400000000000070e+01
1.253299999999999947e+01
1.253299999999999947e+01
1.253100000000000058e+01
1.253299999999999947e+01
1.253100000000000058e+01
1.252999999999999936e+01
1.252800000000000047e+01
1.252899999999999991e+01
1.253400000000000070e+01
1.252599999999999980e+01
1.252599999999999980e+01
1.252899999999999991e+01
1.252999999999999936e+01
1.253100000000000058e+01
1.253500000000000014e+01
1.252899999999999991e+01
1.252899999999999991e+01
1.252899999999999991e+01
1.252800000000000047e+01
1.252999999999999936e+01
1.252800000000000047e+01
1.252500000000000036e+01
1.252800000000000047e+01
1.252899999999999991e+01
1.252899999999999991e+01
1.252500000000000036e+01
1.252599999999999980e+01
1.252599999999999980e+01
1.252500000000000036e+01
1.252999999999999936e+01
1.252200000000000024e+01
1.252399999999999913e+01
1.252899999999999991e+01
1.252800000000000047e+01
1.252899999999999991e+01
1.252500000000000036e+01
1.252599999999999980e+01
1.252899999999999991e+01
1.252599999999999980e+01
1.252899999999999991e+01
1.252999999999999936e+01
1.252599999999999980e+01
1.252500000000000036e+01
1.252500000000000036e+01
1.252500000000000036e+01
1.252399999999999913e+01
1.252800000000000047e+01
1.252500000000000036e+01
1.252399999999999913e+01
1.252399999999999913e+01
1.252399999999999913e+01
1.252699999999999925e+01
1.252999999999999936e+01
1.252800000000000047e+01
1.252899999999999991e+01
1.252800000000000047e+01
1.252999999999999936e+01
1.252999999999999936e+01
1.252800000000000047e+01
1.252999999999999936e+01
1.252899999999999991e+01
1.252999999999999936e+01
1.253200000000000003e+01
1.252800000000000047e+01
1.252999999999999936e+01
1.252899999999999991e+01
1.252800000000000047e+01
1.252500000000000036e+01
1.252899999999999991e+01
1.252800000000000047e+01
1.252699999999999925e+01
1.252699999999999925e+01
1.252500000000000036e+01
1.252899999999999991e+01
1.253200000000000003e+01
1.252699999999999925e+01
1.252800000000000047e+01
1.252800000000000047e+01
1.252399999999999913e+01
1.252500000000000036e+01
1.252800000000000047e+01
1.252500000000000036e+01
1.252500000000000036e+01
1.252800000000000047e+01
1.252800000000000047e+01
1.253200000000000003e+01
1.252899999999999991e+01
1.252500000000000036e+01
1.252500000000000036e+01
1.252800000000000047e+01
1.252999999999999936e+01
1.253200000000000003e+01
1.253200000000000003e+01
1.252899999999999991e+01
1.252800000000000047e+01
1.252800000000000047e+01
1.252899999999999991e+01
1.251299999999999990e+01
1.251200000000000045e+01
1.250999999999999979e+01
1.251200000000000045e+01
1.251299999999999990e+01
1.250999999999999979e+01
1.251299999999999990e+01
1.251299999999999990e+01
1.251399999999999935e+01
1.250900000000000034e+01
1.251299999999999990e+01
1.251299999999999990e+01
1.251399999999999935e+01
1.251200000000000045e+01
1.251299999999999990e+01
1.251600000000000001e+01
1.251299999999999990e+01
1.251200000000000045e+01
1.251399999999999935e+01
1.251699999999999946e+01
1.251399999999999935e+01
1.251299999999999990e+01
1.251399999999999935e+01
1.251699999999999946e+01
1.251299999999999990e+01
1.251299999999999990e+01
1.251399999999999935e+01
1.251399999999999935e+01
1.251299999999999990e+01
1.251200000000000045e+01
1.251399999999999935e+01
1.251299999999999990e+01
1.251299999999999990e+01
1.251299999999999990e+01
1.251399999999999935e+01
1.251200000000000045e+01
1.250999999999999979e+01
1.251200000000000045e+01
1.251200000000000045e+01
1.251399999999999935e+01
1.251399999999999935e+01
1.251600000000000001e+01
1.251200000000000045e+01
1.250999999999999979e+01
1.251299999999999990e+01
1.251200000000000045e+01
1.251200000000000045e+01
1.251200000000000045e+01
1.250799999999999912e+01
1.251200000000000045e+01
1.251399999999999935e+01
1.251900000000000013e+01
1.252500000000000036e+01
1.252500000000000036e+01
1.252200000000000024e+01
1.252200000000000024e+01
1.252299999999999969e+01
1.252200000000000024e+01
1.252200000000000024e+01
1.252200000000000024e+01
1.252500000000000036e+01
1.252500000000000036e+01
1.252500000000000036e+01
1.252500000000000036e+01
1.252599999999999980e+01
1.252200000000000024e+01
1.252599999999999980e+01
1.252699999999999925e+01
1.252699999999999925e+01
1.252500000000000036e+01
1.252699999999999925e+01
1.252800000000000047e+01
1.252699999999999925e+01
1.252500000000000036e+01
1.252800000000000047e+01
1.252699999999999925e+01
1.252500000000000036e+01
1.252999999999999936e+01
1.252699999999999925e+01
1.252599999999999980e+01
1.252800000000000047e+01
1.252699999999999925e+01
1.252800000000000047e+01
1.252699999999999925e+01
1.252999999999999936e+01
1.252999999999999936e+01
1.252699999999999925e+01
1.252999999999999936e+01
1.252999999999999936e+01
