1.181300000000000061e+01
1.181400000000000006e+01
1.181799999999999962e+01
1.181799999999999962e+01
1.182199999999999918e+01
1.182199999999999918e+01
1.181799999999999962e+01
1.182199999999999918e+01
1.182199999999999918e+01
1.182199999999999918e+01
1.182000000000000028e+01
1.182099999999999973e+01
1.182000000000000028e+01
1.182199999999999918e+01
1.182099999999999973e+01
1.182399999999999984e+01
1.182399999999999984e+01
1.182600000000000051e+01
1.182199999999999918e+01
1.182499999999999929e+01
1.182199999999999918e+01
1.182600000000000051e+01
1.182499999999999929e+01
1.182199999999999918e+01
1.182399999999999984e+01
1.182399999999999984e+01
1.182600000000000051e+01
1.182399999999999984e+01
1.182399999999999984e+01
1.182799999999999940e+01
1.182499999999999929e+01
1.182199999999999918e+01
1.182499999999999929e+01
1.182399999999999984e+01
1.182499999999999929e+01
1.182399999999999984e+01
1.182199999999999918e+01
1.182499999999999929e+01
1.182199999999999918e+01
1.182600000000000051e+01
1.182600000000000051e+01
