4.580152671755725186e-02
9.166666666666666019e-02
1.098901098901098883e-01
1.652892561983471120e-02
6.504065040650407192e-02
8.571428571428571508e-02
8.917197452229298771e-02
3.296703296703296787e-02
5.429864253393665297e-02
6.130268199233716159e-02
2.915451895043731645e-02
3.856749311294765947e-02
2.385008517887564003e-02
3.262233375156838033e-02
2.487046632124352216e-02
2.816901408450704289e-02
1.824968892575694682e-02
2.004748087575837501e-02
2.304645300684191739e-02
2.852049910873440119e-02
3.093721565059144585e-02
3.106332138590203046e-02
5.761316872427983682e-02
2.232854864433811773e-02
5.925925925925926152e-02
2.832861189801699764e-02
4.669260700389105123e-02
7.782101167315175205e-03
4.336043360433604332e-02
2.547770700636942803e-02
1.280487804878048808e-01
5.369127516778523374e-02
6.802721088435374763e-02
4.724409448818897572e-02
5.825242718446602130e-02
2.105263157894736795e-02
7.766990291262135249e-02
1.234567901234567833e-01
2.891566265060240837e-01
1.333333333333333315e-01
9.411764705882352811e-02
1.355932203389830504e-01
1.728395061728394966e-01
8.450704225352112520e-02
6.944444444444444753e-02
9.722222222222222376e-02
1.449275362318840632e-01
3.453689167974881985e-02
2.264150943396226259e-02
0.000000000000000000e+00
8.450704225352112520e-02
1.311475409836065642e-01
9.722222222222222376e-02
5.405405405405405705e-02
3.777148253068932787e-02
1.666666666666666574e-01
1.403508771929824483e-01
6.557377049180328210e-02
6.016847172081828815e-02
3.300330033003300023e-02
1.690140845070422504e-01
