2.481300000000000000e+04
2.404700000000000000e+04
2.381500000000000000e+04
2.338500000000000000e+04
2.295900000000000000e+04
2.326500000000000000e+04
2.277100000000000000e+04
2.307700000000000000e+04
2.297300000000000000e+04
2.302500000000000000e+04
2.313900000000000000e+04
2.308300000000000000e+04
2.262100000000000000e+04
2.332700000000000000e+04
2.295700000000000000e+04
2.288300000000000000e+04
2.292300000000000000e+04
2.311500000000000000e+04
2.283700000000000000e+04
2.293100000000000000e+04
2.293500000000000000e+04
2.284300000000000000e+04
2.273300000000000000e+04
2.280700000000000000e+04
2.289000000000000000e+04
2.277300000000000000e+04
2.276700000000000000e+04
2.276900000000000000e+04
2.271700000000000000e+04
2.224500000000000000e+04
2.246100000000000000e+04
2.206500000000000000e+04
2.237500000000000000e+04
2.226300000000000000e+04
2.270800000000000000e+04
2.297500000000000000e+04
2.269300000000000000e+04
2.289700000000000000e+04
2.310300000000000000e+04
2.291500000000000000e+04
2.276500000000000000e+04
2.296700000000000000e+04
2.301900000000000000e+04
2.301100000000000000e+04
2.286500000000000000e+04
2.310700000000000000e+04
2.272900000000000000e+04
2.276100000000000000e+04
2.345300000000000000e+04
2.308100000000000000e+04
2.298500000000000000e+04
2.292300000000000000e+04
2.286700000000000000e+04
2.248500000000000000e+04
2.290500000000000000e+04
2.278900000000000000e+04
2.261200000000000000e+04
2.244900000000000000e+04
2.260100000000000000e+04
2.288900000000000000e+04
2.324900000000000000e+04
2.259900000000000000e+04
2.261500000000000000e+04
2.279100000000000000e+04
2.274500000000000000e+04
2.257100000000000000e+04
2.309900000000000000e+04
2.251100000000000000e+04
2.299500000000000000e+04
2.277700000000000000e+04
2.307300000000000000e+04
2.289100000000000000e+04
2.304700000000000000e+04
2.307500000000000000e+04
2.291700000000000000e+04
2.312500000000000000e+04
2.305700000000000000e+04
2.300300000000000000e+04
2.297300000000000000e+04
2.337500000000000000e+04
2.282900000000000000e+04
2.281700000000000000e+04
2.294300000000000000e+04
2.323700000000000000e+04
2.286900000000000000e+04
2.272100000000000000e+04
2.278700000000000000e+04
2.265100000000000000e+04
2.319900000000000000e+04
2.293100000000000000e+04
2.283300000000000000e+04
2.257100000000000000e+04
2.314300000000000000e+04
2.330000000000000000e+04
2.267900000000000000e+04
2.304700000000000000e+04
2.300300000000000000e+04
2.305900000000000000e+04
2.262500000000000000e+04
2.290100000000000000e+04
2.256500000000000000e+04
2.310900000000000000e+04
2.321100000000000000e+04
2.304500000000000000e+04
2.338100000000000000e+04
2.261500000000000000e+04
2.301700000000000000e+04
2.282900000000000000e+04
2.270700000000000000e+04
2.267300000000000000e+04
2.295100000000000000e+04
2.280300000000000000e+04
2.289100000000000000e+04
2.287100000000000000e+04
2.294300000000000000e+04
2.277900000000000000e+04
2.376700000000000000e+04
2.296900000000000000e+04
2.345500000000000000e+04
2.301300000000000000e+04
2.281900000000000000e+04
2.304900000000000000e+04
2.297700000000000000e+04
2.275500000000000000e+04
2.323900000000000000e+04
2.330500000000000000e+04
2.285500000000000000e+04
2.317500000000000000e+04
2.273300000000000000e+04
2.304500000000000000e+04
2.269500000000000000e+04
2.325700000000000000e+04
2.306700000000000000e+04
2.296100000000000000e+04
2.322700000000000000e+04
2.280900000000000000e+04
2.281100000000000000e+04
2.317500000000000000e+04
2.311900000000000000e+04
2.328300000000000000e+04
2.297100000000000000e+04
2.303100000000000000e+04
2.293900000000000000e+04
2.295500000000000000e+04
2.311100000000000000e+04
2.302900000000000000e+04
2.279100000000000000e+04
2.333300000000000000e+04
2.300300000000000000e+04
2.304500000000000000e+04
2.285700000000000000e+04
2.317700000000000000e+04
2.337500000000000000e+04
2.282100000000000000e+04
2.261900000000000000e+04
2.275100000000000000e+04
2.279300000000000000e+04
2.288700000000000000e+04
2.338100000000000000e+04
2.301100000000000000e+04
2.320900000000000000e+04
2.305100000000000000e+04
2.345100000000000000e+04
2.321300000000000000e+04
2.295500000000000000e+04
2.308500000000000000e+04
2.306500000000000000e+04
2.285900000000000000e+04
2.302900000000000000e+04
2.305300000000000000e+04
2.336900000000000000e+04
2.287100000000000000e+04
2.337200000000000000e+04
2.331900000000000000e+04
2.298500000000000000e+04
2.315700000000000000e+04
2.326200000000000000e+04
2.353700000000000000e+04
2.326600000000000000e+04
2.353900000000000000e+04
2.342700000000000000e+04
2.337500000000000000e+04
2.337700000000000000e+04
2.309500000000000000e+04
2.305700000000000000e+04
2.281900000000000000e+04
2.320900000000000000e+04
2.345900000000000000e+04
2.342300000000000000e+04
2.370700000000000000e+04
2.328900000000000000e+04
2.310300000000000000e+04
2.308500000000000000e+04
2.350700000000000000e+04
2.297300000000000000e+04
2.310100000000000000e+04
2.337500000000000000e+04
2.362100000000000000e+04
2.336800000000000000e+04
2.351500000000000000e+04
2.304300000000000000e+04
2.311700000000000000e+04
2.352100000000000000e+04
2.325300000000000000e+04
2.341700000000000000e+04
2.291700000000000000e+04
2.364500000000000000e+04
2.313300000000000000e+04
2.294500000000000000e+04
2.345100000000000000e+04
2.345100000000000000e+04
2.363900000000000000e+04
2.344100000000000000e+04
2.356700000000000000e+04
2.369100000000000000e+04
2.345700000000000000e+04
2.373700000000000000e+04
2.359300000000000000e+04
2.377500000000000000e+04
2.320100000000000000e+04
2.375300000000000000e+04
2.364300000000000000e+04
2.323900000000000000e+04
2.320700000000000000e+04
2.401100000000000000e+04
2.379900000000000000e+04
2.330500000000000000e+04
2.325300000000000000e+04
2.347300000000000000e+04
2.338500000000000000e+04
2.313500000000000000e+04
2.375700000000000000e+04
2.290900000000000000e+04
2.333900000000000000e+04
2.332100000000000000e+04
2.317700000000000000e+04
2.328500000000000000e+04
2.325000000000000000e+04
2.344300000000000000e+04
2.325100000000000000e+04
2.375700000000000000e+04
