7.090749939999999469e+02
7.090750510000000304e+02
7.090751390000000356e+02
7.090752519999999777e+02
7.090753590000000486e+02
7.090754689999999982e+02
7.090755699999999706e+02
7.090756659999999556e+02
7.090757539999999608e+02
7.090758479999999508e+02
7.090759470000000420e+02
7.090760609999999815e+02
7.090761559999999690e+02
7.090762670000000298e+02
7.090763699999999972e+02
7.090764619999999923e+02
7.090765599999999722e+02
7.090766700000000355e+02
7.090767560000000458e+02
7.090768799999999601e+02
7.090769729999999527e+02
7.090770700000000488e+02
7.090771680000000288e+02
7.090772520000000441e+02
7.090773450000000366e+02
7.090774509999999964e+02
7.090775609999999460e+02
7.090776550000000498e+02
7.090778030000000172e+02
7.090778649999999743e+02
7.090779519999999820e+02
7.090780539999999519e+02
7.090781670000000076e+02
7.090782729999999674e+02
7.090783770000000459e+02
7.090784810000000107e+02
7.090785680000000184e+02
7.090786440000000539e+02
7.090787410000000364e+02
7.090788459999999986e+02
7.090789600000000519e+02
7.090790729999999940e+02
7.090791789999999537e+02
7.090792579999999816e+02
7.090793569999999590e+02
7.090794560000000502e+02
7.090795859999999493e+02
7.091384799999999586e+02
7.091092919999999822e+02
7.090777930000000424e+02
7.090799620000000232e+02
7.090801430000000209e+02
7.090802260000000388e+02
7.091384180000000015e+02
7.091092250000000377e+02
7.090794140000000425e+02
7.090806119999999737e+02
7.090807829999999967e+02
7.091385940000000119e+02
7.090797089999999798e+02
7.090805960000000141e+02
