6.675000000000000000e+03
8.479000000000000000e+03
8.891000000000000000e+03
9.605000000000000000e+03
9.245000000000000000e+03
8.615000000000000000e+03
9.303000000000000000e+03
7.983000000000000000e+03
7.123000000000000000e+03
7.407000000000000000e+03
7.277000000000000000e+03
7.877000000000000000e+03
7.607000000000000000e+03
7.531000000000000000e+03
7.145000000000000000e+03
7.203000000000000000e+03
7.333000000000000000e+03
6.683000000000000000e+03
6.275000000000000000e+03
6.541000000000000000e+03
5.885000000000000000e+03
6.009000000000000000e+03
5.573000000000000000e+03
5.237000000000000000e+03
5.131000000000000000e+03
5.459000000000000000e+03
6.109000000000000000e+03
4.957000000000000000e+03
4.853000000000000000e+03
4.051000000000000000e+03
3.407000000000000000e+03
3.245000000000000000e+03
3.229000000000000000e+03
5.039000000000000000e+03
4.991000000000000000e+03
4.014000000000000000e+03
2.207000000000000000e+03
2.669000000000000000e+03
4.313000000000000000e+03
3.413000000000000000e+03
3.725000000000000000e+03
