2.720808844683736752e-02
2.518336371730190218e-02
2.841077241787511032e-02
2.630132352319336855e-02
2.478378727249257868e-02
2.411706647212805144e-02
2.471474703982777174e-02
2.524882588650954537e-02
2.314150245769715925e-02
2.103997595431319340e-02
2.491907950161841023e-02
2.361202545534342792e-02
4.868154158215010074e-02
2.237155140030886238e-02
2.566413458649843479e-02
2.462002261022484470e-02
2.198542728383102302e-02
2.472282400917548070e-02
2.295863114576564973e-02
2.676087436520203228e-02
2.794098446272359412e-02
2.633060499761812057e-02
2.780485737294960402e-02
2.954338097927618548e-02
2.606352431859345481e-02
2.773218142548596055e-02
2.834096359276215560e-02
2.968427523822069966e-02
2.773671854621337363e-02
2.965017989509731791e-02
3.423692636072572099e-02
3.102118625709458094e-02
3.444316877152697742e-02
3.578718783930510267e-02
3.691142139805311806e-02
3.796421263442030514e-02
4.090372765808678729e-02
4.341938583846590566e-02
4.248309346280561977e-02
4.501911594140641654e-02
5.366726296958854864e-02
5.091962600412624357e-02
5.694691609878901190e-02
6.716062221066770865e-02
6.915994890092946878e-02
7.327337970141319101e-02
7.485869420089902304e-02
7.846360136684112085e-02
8.030323064039843195e-02
8.991526539930631834e-02
8.367268206952720166e-02
8.428652198495194259e-02
8.316244164230550406e-02
6.551378664459642231e-02
5.175649138119135795e-02
4.476398339538665422e-02
3.874736887323338569e-02
3.993433021253937898e-02
5.448222565687789454e-02
3.282581958522413912e-02
3.794203785461380124e-02
5.715754745276147020e-02
6.849840255591053972e-02
6.512505899008966259e-02
4.036211084124530918e-02
3.563122559129404399e-02
3.226507805365916998e-02
2.969492105600958498e-02
2.512060498065974215e-02
2.467362372723816075e-02
2.603592074489210692e-02
2.549439036102501416e-02
2.372925878901974497e-02
2.274678111587982721e-02
2.405068747036765570e-02
2.462392161962977458e-02
2.327254263106673035e-02
2.603701340140395643e-02
2.489303772851030744e-02
2.353554214251595694e-02
2.776682871282792550e-02
2.472465722634299701e-02
2.360297679334184828e-02
2.395992158571117261e-02
2.454969979986657697e-02
2.230976937718560579e-02
2.158814421588144128e-02
1.997799779977997917e-02
2.308580223162754949e-02
2.205850298618074190e-02
2.178463115629404936e-02
2.177199879044451267e-02
2.211011186663741981e-02
2.132732238068403563e-02
2.262578148258410221e-02
1.987011311341447747e-02
2.256772470821310009e-02
2.294838794118930075e-02
2.298644962210992515e-02
3.417738418405945333e-02
4.894073478144274347e-02
5.610430659818253785e-02
5.440956651718983211e-02
3.699330972058244987e-02
2.313976595274895229e-02
2.456435950871280888e-02
2.165811740979438002e-02
2.356858106628115929e-02
2.103307006799847931e-02
2.199713080902490972e-02
2.144818867431012854e-02
2.177347052042863731e-02
2.181071718770046658e-02
2.281664578021693271e-02
2.136478229286843666e-02
2.608507881667026726e-02
2.452327597141770038e-02
2.568603108009760716e-02
2.936477091160340225e-02
2.691163151766075984e-02
2.574994525947011184e-02
2.558962767091738782e-02
2.672201323128810604e-02
2.766146428118259129e-02
2.646470663319576075e-02
3.139187962122194642e-02
2.538578569876114022e-02
2.781938797346458422e-02
2.832982787483366918e-02
2.788128534478979612e-02
2.533188248095756198e-02
2.973008214891120077e-02
2.596716693807490928e-02
2.766441857468104198e-02
2.876835480970931988e-02
2.696025313163712134e-02
2.774045338303498046e-02
2.528412718682160679e-02
2.732930066582531931e-02
3.111592632719393375e-02
2.644362776158492787e-02
2.348892234889223343e-02
2.597626752966558650e-02
2.584666528152919016e-02
2.259982291183539396e-02
2.221749308363481570e-02
2.552234286455854970e-02
2.287177298911884094e-02
2.265549332547269271e-02
2.057348592002057261e-02
2.429285924431555388e-02
2.397422126745435075e-02
2.773141609962767942e-02
2.953568170959475214e-02
3.295135135135135451e-02
4.264537229749819358e-02
5.948019481918882800e-02
6.952982575147327593e-02
6.449116471043467302e-02
2.746273845217920423e-02
2.268231570618488638e-02
2.097384796135938478e-02
2.507316647010002925e-02
3.156909082801979960e-02
4.568106312292358889e-02
3.568468350564935054e-02
2.905632389511801292e-02
2.947736715504045354e-02
2.551521099116781099e-02
2.771121084048625352e-02
2.548095298764173691e-02
2.469458987783595266e-02
2.659505349330792273e-02
2.411128284389489965e-02
2.139634801288936572e-02
2.216654635016348726e-02
2.410160821882179408e-02
2.354069488643794478e-02
1.990388295836345925e-02
2.202699807156631787e-02
2.203527351923816047e-02
2.100320170757737429e-02
2.176063303659742793e-02
2.201677058697054309e-02
2.150817397337496245e-02
2.353461623534616395e-02
2.243906632850449154e-02
2.585418933623503945e-02
2.661911182636684040e-02
2.583957219251336798e-02
3.019538188277087060e-02
3.099361896080218837e-02
3.395021218882617736e-02
3.257733789001819591e-02
3.458707725651329751e-02
3.214882763941875193e-02
2.949371972392506383e-02
2.647613202998290449e-02
2.495075508864083927e-02
2.514076207935053014e-02
2.398317598102823328e-02
2.500328990656665307e-02
2.760482431314494750e-02
3.310517603901042688e-02
3.203599550056242945e-02
2.731384050508216602e-02
2.475404633449698397e-02
2.044432329289900402e-02
2.310303778493011731e-02
2.222724192455387271e-02
2.204242291712223828e-02
2.189027945992015264e-02
2.182761551192020227e-02
2.525852585258525976e-02
2.514326329350095521e-02
2.585795479196494398e-02
2.381055083466333128e-02
2.427291583918090093e-02
2.418758428677078229e-02
2.415308795453536411e-02
2.374635758709172512e-02
2.396851368681731861e-02
2.278837536807067077e-02
2.496411951463489015e-02
2.055670739776787811e-02
2.233439049448340472e-02
2.171985815602836892e-02
2.241844717939332765e-02
1.993660710184206805e-02
1.975395740552934529e-02
2.130114493654033936e-02
2.161919712940121169e-02
2.296273041216307167e-02
2.234037799919574505e-02
2.159657252776077743e-02
2.379573102802905529e-02
2.570854719928587426e-02
2.542559275062684226e-02
2.834751455441110457e-02
2.964310070470561539e-02
2.879736709786533816e-02
