1.478599221789883289e-01
7.207207207207207145e-02
9.920634920634920084e-02
9.242144177449168607e-02
7.678244972577696892e-02
7.969639468690702111e-02
6.378986866791744315e-02
7.045009784735811742e-02
7.238095238095237915e-02
9.109311740890688180e-02
7.900207900207900646e-02
7.594936708860759722e-02
4.536862003780718633e-02
6.810035842293907238e-02
7.843137254901960675e-02
7.072691552062868037e-02
8.775981524249422405e-02
8.365758754863812652e-02
6.746987951807228989e-02
7.280513918629549774e-02
6.117647058823529743e-02
7.427055702917771673e-02
8.977556109725685907e-02
5.097087378640776517e-02
1.021897810218978103e-01
8.542713567839195499e-02
6.896551724137930939e-02
8.695652173913043237e-02
8.775981524249422405e-02
6.208425720620842914e-02
9.068010075566750039e-02
6.575342465753424015e-02
6.649616368286445645e-02
7.427055702917771673e-02
1.134751773049645363e-01
8.775981524249422405e-02
6.913580246913579586e-02
1.041095890410958930e-01
6.504065040650407192e-02
3.038674033149171144e-02
5.479452054794520244e-02
