3.160000000000000000e+02
3.240000000000000000e+02
3.380000000000000000e+02
2.360000000000000000e+02
3.030000000000000000e+02
3.680000000000000000e+02
3.740000000000000000e+02
3.120000000000000000e+02
2.960000000000000000e+02
2.960000000000000000e+02
3.320000000000000000e+02
3.280000000000000000e+02
3.020000000000000000e+02
3.400000000000000000e+02
3.300000000000000000e+02
3.440000000000000000e+02
3.240000000000000000e+02
3.360000000000000000e+02
2.800000000000000000e+02
3.520000000000000000e+02
3.640000000000000000e+02
3.500000000000000000e+02
3.040000000000000000e+02
3.020000000000000000e+02
2.940000000000000000e+02
3.100000000000000000e+02
3.320000000000000000e+02
3.020000000000000000e+02
3.500000000000000000e+02
3.920000000000000000e+02
3.660000000000000000e+02
4.440000000000000000e+02
3.760000000000000000e+02
3.860000000000000000e+02
3.980000000000000000e+02
4.260000000000000000e+02
3.760000000000000000e+02
4.100000000000000000e+02
3.900000000000000000e+02
3.520000000000000000e+02
4.460000000000000000e+02
3.940000000000000000e+02
4.180000000000000000e+02
4.820000000000000000e+02
4.720000000000000000e+02
4.440000000000000000e+02
4.500000000000000000e+02
4.900000000000000000e+02
5.140000000000000000e+02
5.280000000000000000e+02
5.180000000000000000e+02
5.320000000000000000e+02
4.780000000000000000e+02
4.520000000000000000e+02
4.320000000000000000e+02
4.520000000000000000e+02
5.220000000000000000e+02
7.400000000000000000e+02
6.960000000000000000e+02
6.940000000000000000e+02
9.320000000000000000e+02
1.218000000000000000e+03
1.380000000000000000e+03
8.800000000000000000e+02
7.680000000000000000e+02
6.880000000000000000e+02
6.240000000000000000e+02
6.460000000000000000e+02
6.320000000000000000e+02
6.000000000000000000e+02
5.480000000000000000e+02
4.900000000000000000e+02
4.880000000000000000e+02
5.690000000000000000e+02
5.720000000000000000e+02
5.200000000000000000e+02
6.820000000000000000e+02
7.220000000000000000e+02
7.460000000000000000e+02
7.880000000000000000e+02
7.840000000000000000e+02
8.280000000000000000e+02
8.760000000000000000e+02
9.740000000000000000e+02
1.114000000000000000e+03
1.102000000000000000e+03
1.222000000000000000e+03
1.362000000000000000e+03
1.354000000000000000e+03
1.390000000000000000e+03
1.502000000000000000e+03
1.590000000000000000e+03
1.506000000000000000e+03
1.672000000000000000e+03
1.578000000000000000e+03
1.046000000000000000e+03
8.380000000000000000e+02
7.280000000000000000e+02
6.400000000000000000e+02
5.660000000000000000e+02
5.360000000000000000e+02
4.720000000000000000e+02
4.260000000000000000e+02
4.900000000000000000e+02
4.720000000000000000e+02
5.080000000000000000e+02
4.180000000000000000e+02
4.480000000000000000e+02
4.120000000000000000e+02
3.680000000000000000e+02
3.920000000000000000e+02
3.820000000000000000e+02
4.080000000000000000e+02
4.040000000000000000e+02
3.960000000000000000e+02
3.640000000000000000e+02
4.120000000000000000e+02
3.840000000000000000e+02
4.040000000000000000e+02
4.280000000000000000e+02
5.200000000000000000e+02
6.120000000000000000e+02
7.260000000000000000e+02
7.020000000000000000e+02
6.000000000000000000e+02
6.220000000000000000e+02
7.000000000000000000e+02
4.520000000000000000e+02
4.140000000000000000e+02
3.780000000000000000e+02
3.820000000000000000e+02
4.060000000000000000e+02
3.900000000000000000e+02
3.720000000000000000e+02
4.140000000000000000e+02
4.200000000000000000e+02
4.060000000000000000e+02
3.620000000000000000e+02
4.020000000000000000e+02
3.740000000000000000e+02
4.180000000000000000e+02
3.640000000000000000e+02
4.040000000000000000e+02
3.700000000000000000e+02
3.920000000000000000e+02
4.320000000000000000e+02
4.520000000000000000e+02
4.140000000000000000e+02
3.340000000000000000e+02
3.900000000000000000e+02
3.800000000000000000e+02
4.120000000000000000e+02
4.340000000000000000e+02
4.020000000000000000e+02
4.620000000000000000e+02
3.700000000000000000e+02
3.940000000000000000e+02
4.050000000000000000e+02
4.280000000000000000e+02
4.200000000000000000e+02
4.700000000000000000e+02
4.340000000000000000e+02
4.740000000000000000e+02
4.160000000000000000e+02
4.020000000000000000e+02
5.160000000000000000e+02
4.580000000000000000e+02
4.400000000000000000e+02
4.720000000000000000e+02
4.080000000000000000e+02
4.130000000000000000e+02
4.160000000000000000e+02
4.050000000000000000e+02
3.860000000000000000e+02
4.080000000000000000e+02
4.500000000000000000e+02
5.100000000000000000e+02
4.700000000000000000e+02
4.280000000000000000e+02
4.150000000000000000e+02
4.900000000000000000e+02
4.060000000000000000e+02
4.380000000000000000e+02
4.620000000000000000e+02
4.140000000000000000e+02
3.380000000000000000e+02
4.160000000000000000e+02
4.580000000000000000e+02
4.880000000000000000e+02
5.080000000000000000e+02
5.580000000000000000e+02
6.560000000000000000e+02
7.380000000000000000e+02
8.680000000000000000e+02
1.118000000000000000e+03
1.372000000000000000e+03
1.870000000000000000e+03
2.536000000000000000e+03
1.288000000000000000e+03
8.400000000000000000e+02
6.020000000000000000e+02
5.040000000000000000e+02
4.940000000000000000e+02
4.700000000000000000e+02
4.500000000000000000e+02
5.140000000000000000e+02
4.740000000000000000e+02
5.040000000000000000e+02
5.180000000000000000e+02
4.600000000000000000e+02
5.400000000000000000e+02
4.820000000000000000e+02
5.860000000000000000e+02
4.860000000000000000e+02
5.040000000000000000e+02
4.760000000000000000e+02
4.760000000000000000e+02
5.080000000000000000e+02
4.740000000000000000e+02
5.000000000000000000e+02
4.940000000000000000e+02
4.420000000000000000e+02
4.700000000000000000e+02
4.820000000000000000e+02
5.500000000000000000e+02
4.780000000000000000e+02
5.800000000000000000e+02
6.600000000000000000e+02
4.540000000000000000e+02
4.060000000000000000e+02
4.780000000000000000e+02
4.200000000000000000e+02
3.460000000000000000e+02
3.400000000000000000e+02
3.540000000000000000e+02
3.180000000000000000e+02
3.980000000000000000e+02
3.640000000000000000e+02
3.960000000000000000e+02
4.160000000000000000e+02
4.440000000000000000e+02
