1.213782302270947563e-02
1.312157458895067338e-02
1.066666666666666631e-02
1.246079866192766061e-02
1.590440526780830671e-02
1.361269424740661760e-02
1.263228343163090225e-02
1.450320173020652227e-02
1.310353461586612721e-02
1.243999165101231444e-02
1.130366122262394489e-02
1.386394955526788243e-02
1.283686484262497492e-02
1.472517242838403996e-02
1.287679250804799579e-02
1.485647137821050935e-02
1.305439330543933102e-02
1.223856825516576527e-02
1.283921797490516527e-02
1.543353826584693660e-02
1.346404678756258667e-02
1.524862804239453772e-02
1.561015899236010800e-02
1.417190775681341670e-02
1.491599279339674011e-02
1.551098694908893856e-02
1.492039676585813109e-02
1.594883083440628083e-02
1.781349683085463320e-02
1.861557167414364111e-02
1.596169193934557015e-02
2.044307230172305936e-02
1.826141338336460460e-02
1.514577811435062482e-02
2.006322444678609179e-02
1.810856834323212872e-02
1.925932210579900730e-02
1.998584336095265979e-02
1.704617733112835654e-02
2.234307153998566636e-02
1.871266864374921540e-02
2.043966128561298251e-02
2.059697743542512546e-02
2.150626576781504776e-02
2.076095600853878134e-02
2.275094795616483881e-02
2.182810368349249672e-02
2.220639376545020457e-02
2.306699421243285988e-02
2.600125812539316392e-02
2.503796740959651768e-02
2.706617555767082059e-02
2.566739336102998731e-02
2.484523661140886769e-02
2.382043060009161536e-02
2.375908618899272989e-02
2.412545235223160361e-02
2.659863661076491970e-02
2.937759336099585172e-02
3.236518011012567975e-02
4.106896407511187452e-02
4.807099716504375370e-02
4.910917283287172946e-02
4.440194570323868078e-02
3.849807922673385840e-02
3.708168779879442850e-02
3.359162303664921245e-02
3.549708328161847032e-02
3.693051561002042710e-02
4.006239225022575901e-02
5.021266052772845739e-02
4.459965498380107085e-02
4.829653396377760199e-02
5.455374538821871483e-02
5.121305133919185765e-02
4.582514529414224297e-02
4.188178926934038593e-02
3.793761935073201863e-02
3.291043838713729464e-02
3.173416407061267069e-02
2.709867452135493460e-02
2.582327459309416776e-02
2.342679127725856569e-02
2.406027556924613883e-02
2.346113989637305802e-02
1.914451827242524828e-02
1.909109773811994148e-02
1.724781292756747894e-02
1.583795273621473043e-02
1.536110996407482297e-02
1.509308786333291887e-02
1.507812829044349878e-02
1.687939134411508071e-02
1.616028362946778096e-02
1.507972477442215062e-02
1.513960703205791125e-02
1.496718090221163013e-02
1.541805060072989723e-02
1.240195474518500200e-02
1.621736361706644161e-02
1.625479598993357852e-02
1.422944987930377381e-02
1.500938086303939961e-02
1.595148091222531317e-02
1.507933220100252623e-02
1.592606345669843673e-02
1.327451869563425063e-02
1.504134291768812089e-02
1.759821539224191295e-02
2.349572613583729777e-02
2.438719880144825033e-02
2.927483957555676586e-02
3.346398617608631332e-02
2.694196147551302864e-02
1.877383396890583769e-02
1.505835111055339390e-02
1.686918034155914653e-02
1.666736815522538995e-02
1.414956927046485437e-02
1.574671943345136438e-02
1.638448935008192386e-02
1.431822884336850753e-02
1.620515390719625901e-02
1.500938086303939961e-02
1.464584823871049185e-02
1.639139659691309092e-02
1.470155836518670898e-02
1.516344201847785560e-02
1.677809479197717515e-02
1.530973083163456386e-02
1.662333233877498831e-02
1.459732243399924911e-02
1.807354349727231108e-02
1.532408366121350111e-02
1.418209814011913046e-02
1.665486946746054867e-02
1.579325197415649626e-02
1.619599621819377624e-02
1.558506849888977377e-02
1.527806925498425943e-02
1.690350913535236532e-02
1.653375641935618534e-02
1.626623511349018641e-02
1.841896903779639133e-02
1.856339069366298375e-02
1.693864903945465836e-02
1.544433094994892772e-02
1.702445708591122236e-02
1.760112382762467342e-02
1.805607321820516115e-02
1.469200147740797047e-02
1.755045756550081479e-02
1.622833843017329122e-02
1.633893016954719030e-02
1.720113035999508433e-02
1.731458960300119587e-02
1.933440289604673040e-02
2.046550639547074779e-02
1.608217909316717736e-02
1.775465543581485756e-02
1.956914290513584939e-02
1.996908551614655011e-02
1.981511420635907739e-02
1.906771065763316828e-02
1.953305109611434831e-02
1.856863316541071743e-02
2.212225019604606088e-02
2.176341594604658952e-02
2.198628991807390076e-02
2.229795111279397543e-02
2.176848479888702365e-02
2.238714174422895553e-02
2.387212553733149625e-02
2.318744565442424840e-02
2.103084247567791470e-02
2.586242511877711106e-02
2.377106886983890166e-02
2.743801652892562115e-02
3.015240520888961759e-02
3.871344541320762694e-02
5.883603281894315973e-02
8.359561878383482691e-02
7.585947616859517462e-02
4.847820588483264803e-02
4.034484223043274809e-02
3.218429040708553623e-02
2.587724685747041717e-02
2.375098962456768936e-02
2.293174875507385940e-02
2.374237002736265950e-02
1.711781809246898031e-02
1.954236239950525589e-02
1.907710329247374811e-02
1.813779802207722905e-02
1.963615362402541115e-02
1.554554099309546529e-02
1.646260754467240156e-02
1.365788260924211302e-02
1.725661854455153715e-02
1.823834196891191764e-02
1.682692307692307612e-02
1.654619145113441631e-02
1.823432343234323433e-02
1.821600167119281216e-02
1.677306296157216048e-02
1.896170070584304521e-02
1.783396826725834258e-02
1.717310658163477902e-02
1.789338524624114676e-02
1.630679723030278166e-02
1.797714334631682689e-02
1.826025045022406507e-02
1.946836390864844710e-02
2.270890920688922038e-02
2.410249904858556558e-02
2.892747701736465837e-02
2.226895954472349337e-02
1.756660671713580757e-02
1.611338423250516586e-02
1.676557247790181476e-02
2.104426407831980553e-02
2.218037246285833874e-02
1.934268369269415838e-02
1.889079282818573180e-02
1.964603970655282375e-02
1.839331457607189246e-02
1.925080211675486361e-02
2.060586158771857829e-02
1.923158027919531082e-02
1.700452337074886966e-02
1.704569076622458601e-02
1.532408366121350111e-02
1.762224913350315253e-02
1.622534283243421208e-02
1.586832665119223412e-02
1.509465784036766872e-02
1.418198802598615721e-02
1.186490953006483391e-02
1.200778435675541392e-02
1.587504800921776815e-02
1.455173264274263120e-02
