2.281368821292775739e-02
2.127659574468085055e-02
1.418439716312056703e-02
3.112840466926070082e-02
3.858520900321543712e-02
3.484320557491289022e-02
3.759398496240601295e-02
1.238390092879257040e-02
2.822580645161290244e-02
1.515151515151515194e-02
6.472491909385113575e-03
6.405693950177936136e-02
1.929260450160771856e-02
2.105263157894736795e-02
4.334365325077399467e-02
1.812688821752266033e-02
4.892966360856269153e-02
3.389830508474576259e-02
2.909090909090909088e-02
3.154574132492113381e-02
2.312138728323699308e-02
6.097560975609755962e-02
8.045977011494252762e-02
9.463722397476340142e-02
7.202216066481995083e-02
3.421052631578947595e-02
7.291666666666667129e-02
5.063291139240506250e-02
6.185567010309278579e-02
5.251641137855579677e-02
4.914004914004913710e-02
6.911447084233261762e-02
1.202404809619238429e-01
9.330628803245435976e-02
6.349206349206348854e-02
1.127694859038142622e-01
1.123595505617977497e-01
6.085753803596127137e-02
9.475032010243278346e-02
1.352313167259786564e-01
9.815950920245399003e-02
1.133047210300429236e-01
1.216320246343341044e-01
1.174266083697688978e-01
9.844836811128945819e-02
1.119435874834728978e-01
1.185908615277293382e-01
1.023038946791003795e-01
1.001025641025641011e-01
9.645883119704540265e-02
1.025915041410633138e-01
1.058236272878535777e-01
1.106886354034642972e-01
1.037367540435025076e-01
1.292023731048121404e-01
1.139149242970439735e-01
1.295986622073578565e-01
9.090909090909091161e-02
1.134593993325917621e-01
1.147757255936675408e-01
8.095952023988005342e-02
