2.839500000000000000e+04
2.874300000000000000e+04
2.910300000000000000e+04
2.900700000000000000e+04
2.877900000000000000e+04
2.869500000000000000e+04
2.909900000000000000e+04
2.879700000000000000e+04
2.879900000000000000e+04
2.850500000000000000e+04
2.844500000000000000e+04
2.939900000000000000e+04
2.904200000000000000e+04
2.846900000000000000e+04
2.903700000000000000e+04
2.902700000000000000e+04
2.935800000000000000e+04
2.968700000000000000e+04
2.888700000000000000e+04
2.876300000000000000e+04
2.925300000000000000e+04
2.886300000000000000e+04
2.882300000000000000e+04
2.857100000000000000e+04
2.877100000000000000e+04
2.910500000000000000e+04
2.894900000000000000e+04
2.922100000000000000e+04
2.937100000000000000e+04
2.930100000000000000e+04
2.915700000000000000e+04
2.846300000000000000e+04
2.907500000000000000e+04
2.913100000000000000e+04
2.893800000000000000e+04
2.922100000000000000e+04
2.920500000000000000e+04
2.959900000000000000e+04
2.940300000000000000e+04
2.966900000000000000e+04
2.931700000000000000e+04
2.908500000000000000e+04
2.893100000000000000e+04
2.851300000000000000e+04
2.901500000000000000e+04
2.902900000000000000e+04
2.903100000000000000e+04
2.902900000000000000e+04
2.882100000000000000e+04
2.883100000000000000e+04
2.916900000000000000e+04
2.949300000000000000e+04
2.948100000000000000e+04
2.921100000000000000e+04
2.913700000000000000e+04
2.893500000000000000e+04
2.836100000000000000e+04
2.860300000000000000e+04
2.903100000000000000e+04
2.897900000000000000e+04
2.849700000000000000e+04
2.890300000000000000e+04
2.846900000000000000e+04
2.916900000000000000e+04
2.922600000000000000e+04
2.924900000000000000e+04
2.865500000000000000e+04
2.863900000000000000e+04
2.912500000000000000e+04
2.833100000000000000e+04
2.861700000000000000e+04
2.828900000000000000e+04
2.806500000000000000e+04
2.930500000000000000e+04
2.913300000000000000e+04
2.907700000000000000e+04
2.917000000000000000e+04
2.886700000000000000e+04
2.894700000000000000e+04
2.852500000000000000e+04
2.839100000000000000e+04
2.850500000000000000e+04
2.884100000000000000e+04
2.868500000000000000e+04
2.832100000000000000e+04
2.850300000000000000e+04
2.871100000000000000e+04
2.852500000000000000e+04
2.908700000000000000e+04
2.903500000000000000e+04
2.894700000000000000e+04
2.944700000000000000e+04
2.933300000000000000e+04
2.932900000000000000e+04
2.898300000000000000e+04
2.915900000000000000e+04
2.871100000000000000e+04
2.865700000000000000e+04
2.943700000000000000e+04
2.941100000000000000e+04
2.917900000000000000e+04
2.896100000000000000e+04
2.867900000000000000e+04
2.867700000000000000e+04
2.928100000000000000e+04
2.885300000000000000e+04
2.904700000000000000e+04
2.868900000000000000e+04
2.869500000000000000e+04
2.836700000000000000e+04
2.830100000000000000e+04
2.857900000000000000e+04
2.910500000000000000e+04
2.874700000000000000e+04
2.848500000000000000e+04
2.927700000000000000e+04
2.941700000000000000e+04
2.939100000000000000e+04
2.851700000000000000e+04
2.919100000000000000e+04
2.900300000000000000e+04
2.902500000000000000e+04
2.905100000000000000e+04
2.897100000000000000e+04
2.869000000000000000e+04
2.815300000000000000e+04
2.870900000000000000e+04
2.891800000000000000e+04
2.943500000000000000e+04
2.851700000000000000e+04
2.895700000000000000e+04
2.906900000000000000e+04
2.887700000000000000e+04
2.893500000000000000e+04
2.873700000000000000e+04
2.893900000000000000e+04
2.909300000000000000e+04
2.941100000000000000e+04
2.860500000000000000e+04
2.881900000000000000e+04
2.893700000000000000e+04
2.852300000000000000e+04
2.842900000000000000e+04
2.850300000000000000e+04
2.875300000000000000e+04
2.856300000000000000e+04
2.860300000000000000e+04
2.841300000000000000e+04
2.863700000000000000e+04
2.873400000000000000e+04
2.901100000000000000e+04
2.862900000000000000e+04
2.873900000000000000e+04
2.923100000000000000e+04
2.882500000000000000e+04
2.848300000000000000e+04
2.838300000000000000e+04
2.858500000000000000e+04
2.835100000000000000e+04
2.897000000000000000e+04
2.863300000000000000e+04
2.891100000000000000e+04
2.931900000000000000e+04
2.912500000000000000e+04
2.884500000000000000e+04
2.800400000000000000e+04
2.841500000000000000e+04
2.903700000000000000e+04
2.869900000000000000e+04
2.897900000000000000e+04
2.903700000000000000e+04
2.849900000000000000e+04
2.898700000000000000e+04
2.869800000000000000e+04
2.861700000000000000e+04
2.884300000000000000e+04
2.842100000000000000e+04
2.889600000000000000e+04
2.816300000000000000e+04
2.865900000000000000e+04
2.888700000000000000e+04
2.833500000000000000e+04
2.876100000000000000e+04
2.835700000000000000e+04
2.766500000000000000e+04
2.792300000000000000e+04
2.812500000000000000e+04
2.800700000000000000e+04
2.891500000000000000e+04
2.838900000000000000e+04
2.858100000000000000e+04
2.841700000000000000e+04
2.865700000000000000e+04
2.821800000000000000e+04
2.863100000000000000e+04
2.826700000000000000e+04
2.824500000000000000e+04
2.867500000000000000e+04
2.854500000000000000e+04
2.838200000000000000e+04
2.872300000000000000e+04
2.848500000000000000e+04
2.858300000000000000e+04
2.854300000000000000e+04
2.889300000000000000e+04
2.841900000000000000e+04
2.871100000000000000e+04
2.876900000000000000e+04
2.883100000000000000e+04
2.841300000000000000e+04
2.871300000000000000e+04
2.832800000000000000e+04
2.887900000000000000e+04
2.850100000000000000e+04
2.792000000000000000e+04
2.800100000000000000e+04
2.806900000000000000e+04
2.804300000000000000e+04
2.821300000000000000e+04
2.884300000000000000e+04
2.831000000000000000e+04
2.822400000000000000e+04
2.884800000000000000e+04
2.812300000000000000e+04
2.831700000000000000e+04
2.820500000000000000e+04
2.834500000000000000e+04
2.859100000000000000e+04
2.847100000000000000e+04
2.896000000000000000e+04
2.829400000000000000e+04
2.859300000000000000e+04
2.887900000000000000e+04
2.843500000000000000e+04
2.784300000000000000e+04
2.872400000000000000e+04
2.826300000000000000e+04
2.839700000000000000e+04
2.803100000000000000e+04
2.856500000000000000e+04
2.843300000000000000e+04
