4.133467868202219536e-02
4.761404614361236520e-02
4.274364223016341446e-02
4.654278763090159005e-02
4.068439728770684854e-02
4.177085901454583722e-02
4.511121166765289653e-02
4.071455408682583821e-02
4.123433499528365159e-02
4.299969138977471211e-02
4.129616678322842876e-02
4.063811922753988309e-02
4.229218204615541044e-02
4.149154366026697183e-02
4.173538420113762776e-02
4.278906276405178288e-02
4.168328679696849115e-02
4.241403230601525909e-02
4.105095864470970080e-02
4.183900188002050852e-02
4.466687093589350593e-02
4.203812920038403622e-02
4.283249314883107173e-02
4.428192827669495679e-02
4.414215269511987533e-02
4.275262146397383611e-02
4.490889248983101489e-02
4.354492486967188186e-02
4.317286277197190242e-02
4.370383095688026159e-02
4.840204593045209502e-02
4.392626662388134096e-02
4.550456110460369963e-02
4.452438320833474600e-02
4.358419986959058412e-02
4.448293781396154417e-02
4.721811746108113550e-02
4.732104012583247116e-02
4.654619152170241803e-02
4.685359088326705029e-02
4.957957857358212539e-02
4.469164076558154730e-02
5.092087425189299743e-02
4.657671164417791221e-02
4.800215437438987154e-02
5.033972621079760290e-02
5.003516527680096360e-02
5.025159569079058752e-02
5.257673042659764123e-02
5.589416816733619453e-02
5.662974152400133965e-02
6.024541939821818903e-02
5.879407051282051211e-02
5.619238749617334189e-02
5.648008068582954788e-02
5.668649107901444634e-02
6.071726438698915596e-02
6.629083746519051634e-02
7.159094764699894253e-02
7.867174081433334076e-02
7.696172008439666756e-02
7.638446849140674566e-02
6.492274329086472617e-02
6.328386464284506407e-02
6.421034423110189016e-02
5.756234777537648506e-02
6.282144213178696146e-02
5.825778206763418399e-02
5.960196610868594147e-02
6.083860486017490798e-02
6.565312244341423020e-02
6.660130497988438203e-02
7.038892063598777005e-02
7.705101659821458893e-02
8.234383934878401756e-02
9.050855562006898669e-02
1.038436964051518280e-01
1.197491100186472285e-01
1.274580459178420722e-01
1.210450030049139147e-01
1.106821986130564067e-01
1.248615446581411714e-01
7.976487474795802834e-02
6.133759477746421329e-02
5.989326625650089747e-02
5.364294127545010671e-02
5.150390026228838375e-02
5.093878643863582883e-02
5.103592794132558175e-02
4.786301275659320120e-02
4.502723141499288817e-02
4.665116122290760559e-02
4.514998453767652548e-02
4.488448844884488503e-02
4.533763160602215236e-02
4.557082921172016243e-02
4.382866353441475932e-02
4.246446815164888616e-02
4.607677109793959641e-02
4.345533171606370815e-02
4.557520598476230006e-02
6.453585136374444253e-02
5.937958570794799051e-02
5.152161402796114065e-02
4.117309574432182623e-02
4.235341124762760645e-02
4.227750876607112851e-02
4.325019459203357369e-02
4.311434525639711718e-02
4.059530701903756728e-02
4.385154780229177235e-02
4.234249615844289105e-02
4.267824344631825084e-02
3.987927701854929174e-02
3.759878930553220422e-02
4.266056589173367747e-02
4.517008705380554795e-02
4.361801403241973019e-02
4.610548375829549156e-02
4.377508662389790334e-02
4.306602299169937087e-02
4.480945671970035238e-02
4.589147286821705640e-02
4.444595467056305232e-02
4.579060338659671214e-02
4.233276157804459483e-02
4.466227177026887291e-02
4.418563613905064635e-02
4.614898324728690382e-02
4.354450953171028899e-02
4.302272964600229593e-02
4.662407183560697554e-02
4.146795197023507573e-02
4.409697219078970165e-02
4.542169918447403615e-02
4.713503083761155094e-02
4.122250947338598065e-02
4.268354947411416578e-02
4.002287021154945362e-02
4.330987101337015199e-02
4.510439541287601661e-02
4.391395054550429472e-02
4.478073946689595936e-02
4.338664547998203475e-02
4.577030219683345807e-02
4.308872232874324387e-02
4.591784206733243862e-02
4.169991326973113838e-02
4.907147676028832117e-02
4.271790972558235644e-02
4.069319210270505582e-02
4.158701411946204990e-02
4.190579685536727217e-02
4.544362450660717478e-02
4.301148101737392593e-02
4.606276308134561043e-02
4.804596905396518042e-02
5.068564485332407304e-02
4.982895055115933725e-02
4.825551119597291938e-02
5.162841684642314327e-02
5.260400293408781097e-02
4.805594986670359836e-02
4.695549946405726260e-02
5.184398863130500190e-02
4.676676395091247662e-02
4.854749599001960403e-02
4.560350477767428912e-02
4.775622115017526953e-02
4.919648014133795599e-02
4.828220232217644153e-02
5.079034219211394502e-02
4.833180599395852511e-02
4.467319272042251377e-02
4.868673926969890875e-02
5.176776311290432614e-02
5.526944696893197617e-02
5.447184394552815473e-02
6.733192218526358463e-02
8.281926314713200510e-02
1.249704301983711324e-01
1.178840609912819998e-01
7.375074204700213243e-02
6.198975083937091624e-02
5.696541385587321898e-02
5.949818258813565491e-02
5.999930716735372288e-02
5.762654477738276410e-02
5.276990818172509062e-02
4.944510841727847023e-02
5.061333520790130269e-02
5.492496118682076850e-02
5.444938237043776136e-02
4.876838561049087056e-02
4.805515896507295270e-02
4.749447936130456877e-02
4.991087344028520556e-02
5.364138623807131884e-02
5.724738321872565455e-02
6.324391543791081649e-02
5.572593312888024508e-02
6.975643499472093667e-02
6.509351511973431037e-02
5.228802843375141007e-02
5.585115632063988866e-02
5.413868689328833056e-02
4.729300958551818646e-02
4.481621272399605865e-02
4.942305728581639773e-02
4.287465624068122205e-02
4.235758793285437224e-02
4.861922730156609945e-02
4.920770148236496694e-02
5.112607224633471115e-02
4.852865255549819457e-02
5.195884859191520627e-02
5.279750562965529470e-02
5.864559980071883810e-02
5.414978033579675304e-02
5.083539499101907833e-02
4.953454020816873415e-02
4.909299815466035277e-02
6.214054789858771549e-02
4.919340849956634759e-02
4.815893132385682535e-02
4.512242934027158731e-02
4.423380726698262350e-02
3.911316334499032044e-02
4.363328273378755395e-02
3.974873854391926947e-02
4.219635729379801053e-02
3.826814699827894850e-02
4.363067079603852316e-02
4.059127964009065503e-02
3.825897862797730115e-02
4.106321938405171207e-02
4.054570069774707242e-02
4.076115212644276092e-02
4.072971215388301175e-02
4.111466423024211919e-02
4.126034148917444300e-02
