1.399736540177622945e-01
1.463772247790494085e-01
1.420656451797791542e-01
1.478049691761628981e-01
1.434691116789418297e-01
1.459862298554891469e-01
1.423745540119942254e-01
1.405767063015890272e-01
1.410328427517507366e-01
1.411918509641573172e-01
1.343500620677424984e-01
1.379702319633405450e-01
1.385165010081001735e-01
1.391257995735607766e-01
1.359675857865108028e-01
1.345148492825627429e-01
1.388022106094214114e-01
1.378489906687981048e-01
1.415077526287649157e-01
1.401879252619073202e-01
1.439233596970034557e-01
1.433664094083057783e-01
1.379996446971042678e-01
1.379784883931481632e-01
1.350446035048129545e-01
1.366611824832849043e-01
1.333241748806539007e-01
1.343020238713025505e-01
1.378066127745203595e-01
1.338090359956197739e-01
1.382122394460262305e-01
1.391662816731226993e-01
1.379458070043911300e-01
1.375968306745428138e-01
1.405280057081698120e-01
1.362807168151089210e-01
1.336242953264229760e-01
1.359436400325698402e-01
1.325544344131704688e-01
1.355422764518552925e-01
1.355711965349215009e-01
1.338551859099804398e-01
1.368305078721967494e-01
1.347230536286488922e-01
1.315033514203638731e-01
1.327665827036104140e-01
1.272987402728827100e-01
1.322534272991830462e-01
1.362293038988784122e-01
1.349492302653128029e-01
1.324923462801076979e-01
1.348314606741572996e-01
1.303516681695220947e-01
1.283126161921772923e-01
1.363393904910920607e-01
1.263901147396293001e-01
1.304483728684055210e-01
1.292057314700159332e-01
1.344971813056919374e-01
1.316887098499162356e-01
1.285018929150892331e-01
1.227537422743024548e-01
1.242877870970025139e-01
1.276747758368163566e-01
1.225363870639904207e-01
1.259905199551326072e-01
1.295899363997329579e-01
1.306472594311429980e-01
1.326747138831878003e-01
1.298473416388840063e-01
1.227045961150620978e-01
1.299031169490910409e-01
1.333824884792626786e-01
1.328429096882476901e-01
1.396257235183409606e-01
1.344464924644909465e-01
1.343773680222278277e-01
1.263964480091664400e-01
1.310475917225549514e-01
1.354222174855234662e-01
1.338746845166245980e-01
1.317166468189527595e-01
1.351907322530585820e-01
1.251974862198504401e-01
1.295481807277089059e-01
1.356324332140404210e-01
1.279892931356320096e-01
1.312629836977571296e-01
1.345022749972256126e-01
1.295264123125606792e-01
1.293707550221008251e-01
1.285251628397802159e-01
1.294846821321055386e-01
1.313673888748693175e-01
1.283364200893343521e-01
1.328171753441053371e-01
1.299881893990909310e-01
1.262692842127765835e-01
1.286347421900335131e-01
1.262048301505360737e-01
1.224825612591665114e-01
1.142110800711098190e-01
1.234700836294461840e-01
1.173693575916040233e-01
1.176764611374915143e-01
1.154025796716128399e-01
1.146308816968116123e-01
1.165807589857128096e-01
1.145304682719648637e-01
1.152248244420750745e-01
1.141122056279348929e-01
1.154878179671568056e-01
1.080568720379146974e-01
1.195559980823837493e-01
1.136457279844177298e-01
1.101808560762567446e-01
1.164985356329319849e-01
1.085155555555555595e-01
1.195191962683889442e-01
1.190397895429135128e-01
1.237932165106196969e-01
1.245197658970952637e-01
1.228644390893069149e-01
1.192456034818300814e-01
1.267817229123154033e-01
1.263886359497359280e-01
1.282895927601810093e-01
1.273967222480094363e-01
1.281132477116298796e-01
1.293661060802069884e-01
1.286396603573324027e-01
1.292485132456298313e-01
1.366286347866518813e-01
1.228788355900773260e-01
1.191412592458957198e-01
1.199008014951658679e-01
1.222803831499483657e-01
1.242148847327976396e-01
1.219450378362721271e-01
1.229505294096816526e-01
1.343147615056662914e-01
1.206627070959674919e-01
1.324627538689080453e-01
1.226888960136796047e-01
1.294921946404416213e-01
1.312128703737869551e-01
1.298645298070358334e-01
1.270591657878468173e-01
1.350570613409415033e-01
1.312151259906884082e-01
1.380097762871516642e-01
1.289924057992078710e-01
1.277352396850165162e-01
1.321156553441865389e-01
1.229679475827873264e-01
1.327367899837306464e-01
1.361476406232732805e-01
1.324464371026423115e-01
1.339005660309334211e-01
1.326802257480566571e-01
1.347540864774745273e-01
1.303395006287048630e-01
1.308700080783955499e-01
1.236319560799971490e-01
1.347906605178111061e-01
1.312636360384849266e-01
1.331449761610453697e-01
1.369494971499110592e-01
1.272102693907069260e-01
1.312702770152233689e-01
1.288909632714608788e-01
1.311820923725426080e-01
1.337392707798400748e-01
1.284540430482838946e-01
1.296830998467187190e-01
1.281014318504754557e-01
1.225829216654904796e-01
1.333094940103700943e-01
1.342112838226827976e-01
1.374131441806601128e-01
1.332811777675046994e-01
1.263566697874406175e-01
1.347530551739098970e-01
1.292349434150869281e-01
1.331378928175610543e-01
1.278779773737665770e-01
1.294673948902166360e-01
1.303484383462718832e-01
1.341289307024929600e-01
1.279516946411242417e-01
1.274619234508335419e-01
1.362577209009875334e-01
1.299239312881682873e-01
1.301465582112014963e-01
1.349009456009779562e-01
1.288613016806417766e-01
1.255896654329051454e-01
1.232773199956820609e-01
1.287196238199504739e-01
1.315181459495965710e-01
1.322614840989399243e-01
1.300249214432766254e-01
1.288591564411691037e-01
1.256213940999310608e-01
1.282665585492610005e-01
1.312585071552072880e-01
1.266171407863743437e-01
1.272551199741759620e-01
1.259381937348039160e-01
1.271473981213614712e-01
1.257866158437915827e-01
1.307411556390705720e-01
1.272251871485368391e-01
1.210674457548010091e-01
1.233232520903753821e-01
1.192166375343345353e-01
1.141243346971287931e-01
1.184077079107505037e-01
1.051804777035952737e-01
8.836828425962188482e-02
7.882128318743471251e-02
1.155142441551069710e-01
1.222397753203440379e-01
1.281493888314742813e-01
1.256563203200342926e-01
1.293383270911360738e-01
1.287237434026424765e-01
1.323232680802860217e-01
1.266361827637962900e-01
1.287399309551208182e-01
1.262062509001872501e-01
1.315780033719553821e-01
1.315541929415043609e-01
1.327070699989484348e-01
1.301429416060932709e-01
1.315081107884111256e-01
1.282854227507828626e-01
1.332153601132542997e-01
1.275490230969073546e-01
1.271819565910136951e-01
1.298901792919546772e-01
