1.117999999999999972e+01
1.117099999999999937e+01
1.117300000000000004e+01
1.116799999999999926e+01
1.115900000000000070e+01
1.115900000000000070e+01
1.116099999999999959e+01
1.115799999999999947e+01
1.115399999999999991e+01
1.115600000000000058e+01
1.115099999999999980e+01
1.114799999999999969e+01
1.114300000000000068e+01
1.114300000000000068e+01
1.114600000000000080e+01
1.114100000000000001e+01
1.114300000000000068e+01
1.113899999999999935e+01
1.113799999999999990e+01
1.113899999999999935e+01
1.113799999999999990e+01
1.113400000000000034e+01
1.113799999999999990e+01
1.113299999999999912e+01
1.113700000000000045e+01
1.113400000000000034e+01
1.113299999999999912e+01
1.113000000000000078e+01
1.113299999999999912e+01
1.114600000000000080e+01
1.114600000000000080e+01
1.114300000000000068e+01
1.114600000000000080e+01
1.114100000000000001e+01
1.114199999999999946e+01
1.114300000000000068e+01
1.114100000000000001e+01
1.114100000000000001e+01
1.113899999999999935e+01
1.114199999999999946e+01
1.114100000000000001e+01
1.114300000000000068e+01
1.113700000000000045e+01
1.113700000000000045e+01
1.113799999999999990e+01
1.113899999999999935e+01
1.114199999999999946e+01
1.113799999999999990e+01
1.114300000000000068e+01
1.113700000000000045e+01
1.114100000000000001e+01
1.113899999999999935e+01
1.113799999999999990e+01
1.113899999999999935e+01
1.113899999999999935e+01
1.113700000000000045e+01
1.113899999999999935e+01
1.113899999999999935e+01
1.113100000000000023e+01
1.113499999999999979e+01
1.113400000000000034e+01
1.113799999999999990e+01
1.113299999999999912e+01
1.113400000000000034e+01
1.113299999999999912e+01
1.113700000000000045e+01
1.113000000000000078e+01
1.113400000000000034e+01
1.113700000000000045e+01
1.113499999999999979e+01
1.113499999999999979e+01
1.113400000000000034e+01
1.113700000000000045e+01
1.113700000000000045e+01
1.113799999999999990e+01
1.113700000000000045e+01
1.113499999999999979e+01
1.113299999999999912e+01
1.113799999999999990e+01
1.113799999999999990e+01
1.113100000000000023e+01
1.112400000000000055e+01
1.112500000000000000e+01
1.112800000000000011e+01
1.112599999999999945e+01
1.113700000000000045e+01
1.112899999999999956e+01
1.112899999999999956e+01
1.113400000000000034e+01
1.113100000000000023e+01
1.113000000000000078e+01
1.113100000000000023e+01
1.112500000000000000e+01
1.112899999999999956e+01
1.113100000000000023e+01
1.113100000000000023e+01
1.113400000000000034e+01
1.113299999999999912e+01
1.113700000000000045e+01
1.113499999999999979e+01
1.113700000000000045e+01
1.113799999999999990e+01
1.113799999999999990e+01
1.113400000000000034e+01
1.113000000000000078e+01
1.113700000000000045e+01
1.113499999999999979e+01
1.113700000000000045e+01
1.113400000000000034e+01
1.113499999999999979e+01
1.113400000000000034e+01
1.113899999999999935e+01
1.113899999999999935e+01
1.113499999999999979e+01
1.113700000000000045e+01
1.113700000000000045e+01
1.113499999999999979e+01
1.114199999999999946e+01
1.113499999999999979e+01
1.113700000000000045e+01
1.113799999999999990e+01
1.113700000000000045e+01
1.113499999999999979e+01
1.113499999999999979e+01
1.113899999999999935e+01
1.113499999999999979e+01
1.113499999999999979e+01
1.113799999999999990e+01
1.113100000000000023e+01
1.113499999999999979e+01
1.113299999999999912e+01
1.113299999999999912e+01
1.113100000000000023e+01
1.112299999999999933e+01
1.112700000000000067e+01
1.112599999999999945e+01
1.112199999999999989e+01
1.112800000000000011e+01
1.112800000000000011e+01
1.112299999999999933e+01
1.112800000000000011e+01
1.112800000000000011e+01
1.112700000000000067e+01
1.112800000000000011e+01
1.112700000000000067e+01
1.112599999999999945e+01
1.113000000000000078e+01
1.112800000000000011e+01
1.112800000000000011e+01
1.113100000000000023e+01
1.112800000000000011e+01
1.113000000000000078e+01
1.112599999999999945e+01
1.113000000000000078e+01
1.112800000000000011e+01
1.112800000000000011e+01
1.113100000000000023e+01
1.113000000000000078e+01
1.112700000000000067e+01
1.112800000000000011e+01
1.113599999999999923e+01
1.113000000000000078e+01
1.113100000000000023e+01
1.112599999999999945e+01
1.112599999999999945e+01
1.112800000000000011e+01
1.112599999999999945e+01
1.112599999999999945e+01
1.112599999999999945e+01
1.112500000000000000e+01
1.112500000000000000e+01
1.112700000000000067e+01
1.112800000000000011e+01
1.112599999999999945e+01
1.112500000000000000e+01
1.112500000000000000e+01
1.112500000000000000e+01
1.113000000000000078e+01
1.113100000000000023e+01
1.112599999999999945e+01
1.112800000000000011e+01
1.113000000000000078e+01
1.112800000000000011e+01
1.112700000000000067e+01
1.114799999999999969e+01
1.114600000000000080e+01
1.114600000000000080e+01
1.114700000000000024e+01
1.114600000000000080e+01
1.114700000000000024e+01
1.115000000000000036e+01
1.114799999999999969e+01
1.114799999999999969e+01
1.114700000000000024e+01
1.114799999999999969e+01
1.115199999999999925e+01
1.115300000000000047e+01
1.114799999999999969e+01
1.114400000000000013e+01
1.114799999999999969e+01
1.114700000000000024e+01
1.114799999999999969e+01
1.115099999999999980e+01
1.115000000000000036e+01
1.115000000000000036e+01
1.114799999999999969e+01
1.114799999999999969e+01
1.114799999999999969e+01
1.115099999999999980e+01
1.114400000000000013e+01
1.114600000000000080e+01
1.114799999999999969e+01
1.114600000000000080e+01
1.115000000000000036e+01
1.114600000000000080e+01
1.114700000000000024e+01
1.115099999999999980e+01
1.114799999999999969e+01
1.114600000000000080e+01
1.114400000000000013e+01
1.114799999999999969e+01
1.115099999999999980e+01
1.114700000000000024e+01
1.114799999999999969e+01
1.114799999999999969e+01
1.115000000000000036e+01
1.114700000000000024e+01
1.114700000000000024e+01
1.114700000000000024e+01
1.114799999999999969e+01
1.115099999999999980e+01
1.114799999999999969e+01
1.115000000000000036e+01
1.115099999999999980e+01
1.114400000000000013e+01
1.114700000000000024e+01
1.113599999999999923e+01
1.113499999999999979e+01
1.113899999999999935e+01
1.113499999999999979e+01
1.113700000000000045e+01
