8.740000000000000000e+02
8.820000000000000000e+02
9.080000000000000000e+02
9.560000000000000000e+02
9.020000000000000000e+02
9.600000000000000000e+02
9.840000000000000000e+02
8.840000000000000000e+02
9.060000000000000000e+02
9.460000000000000000e+02
9.500000000000000000e+02
9.460000000000000000e+02
8.940000000000000000e+02
9.600000000000000000e+02
8.600000000000000000e+02
9.460000000000000000e+02
9.340000000000000000e+02
8.660000000000000000e+02
1.002000000000000000e+03
9.440000000000000000e+02
9.500000000000000000e+02
8.860000000000000000e+02
9.920000000000000000e+02
9.500000000000000000e+02
9.800000000000000000e+02
9.320000000000000000e+02
9.800000000000000000e+02
9.100000000000000000e+02
1.004000000000000000e+03
9.300000000000000000e+02
1.020000000000000000e+03
9.500000000000000000e+02
1.054000000000000000e+03
9.340000000000000000e+02
9.660000000000000000e+02
9.660000000000000000e+02
9.280000000000000000e+02
9.320000000000000000e+02
9.140000000000000000e+02
9.460000000000000000e+02
9.460000000000000000e+02
9.400000000000000000e+02
9.500000000000000000e+02
9.420000000000000000e+02
9.540000000000000000e+02
9.860000000000000000e+02
1.026000000000000000e+03
1.036000000000000000e+03
9.700000000000000000e+02
9.880000000000000000e+02
1.002000000000000000e+03
1.008000000000000000e+03
1.050000000000000000e+03
9.920000000000000000e+02
1.002000000000000000e+03
1.080000000000000000e+03
1.034000000000000000e+03
1.026000000000000000e+03
9.600000000000000000e+02
1.034000000000000000e+03
9.160000000000000000e+02
1.016000000000000000e+03
1.170000000000000000e+03
1.184000000000000000e+03
1.218000000000000000e+03
1.120000000000000000e+03
1.086000000000000000e+03
1.028000000000000000e+03
1.106000000000000000e+03
1.154000000000000000e+03
1.042000000000000000e+03
9.700000000000000000e+02
1.020000000000000000e+03
1.102000000000000000e+03
9.840000000000000000e+02
9.860000000000000000e+02
1.012000000000000000e+03
9.310000000000000000e+02
1.014000000000000000e+03
9.260000000000000000e+02
8.980000000000000000e+02
1.008000000000000000e+03
1.046000000000000000e+03
9.660000000000000000e+02
9.240000000000000000e+02
9.960000000000000000e+02
1.036000000000000000e+03
1.012000000000000000e+03
9.980000000000000000e+02
1.046000000000000000e+03
1.080000000000000000e+03
9.480000000000000000e+02
1.116000000000000000e+03
1.110000000000000000e+03
1.086000000000000000e+03
1.090000000000000000e+03
1.128000000000000000e+03
1.224000000000000000e+03
1.200000000000000000e+03
1.278000000000000000e+03
1.342000000000000000e+03
1.332000000000000000e+03
1.436000000000000000e+03
1.392000000000000000e+03
1.494000000000000000e+03
1.610000000000000000e+03
1.586000000000000000e+03
1.588000000000000000e+03
1.592000000000000000e+03
1.802000000000000000e+03
1.672000000000000000e+03
1.746000000000000000e+03
1.648000000000000000e+03
1.548000000000000000e+03
1.488000000000000000e+03
1.584000000000000000e+03
1.554000000000000000e+03
1.538000000000000000e+03
1.494000000000000000e+03
1.316000000000000000e+03
1.372000000000000000e+03
1.212000000000000000e+03
1.202000000000000000e+03
1.074000000000000000e+03
1.028000000000000000e+03
1.044000000000000000e+03
1.006000000000000000e+03
9.800000000000000000e+02
1.052000000000000000e+03
1.026000000000000000e+03
1.012000000000000000e+03
9.840000000000000000e+02
1.096000000000000000e+03
1.172000000000000000e+03
1.350000000000000000e+03
1.230000000000000000e+03
1.228000000000000000e+03
1.158000000000000000e+03
1.134000000000000000e+03
1.156000000000000000e+03
1.090000000000000000e+03
1.088000000000000000e+03
1.036000000000000000e+03
1.094000000000000000e+03
9.900000000000000000e+02
1.018000000000000000e+03
1.008000000000000000e+03
1.032000000000000000e+03
9.640000000000000000e+02
1.016000000000000000e+03
1.018000000000000000e+03
9.820000000000000000e+02
9.900000000000000000e+02
9.640000000000000000e+02
9.540000000000000000e+02
1.046000000000000000e+03
9.760000000000000000e+02
9.200000000000000000e+02
9.640000000000000000e+02
9.580000000000000000e+02
9.360000000000000000e+02
1.028000000000000000e+03
9.240000000000000000e+02
9.700000000000000000e+02
9.100000000000000000e+02
9.480000000000000000e+02
8.800000000000000000e+02
1.004000000000000000e+03
1.036000000000000000e+03
9.960000000000000000e+02
9.700000000000000000e+02
8.940000000000000000e+02
8.950000000000000000e+02
8.960000000000000000e+02
8.720000000000000000e+02
9.660000000000000000e+02
1.014000000000000000e+03
1.062000000000000000e+03
9.830000000000000000e+02
9.640000000000000000e+02
9.800000000000000000e+02
8.560000000000000000e+02
9.780000000000000000e+02
9.800000000000000000e+02
1.028000000000000000e+03
9.520000000000000000e+02
9.520000000000000000e+02
9.540000000000000000e+02
1.022000000000000000e+03
1.026000000000000000e+03
8.940000000000000000e+02
9.580000000000000000e+02
8.820000000000000000e+02
8.620000000000000000e+02
9.420000000000000000e+02
9.460000000000000000e+02
8.760000000000000000e+02
9.360000000000000000e+02
1.032000000000000000e+03
9.260000000000000000e+02
1.032000000000000000e+03
8.800000000000000000e+02
1.002000000000000000e+03
9.960000000000000000e+02
9.220000000000000000e+02
1.014000000000000000e+03
1.002000000000000000e+03
9.740000000000000000e+02
1.064000000000000000e+03
1.068000000000000000e+03
1.100000000000000000e+03
1.146000000000000000e+03
1.254000000000000000e+03
1.170000000000000000e+03
1.242000000000000000e+03
1.278000000000000000e+03
1.470000000000000000e+03
1.584000000000000000e+03
1.742000000000000000e+03
2.086000000000000000e+03
2.330000000000000000e+03
1.296000000000000000e+03
1.330000000000000000e+03
1.106000000000000000e+03
1.088000000000000000e+03
1.090000000000000000e+03
1.128000000000000000e+03
1.168000000000000000e+03
1.058000000000000000e+03
1.191000000000000000e+03
1.130000000000000000e+03
1.090000000000000000e+03
1.000000000000000000e+03
1.082000000000000000e+03
1.070000000000000000e+03
9.440000000000000000e+02
9.820000000000000000e+02
9.040000000000000000e+02
9.060000000000000000e+02
1.004000000000000000e+03
9.920000000000000000e+02
