3.294000000000000000e+03
3.594000000000000000e+03
3.718000000000000000e+03
3.956000000000000000e+03
3.818000000000000000e+03
3.859000000000000000e+03
3.751000000000000000e+03
3.866000000000000000e+03
3.766000000000000000e+03
3.888000000000000000e+03
3.788000000000000000e+03
3.884000000000000000e+03
3.916000000000000000e+03
3.915000000000000000e+03
3.792000000000000000e+03
3.628000000000000000e+03
3.692000000000000000e+03
3.708000000000000000e+03
3.970000000000000000e+03
3.894000000000000000e+03
3.876000000000000000e+03
3.901000000000000000e+03
3.884000000000000000e+03
3.810000000000000000e+03
3.830000000000000000e+03
3.904000000000000000e+03
3.882000000000000000e+03
3.882000000000000000e+03
3.972000000000000000e+03
3.788000000000000000e+03
3.932000000000000000e+03
3.916000000000000000e+03
3.864000000000000000e+03
3.890000000000000000e+03
3.939000000000000000e+03
3.810000000000000000e+03
3.674000000000000000e+03
3.840000000000000000e+03
3.744000000000000000e+03
3.788000000000000000e+03
3.756000000000000000e+03
3.762000000000000000e+03
3.850000000000000000e+03
3.826000000000000000e+03
3.708000000000000000e+03
3.795000000000000000e+03
3.648000000000000000e+03
3.772000000000000000e+03
3.826000000000000000e+03
3.708000000000000000e+03
3.592000000000000000e+03
3.756000000000000000e+03
3.614000000000000000e+03
3.520000000000000000e+03
3.834000000000000000e+03
3.580000000000000000e+03
3.756000000000000000e+03
3.652000000000000000e+03
3.698000000000000000e+03
3.694000000000000000e+03
3.564000000000000000e+03
3.436000000000000000e+03
3.512000000000000000e+03
3.574000000000000000e+03
3.376000000000000000e+03
3.482000000000000000e+03
3.688000000000000000e+03
3.716000000000000000e+03
3.814000000000000000e+03
3.700000000000000000e+03
3.468000000000000000e+03
3.580000000000000000e+03
3.618000000000000000e+03
3.720000000000000000e+03
3.932000000000000000e+03
3.720000000000000000e+03
3.724000000000000000e+03
3.530000000000000000e+03
3.654000000000000000e+03
3.812000000000000000e+03
3.660000000000000000e+03
3.650000000000000000e+03
3.746000000000000000e+03
3.566000000000000000e+03
3.564000000000000000e+03
3.752000000000000000e+03
3.634000000000000000e+03
3.728000000000000000e+03
3.636000000000000000e+03
3.602000000000000000e+03
3.600000000000000000e+03
3.532000000000000000e+03
3.656000000000000000e+03
3.644000000000000000e+03
3.534000000000000000e+03
3.551000000000000000e+03
3.632000000000000000e+03
3.544000000000000000e+03
3.570000000000000000e+03
3.496000000000000000e+03
3.424000000000000000e+03
3.148000000000000000e+03
3.440000000000000000e+03
3.232000000000000000e+03
3.296000000000000000e+03
3.212000000000000000e+03
3.340000000000000000e+03
3.370000000000000000e+03
3.182000000000000000e+03
3.134000000000000000e+03
3.232000000000000000e+03
3.228000000000000000e+03
3.078000000000000000e+03
3.242000000000000000e+03
3.034000000000000000e+03
3.040000000000000000e+03
3.222000000000000000e+03
3.052000000000000000e+03
3.331000000000000000e+03
3.258000000000000000e+03
3.398000000000000000e+03
3.468000000000000000e+03
3.416000000000000000e+03
3.370000000000000000e+03
3.460000000000000000e+03
3.470000000000000000e+03
3.544000000000000000e+03
3.568000000000000000e+03
3.611000000000000000e+03
3.700000000000000000e+03
3.636000000000000000e+03
3.586000000000000000e+03
3.820000000000000000e+03
3.512000000000000000e+03
3.302000000000000000e+03
3.336000000000000000e+03
3.434000000000000000e+03
3.540000000000000000e+03
3.368000000000000000e+03
3.472000000000000000e+03
3.686000000000000000e+03
3.474000000000000000e+03
3.672000000000000000e+03
3.444000000000000000e+03
3.542000000000000000e+03
3.556000000000000000e+03
3.614000000000000000e+03
3.494000000000000000e+03
3.787000000000000000e+03
3.692000000000000000e+03
3.868000000000000000e+03
3.550000000000000000e+03
3.520000000000000000e+03
3.660000000000000000e+03
3.472000000000000000e+03
3.753000000000000000e+03
3.696000000000000000e+03
3.604000000000000000e+03
3.714000000000000000e+03
3.738000000000000000e+03
3.718000000000000000e+03
3.628000000000000000e+03
3.726000000000000000e+03
3.468000000000000000e+03
3.712000000000000000e+03
3.670000000000000000e+03
3.770000000000000000e+03
3.772000000000000000e+03
3.518000000000000000e+03
3.682000000000000000e+03
3.590000000000000000e+03
3.610000000000000000e+03
3.646000000000000000e+03
3.533000000000000000e+03
3.638000000000000000e+03
3.516000000000000000e+03
3.474000000000000000e+03
3.728000000000000000e+03
3.730000000000000000e+03
3.797000000000000000e+03
3.748000000000000000e+03
3.644000000000000000e+03
3.727000000000000000e+03
3.620000000000000000e+03
3.724000000000000000e+03
3.538000000000000000e+03
3.532000000000000000e+03
3.610000000000000000e+03
3.664000000000000000e+03
3.560000000000000000e+03
3.540000000000000000e+03
3.684000000000000000e+03
3.638000000000000000e+03
3.632000000000000000e+03
3.752000000000000000e+03
3.550000000000000000e+03
3.461000000000000000e+03
3.426000000000000000e+03
3.586000000000000000e+03
3.700000000000000000e+03
3.743000000000000000e+03
3.600000000000000000e+03
3.602000000000000000e+03
3.462000000000000000e+03
3.480000000000000000e+03
3.568000000000000000e+03
3.494000000000000000e+03
3.548000000000000000e+03
3.574000000000000000e+03
3.560000000000000000e+03
3.498000000000000000e+03
3.618000000000000000e+03
3.552000000000000000e+03
3.398000000000000000e+03
3.466000000000000000e+03
3.342000000000000000e+03
3.152000000000000000e+03
3.269000000000000000e+03
2.946000000000000000e+03
2.482000000000000000e+03
2.188000000000000000e+03
3.256000000000000000e+03
3.482000000000000000e+03
3.596000000000000000e+03
3.518000000000000000e+03
3.626000000000000000e+03
3.634000000000000000e+03
3.738000000000000000e+03
3.628000000000000000e+03
3.580000000000000000e+03
3.505000000000000000e+03
3.668000000000000000e+03
3.776000000000000000e+03
3.786000000000000000e+03
3.742000000000000000e+03
3.713000000000000000e+03
3.646000000000000000e+03
3.764000000000000000e+03
3.584000000000000000e+03
3.592000000000000000e+03
3.702000000000000000e+03
