1.232000000000000000e+03
1.306000000000000000e+03
1.218000000000000000e+03
1.144000000000000000e+03
1.184000000000000000e+03
1.236000000000000000e+03
1.188000000000000000e+03
1.224000000000000000e+03
1.212000000000000000e+03
1.132000000000000000e+03
1.204000000000000000e+03
1.184000000000000000e+03
1.336000000000000000e+03
1.186000000000000000e+03
1.258000000000000000e+03
1.224000000000000000e+03
1.136000000000000000e+03
1.268000000000000000e+03
1.250000000000000000e+03
1.362000000000000000e+03
1.186000000000000000e+03
1.260000000000000000e+03
1.270000000000000000e+03
1.416000000000000000e+03
1.270000000000000000e+03
1.342000000000000000e+03
1.400000000000000000e+03
1.370000000000000000e+03
1.374000000000000000e+03
1.604000000000000000e+03
1.674000000000000000e+03
1.748000000000000000e+03
1.720000000000000000e+03
1.816000000000000000e+03
2.124000000000000000e+03
2.126000000000000000e+03
1.650000000000000000e+03
1.444000000000000000e+03
1.438000000000000000e+03
1.398000000000000000e+03
1.354000000000000000e+03
1.251000000000000000e+03
1.226000000000000000e+03
1.220000000000000000e+03
1.214000000000000000e+03
1.222000000000000000e+03
1.280000000000000000e+03
1.174000000000000000e+03
1.214000000000000000e+03
1.290000000000000000e+03
1.211000000000000000e+03
1.312000000000000000e+03
1.254000000000000000e+03
1.230000000000000000e+03
1.340000000000000000e+03
1.318000000000000000e+03
1.194000000000000000e+03
1.288000000000000000e+03
1.256000000000000000e+03
1.256000000000000000e+03
1.116000000000000000e+03
1.276000000000000000e+03
1.144000000000000000e+03
1.208000000000000000e+03
1.178000000000000000e+03
1.206000000000000000e+03
1.192000000000000000e+03
1.198000000000000000e+03
1.280000000000000000e+03
1.398000000000000000e+03
1.290000000000000000e+03
1.328000000000000000e+03
1.322000000000000000e+03
1.428000000000000000e+03
1.398000000000000000e+03
1.374000000000000000e+03
1.462000000000000000e+03
1.570000000000000000e+03
1.608000000000000000e+03
1.604000000000000000e+03
1.578000000000000000e+03
1.462000000000000000e+03
1.626000000000000000e+03
1.516000000000000000e+03
1.612000000000000000e+03
1.644000000000000000e+03
1.650000000000000000e+03
1.612000000000000000e+03
1.616000000000000000e+03
1.782000000000000000e+03
2.056000000000000000e+03
1.966000000000000000e+03
1.638000000000000000e+03
1.668000000000000000e+03
1.604000000000000000e+03
1.662000000000000000e+03
1.734000000000000000e+03
1.742000000000000000e+03
1.611000000000000000e+03
1.606000000000000000e+03
1.864000000000000000e+03
1.946000000000000000e+03
2.140000000000000000e+03
2.322000000000000000e+03
2.414000000000000000e+03
2.102000000000000000e+03
2.078000000000000000e+03
1.978000000000000000e+03
2.162000000000000000e+03
2.090000000000000000e+03
1.732000000000000000e+03
1.626000000000000000e+03
1.524000000000000000e+03
1.508000000000000000e+03
1.530000000000000000e+03
1.486000000000000000e+03
1.464000000000000000e+03
1.370000000000000000e+03
1.450000000000000000e+03
1.324000000000000000e+03
1.313000000000000000e+03
1.350000000000000000e+03
1.376000000000000000e+03
1.260000000000000000e+03
1.312000000000000000e+03
1.306000000000000000e+03
1.290000000000000000e+03
1.188000000000000000e+03
1.250000000000000000e+03
1.140000000000000000e+03
1.332000000000000000e+03
1.220000000000000000e+03
1.304000000000000000e+03
1.280000000000000000e+03
1.288000000000000000e+03
1.306000000000000000e+03
1.324000000000000000e+03
1.216000000000000000e+03
1.254000000000000000e+03
1.306000000000000000e+03
1.294000000000000000e+03
1.268000000000000000e+03
1.358000000000000000e+03
1.294000000000000000e+03
1.504000000000000000e+03
1.434000000000000000e+03
1.394000000000000000e+03
1.350000000000000000e+03
1.446000000000000000e+03
1.464000000000000000e+03
1.385000000000000000e+03
1.320000000000000000e+03
1.354000000000000000e+03
1.384000000000000000e+03
1.338000000000000000e+03
1.416000000000000000e+03
1.542000000000000000e+03
1.562000000000000000e+03
1.612000000000000000e+03
1.682000000000000000e+03
1.696000000000000000e+03
1.884000000000000000e+03
1.934000000000000000e+03
1.978000000000000000e+03
1.940000000000000000e+03
1.942000000000000000e+03
2.060000000000000000e+03
2.272000000000000000e+03
2.118000000000000000e+03
1.942000000000000000e+03
1.870000000000000000e+03
1.732000000000000000e+03
1.756000000000000000e+03
1.794000000000000000e+03
1.666000000000000000e+03
1.538000000000000000e+03
1.794000000000000000e+03
1.712000000000000000e+03
1.604000000000000000e+03
1.958000000000000000e+03
2.452000000000000000e+03
2.370000000000000000e+03
2.416000000000000000e+03
1.938000000000000000e+03
1.708000000000000000e+03
1.548000000000000000e+03
1.480000000000000000e+03
1.472000000000000000e+03
1.376000000000000000e+03
1.502000000000000000e+03
1.400000000000000000e+03
1.428000000000000000e+03
1.378000000000000000e+03
1.404000000000000000e+03
1.356000000000000000e+03
1.310000000000000000e+03
1.440000000000000000e+03
1.368000000000000000e+03
1.346000000000000000e+03
1.412000000000000000e+03
1.286000000000000000e+03
1.326000000000000000e+03
1.374000000000000000e+03
1.434000000000000000e+03
1.338000000000000000e+03
1.382000000000000000e+03
1.366000000000000000e+03
1.498000000000000000e+03
1.414000000000000000e+03
1.464000000000000000e+03
1.408000000000000000e+03
1.394000000000000000e+03
1.436000000000000000e+03
1.388000000000000000e+03
1.364000000000000000e+03
1.331000000000000000e+03
1.464000000000000000e+03
1.292000000000000000e+03
1.392000000000000000e+03
1.424000000000000000e+03
1.334000000000000000e+03
1.356000000000000000e+03
1.582000000000000000e+03
1.438000000000000000e+03
1.466000000000000000e+03
1.290000000000000000e+03
1.384000000000000000e+03
1.438000000000000000e+03
1.342000000000000000e+03
1.328000000000000000e+03
1.336000000000000000e+03
1.454000000000000000e+03
1.360000000000000000e+03
1.366000000000000000e+03
1.356000000000000000e+03
1.324000000000000000e+03
1.394000000000000000e+03
1.322000000000000000e+03
1.326000000000000000e+03
1.312000000000000000e+03
1.426000000000000000e+03
