3.655573164289487725e-02
3.527815468113975478e-02
3.724701920764182661e-02
3.743923880442651814e-02
3.412210292226971337e-02
3.645234361387001548e-02
3.718340836454860771e-02
3.618432475605097565e-02
3.632070558005486005e-02
3.915102613576565416e-02
3.747583055018456621e-02
3.537535290315996922e-02
3.911576337717787705e-02
3.793600056201482107e-02
3.581637221476047933e-02
3.741344265683673592e-02
3.494788473329245998e-02
3.637956007680129278e-02
3.766400110776473714e-02
3.608802976045614314e-02
3.521006392506751542e-02
3.658663340609084186e-02
4.003747007598098401e-02
3.584053760806411859e-02
3.913663063501442163e-02
3.703830956880261455e-02
4.013955577049293372e-02
3.860237500427774610e-02
3.677096455687582643e-02
3.706358144773216207e-02
4.143087423260280455e-02
4.265186382320907549e-02
3.721410146173688427e-02
3.796642751707803021e-02
4.036215356970074275e-02
4.010814140515382709e-02
4.451292586885807062e-02
4.087975945133281303e-02
3.917967554331190649e-02
4.159223431864909198e-02
4.181873998021625599e-02
4.235860409145607991e-02
4.583318931250215944e-02
4.587381194542840268e-02
4.445976219196966922e-02
4.492059664473457836e-02
4.615755571630326265e-02
4.988115332942918978e-02
4.323236528919884719e-02
4.925254066803094050e-02
5.039596832253420006e-02
5.296171973010544570e-02
5.182999219836505189e-02
5.155592071479921795e-02
4.914713251192641408e-02
5.260065664420252030e-02
4.915200451324001213e-02
5.062406041324336858e-02
5.332231063346078159e-02
6.018151074916319038e-02
6.948099799978944835e-02
7.182645400131473790e-02
6.687976395377427663e-02
6.650896499708594534e-02
6.309450489290358011e-02
6.147218708331908532e-02
5.639504449485255311e-02
5.544886343796920358e-02
5.452360515021459353e-02
5.619286294165402179e-02
5.905580598944683290e-02
6.801230160132913649e-02
6.926777124532335073e-02
6.626855485412046221e-02
6.844471904712869093e-02
8.095745778450320895e-02
8.875557079190950216e-02
1.010842830914192719e-01
1.052958855839983415e-01
1.069237510955302339e-01
1.094713113310556152e-01
9.198386248026661771e-02
7.836066710585624928e-02
7.097786299459647730e-02
5.875498746513187903e-02
5.873065993053362688e-02
4.792588206610706725e-02
5.104294478527607315e-02
4.352459861793928769e-02
4.477354916480109914e-02
4.760424223581027209e-02
4.475837946140523438e-02
4.240957283605495398e-02
4.146067032629820182e-02
3.974743815340026770e-02
3.772420179018484698e-02
4.123854968478980060e-02
3.740796315036466063e-02
3.804735536909331639e-02
3.801298833769677782e-02
3.619041091195723120e-02
3.625565415558854726e-02
4.219115031904878410e-02
5.544513024374934929e-02
5.225231378709743746e-02
4.671957855335667070e-02
4.145006368988191775e-02
4.001533688870298477e-02
3.826450601150026276e-02
3.560475200056403833e-02
3.992791774142256250e-02
3.841981874803176988e-02
4.006184504380690820e-02
3.589939819807284188e-02
4.065297525013164548e-02
3.449807015746148703e-02
3.616956181799639569e-02
4.008029668946275909e-02
4.067749061963039925e-02
3.638107635915178995e-02
3.703065200151708231e-02
4.134366925064599657e-02
3.924133420536297934e-02
4.052328190259224527e-02
3.980481003834088205e-02
3.758036443718253822e-02
3.908182103173220984e-02
3.790026972819696832e-02
3.893324273823679099e-02
4.109829224673001991e-02
3.936871913526953509e-02
3.680897175685438061e-02
4.107074834643487798e-02
4.043545878693623891e-02
4.134043219542749698e-02
3.897854106914544481e-02
3.636613618396177666e-02
3.978103430689197695e-02
3.684670512148225524e-02
3.934904056351712365e-02
4.070912672357189510e-02
3.891596255653332476e-02
4.066270357733300228e-02
3.725923586990843167e-02
3.867422529822975297e-02
4.061198053425760929e-02
3.852742719295178947e-02
3.801076971808679122e-02
3.855152425184202314e-02
3.793415465998468961e-02
3.509013822343248767e-02
4.093751091550525828e-02
3.862347332892585028e-02
3.817864595805822714e-02
4.024284475281873080e-02
4.191974160025278145e-02
4.136278758411725265e-02
4.065069092181213678e-02
4.691192550527318456e-02
4.466689678978253558e-02
4.610065309258547933e-02
4.212929334855245594e-02
4.761417510829155098e-02
4.882403433476394800e-02
4.472178887155486143e-02
4.417226110555634577e-02
4.659510821749076465e-02
4.704342735131039621e-02
4.467054601205616704e-02
4.727561337520273105e-02
4.380617832420704433e-02
4.301905330011579487e-02
4.374374719701935171e-02
4.258136455502125467e-02
4.570709717999790062e-02
4.368477620219810703e-02
4.384082192744801626e-02
4.948781838316722304e-02
5.105990128892518715e-02
5.575909836351582161e-02
5.836535465780454818e-02
6.860772895712016761e-02
9.199958276833211657e-02
1.311845399724935746e-01
9.260798843303813532e-02
6.654012820971959286e-02
6.015999999999999820e-02
5.534330703038525812e-02
5.353622687186581491e-02
5.269646694142097326e-02
4.779398901368041991e-02
5.201112010416299863e-02
4.410789684893743484e-02
4.748741937770217802e-02
4.533547553351262305e-02
5.065977995542505358e-02
4.397238449283059208e-02
4.700959023539668519e-02
4.813452443510247286e-02
5.186385737439221794e-02
4.992514709466281536e-02
4.907846234860453044e-02
5.086939789385298838e-02
4.876852468205864627e-02
4.492437614647146193e-02
6.460466589253668901e-02
4.917975688760405084e-02
4.803781848517501424e-02
5.112552460892789280e-02
4.364199486150705659e-02
3.984258001602061783e-02
4.229031347077096686e-02
3.912877869732331315e-02
4.133188309182134201e-02
4.419770773638968808e-02
4.471268883254169574e-02
4.973458263564786708e-02
4.528759405199158511e-02
4.785028178499273199e-02
4.396213986062476320e-02
4.719180501589544108e-02
5.350056689342403554e-02
4.613838047698280709e-02
4.658109021085943963e-02
4.435498110675566152e-02
3.814926431483779690e-02
4.487563944258246562e-02
4.099192053443391492e-02
4.383407677988128415e-02
3.946823204419889347e-02
3.908955962394854156e-02
3.735179939145944622e-02
4.058312268430347425e-02
3.643397221733778862e-02
3.713680278705599330e-02
3.780810472079097762e-02
3.778792060290839944e-02
3.577842729865830795e-02
4.159680353893903393e-02
3.962891650621389733e-02
3.854675904758555344e-02
