3.170000000000000000e+03
3.461000000000000000e+03
3.420000000000000000e+03
3.624000000000000000e+03
3.604000000000000000e+03
3.654000000000000000e+03
3.592000000000000000e+03
3.670000000000000000e+03
3.468000000000000000e+03
3.502000000000000000e+03
3.502000000000000000e+03
3.720000000000000000e+03
3.558000000000000000e+03
3.554000000000000000e+03
3.762000000000000000e+03
3.740000000000000000e+03
3.704000000000000000e+03
3.665000000000000000e+03
3.754000000000000000e+03
3.884000000000000000e+03
3.594000000000000000e+03
3.614000000000000000e+03
3.754000000000000000e+03
3.670000000000000000e+03
3.644000000000000000e+03
3.242000000000000000e+03
3.640000000000000000e+03
3.718000000000000000e+03
3.646000000000000000e+03
3.678000000000000000e+03
3.710000000000000000e+03
3.526000000000000000e+03
3.590000000000000000e+03
3.466000000000000000e+03
3.658000000000000000e+03
3.664000000000000000e+03
3.636000000000000000e+03
3.580000000000000000e+03
3.568000000000000000e+03
3.594000000000000000e+03
3.582000000000000000e+03
3.444000000000000000e+03
3.564000000000000000e+03
3.480000000000000000e+03
3.772000000000000000e+03
3.498000000000000000e+03
3.628000000000000000e+03
3.476000000000000000e+03
3.514000000000000000e+03
3.488000000000000000e+03
3.472000000000000000e+03
3.542000000000000000e+03
3.626000000000000000e+03
3.566000000000000000e+03
3.542000000000000000e+03
3.506000000000000000e+03
3.562000000000000000e+03
3.470000000000000000e+03
3.426000000000000000e+03
3.466000000000000000e+03
3.326000000000000000e+03
3.344000000000000000e+03
3.421000000000000000e+03
3.368000000000000000e+03
3.132000000000000000e+03
3.544000000000000000e+03
3.496000000000000000e+03
3.416000000000000000e+03
3.526000000000000000e+03
3.700000000000000000e+03
3.552000000000000000e+03
3.542000000000000000e+03
3.468000000000000000e+03
3.768000000000000000e+03
3.580000000000000000e+03
3.744000000000000000e+03
3.602000000000000000e+03
3.558000000000000000e+03
3.572000000000000000e+03
3.510000000000000000e+03
3.792000000000000000e+03
3.630000000000000000e+03
3.622000000000000000e+03
3.566000000000000000e+03
3.472000000000000000e+03
3.486000000000000000e+03
3.540000000000000000e+03
3.624000000000000000e+03
3.612000000000000000e+03
3.522000000000000000e+03
3.648000000000000000e+03
3.462000000000000000e+03
3.636000000000000000e+03
3.590000000000000000e+03
3.594000000000000000e+03
3.328000000000000000e+03
3.518000000000000000e+03
3.384000000000000000e+03
3.394000000000000000e+03
3.286000000000000000e+03
3.318000000000000000e+03
3.400000000000000000e+03
3.346000000000000000e+03
3.234000000000000000e+03
3.200000000000000000e+03
3.229000000000000000e+03
3.248000000000000000e+03
3.104000000000000000e+03
3.278000000000000000e+03
3.288000000000000000e+03
3.174000000000000000e+03
3.136000000000000000e+03
3.217000000000000000e+03
3.242000000000000000e+03
3.136000000000000000e+03
3.194000000000000000e+03
3.066000000000000000e+03
3.030000000000000000e+03
3.298000000000000000e+03
3.378000000000000000e+03
3.261000000000000000e+03
3.490000000000000000e+03
3.608000000000000000e+03
3.570000000000000000e+03
3.560000000000000000e+03
3.705000000000000000e+03
3.786000000000000000e+03
3.766000000000000000e+03
3.736000000000000000e+03
3.526000000000000000e+03
3.584000000000000000e+03
3.580000000000000000e+03
3.484000000000000000e+03
3.406000000000000000e+03
3.236000000000000000e+03
3.296000000000000000e+03
3.404000000000000000e+03
3.286000000000000000e+03
3.494000000000000000e+03
3.520000000000000000e+03
3.570000000000000000e+03
3.502000000000000000e+03
3.576000000000000000e+03
3.430000000000000000e+03
3.592000000000000000e+03
3.615000000000000000e+03
3.504000000000000000e+03
3.732000000000000000e+03
3.698000000000000000e+03
3.667000000000000000e+03
3.562000000000000000e+03
3.608000000000000000e+03
3.860000000000000000e+03
3.648000000000000000e+03
3.522000000000000000e+03
3.528000000000000000e+03
3.590000000000000000e+03
3.740000000000000000e+03
3.682000000000000000e+03
3.721000000000000000e+03
3.726000000000000000e+03
3.650000000000000000e+03
3.596000000000000000e+03
3.634000000000000000e+03
3.550000000000000000e+03
3.703000000000000000e+03
3.576000000000000000e+03
3.558000000000000000e+03
3.472000000000000000e+03
3.570000000000000000e+03
3.738000000000000000e+03
3.724000000000000000e+03
3.764000000000000000e+03
3.698000000000000000e+03
3.676000000000000000e+03
3.660000000000000000e+03
3.694000000000000000e+03
3.700000000000000000e+03
3.748000000000000000e+03
3.770000000000000000e+03
3.668000000000000000e+03
3.930000000000000000e+03
3.536000000000000000e+03
3.722000000000000000e+03
3.758000000000000000e+03
3.746000000000000000e+03
3.730000000000000000e+03
3.804000000000000000e+03
3.809000000000000000e+03
3.626000000000000000e+03
3.764000000000000000e+03
3.508000000000000000e+03
3.740000000000000000e+03
3.814000000000000000e+03
3.616000000000000000e+03
3.651000000000000000e+03
3.666000000000000000e+03
3.664000000000000000e+03
3.712000000000000000e+03
3.512000000000000000e+03
3.674000000000000000e+03
3.434000000000000000e+03
3.530000000000000000e+03
3.624000000000000000e+03
3.614000000000000000e+03
3.598000000000000000e+03
3.613000000000000000e+03
3.704000000000000000e+03
3.564000000000000000e+03
3.600000000000000000e+03
3.572000000000000000e+03
3.568000000000000000e+03
3.435000000000000000e+03
3.348000000000000000e+03
3.458000000000000000e+03
3.338000000000000000e+03
3.324000000000000000e+03
3.156000000000000000e+03
2.996000000000000000e+03
2.542000000000000000e+03
1.988000000000000000e+03
3.264000000000000000e+03
3.229000000000000000e+03
3.360000000000000000e+03
3.400000000000000000e+03
3.526000000000000000e+03
3.476000000000000000e+03
3.356000000000000000e+03
3.642000000000000000e+03
3.478000000000000000e+03
3.542000000000000000e+03
3.494000000000000000e+03
3.576000000000000000e+03
3.660000000000000000e+03
3.660000000000000000e+03
3.564000000000000000e+03
3.576000000000000000e+03
3.654000000000000000e+03
3.682000000000000000e+03
3.616000000000000000e+03
3.582000000000000000e+03
