1.273354129042850169e-01
1.263903269982297461e-01
1.215839375348577861e-01
1.236852484880357622e-01
1.251292312823078234e-01
1.241452214991245750e-01
1.242807825086306162e-01
1.247560773937489709e-01
1.262390187303165934e-01
1.296302492889409297e-01
1.238009890802880958e-01
1.208380221089561113e-01
1.248118792013645090e-01
1.233326697192912574e-01
1.209267915391599724e-01
1.252177992226243264e-01
1.295785873210905659e-01
1.215484299717561056e-01
1.232626188734455008e-01
1.185925708125061262e-01
1.223929563790967789e-01
1.183894823336072294e-01
1.256392490679336116e-01
1.242911623279721461e-01
1.168330532766630458e-01
1.239269131843538096e-01
1.240160749277624680e-01
1.181506289821924460e-01
1.189475426112857892e-01
1.262932333344493896e-01
1.229500082494637825e-01
1.204875294742785014e-01
1.198005554997824823e-01
1.215896598820746799e-01
1.186536604854013383e-01
1.199484519049664605e-01
1.210908601788956845e-01
1.173416752637359006e-01
1.209920944593356612e-01
1.170790183477073698e-01
1.168818239139813447e-01
1.160752388142993197e-01
1.202481780579082171e-01
1.225234792420270141e-01
1.200437970735591803e-01
1.193527769367914715e-01
1.168355391267038579e-01
1.191108719776709096e-01
1.143967047319245783e-01
1.155029272649092109e-01
1.201175421798131165e-01
1.196772897696839894e-01
1.214912132191108274e-01
1.136355986401427209e-01
1.176864596938946433e-01
1.170427809258706986e-01
1.215628576099395119e-01
1.190989616162956566e-01
1.144902807052761845e-01
1.142038067935597923e-01
1.105054509415262648e-01
1.000496277915632753e-01
1.028968713789107786e-01
1.114713298621344550e-01
1.088485252457923741e-01
1.123639830369177195e-01
1.015043808894032090e-01
1.039477609466671060e-01
1.055693273839034829e-01
1.123750204884445131e-01
1.182879114948731797e-01
1.169508992387221225e-01
1.183089102240188623e-01
1.153374233128834359e-01
1.185998082834760214e-01
1.171992387057998602e-01
1.174479944261968695e-01
1.128750123766461000e-01
1.142894676344050758e-01
1.160699472409330718e-01
1.163525148765001127e-01
1.114577517979705168e-01
1.063490513846854779e-01
1.092907159848560961e-01
1.066367150077631998e-01
1.087507822020221948e-01
1.052421367948077890e-01
1.061900553209597642e-01
1.062660315133748673e-01
1.109604893370805118e-01
1.045507584597432926e-01
1.046477058765236390e-01
1.040894631554783040e-01
1.063654081194463780e-01
1.022780257110504215e-01
9.855072463768116409e-02
9.644586448829012282e-02
9.532296927088490524e-02
9.506300765451081158e-02
8.834839769926047803e-02
8.455508544065072629e-02
8.751971542669216564e-02
7.991395886973241824e-02
8.398710895536963539e-02
9.144243059880043101e-02
9.410831708687175667e-02
9.726222398781739220e-02
1.045935932325650075e-01
1.016333938294010919e-01
1.059401695306573382e-01
1.064508700944109959e-01
1.106019647919825877e-01
1.054663220910072308e-01
1.072895108570677686e-01
1.127367439467507060e-01
1.095810893611532111e-01
1.138383271117571205e-01
1.139563388213469391e-01
1.126360319049310582e-01
1.078223411545866928e-01
1.112163884078805481e-01
1.126484152683740608e-01
1.124874020611853487e-01
1.166672196967183245e-01
1.151336082340335687e-01
1.171614437142951548e-01
1.222189455748877718e-01
1.164370078740157438e-01
1.129667610769280878e-01
1.045089242487815956e-01
1.131988244229435725e-01
1.087811697389381993e-01
1.094289680105878237e-01
1.055586024453979421e-01
1.095342663301760028e-01
1.126110008782487126e-01
1.151429417376714781e-01
1.111947380477109892e-01
1.177082994436672442e-01
1.114409682575930594e-01
1.142173814679551397e-01
1.195061728395061668e-01
1.149296517183432675e-01
1.092396066595268250e-01
1.163684124117550511e-01
1.176005534143690079e-01
1.137626465392644892e-01
1.106360758460885746e-01
1.148161324751770795e-01
1.171908098419423144e-01
1.139103301034652682e-01
1.118069444899832815e-01
1.198653638769974772e-01
1.169279305925268603e-01
1.165505739232806787e-01
1.157198776356040959e-01
1.141625575547790816e-01
1.157203098950671805e-01
1.151623959523420948e-01
1.134815866765645637e-01
1.179425291105384993e-01
1.208261951708310411e-01
1.144934721533630850e-01
1.119978979866653596e-01
1.146059408506365229e-01
1.179690266911362223e-01
1.170445278094927460e-01
1.129204571206578328e-01
1.158035046653012184e-01
1.161603185817971645e-01
1.158902775523454054e-01
1.092800260035754895e-01
1.122398980825139586e-01
1.146988582458206563e-01
1.113448778119436738e-01
1.153858811913773263e-01
1.138727761755079504e-01
1.157481082134389910e-01
1.157918743687485763e-01
1.241238606074566431e-01
1.174986897274633152e-01
1.163288844949744577e-01
1.150451189499589882e-01
1.129802152944662103e-01
1.141720731588041632e-01
1.111722976256033224e-01
1.154812808042562922e-01
1.106402251625634853e-01
1.118255703887456320e-01
1.195901612851094087e-01
1.118275430661149067e-01
1.116362817915822619e-01
1.123474515434314397e-01
1.143359718557607763e-01
1.157822191592005473e-01
1.128450614329025020e-01
1.084317531335329127e-01
1.159775869500348083e-01
1.108769654725239168e-01
1.096996553421959592e-01
1.117548855936364577e-01
1.080202657489723744e-01
1.110494894463837090e-01
1.101096541177236238e-01
1.066403031800955692e-01
1.060204715654534113e-01
1.024385466653608828e-01
9.951225899374774309e-02
9.325985587113183595e-02
9.164314317599947524e-02
7.791613556884662006e-02
6.786518320336715204e-02
9.255413823791160122e-02
1.037757399732402164e-01
1.085448089389842719e-01
1.085191057042094037e-01
1.100495514460601704e-01
1.093126601576437790e-01
1.103695262900862839e-01
1.076684995554970242e-01
1.087720429414229945e-01
1.098312522182428308e-01
1.095338638947539328e-01
1.087174186880268678e-01
1.084098802298029823e-01
1.103712282056231037e-01
1.133813707103609320e-01
1.120709178556407587e-01
1.120240940190526113e-01
1.104358965936340087e-01
1.104290535111682459e-01
1.093168505873596263e-01
1.104326530612244894e-01
1.158239730168326570e-01
1.113690612431743193e-01
1.076503608660785843e-01
1.122432476144266528e-01
1.122611206644820031e-01
1.125257748829902177e-01
1.143828229680708547e-01
1.135196991989537302e-01
