1.159217190742492676e+01
1.148909425735473633e+01
1.166875410079956055e+01
1.155600023269653320e+01
1.159170389175415039e+01
1.151274895668029785e+01
1.148331689834594727e+01
1.151495599746704102e+01
1.158562946319580078e+01
1.147684788703918457e+01
1.149153256416320801e+01
1.155398583412170410e+01
1.154817819595336914e+01
1.151578545570373535e+01
1.156230998039245605e+01
1.154181766510009766e+01
1.150329566001892090e+01
1.149389791488647461e+01
1.151701569557189941e+01
1.151087379455566406e+01
1.150462055206298828e+01
1.159114050865173340e+01
1.153130912780761719e+01
1.158151102066040039e+01
1.150720953941345215e+01
1.154744243621826172e+01
1.157539367675781250e+01
1.155660486221313477e+01
1.155720949172973633e+01
1.153364372253417969e+01
1.152630758285522461e+01
1.153459334373474121e+01
1.152503252029418945e+01
1.167676281929016113e+01
1.157343435287475586e+01
1.145805120468139648e+01
1.152330660820007324e+01
1.155682229995727539e+01
1.148352265357971191e+01
1.169935011863708496e+01
1.152190566062927246e+01
1.155776047706604004e+01
1.147031736373901367e+01
1.155090594291687012e+01
1.155824947357177734e+01
1.165835785865783691e+01
1.152416372299194336e+01
1.159183621406555176e+01
1.154446935653686523e+01
1.159143781661987305e+01
1.153680706024169922e+01
1.146651339530944824e+01
1.150876307487487793e+01
1.158702301979064941e+01
1.141124200820922852e+01
1.154438614845275879e+01
1.153277182579040527e+01
1.146937537193298340e+01
1.154428029060363770e+01
1.146473050117492676e+01
1.148178529739379883e+01
1.153718900680541992e+01
1.146006155014038086e+01
1.148974776268005371e+01
1.157130289077758789e+01
1.146638655662536621e+01
1.147319316864013672e+01
1.153244709968566895e+01
1.154010057449340820e+01
1.145767974853515625e+01
1.142174148559570312e+01
1.153847813606262207e+01
1.149042487144470215e+01
1.150309944152832031e+01
1.151745414733886719e+01
1.156469774246215820e+01
1.148888540267944336e+01
1.151890516281127930e+01
1.160575747489929199e+01
1.153919529914855957e+01
1.149239468574523926e+01
1.150865173339843750e+01
1.151454353332519531e+01
1.154736042022705078e+01
1.148159980773925781e+01
1.146928787231445312e+01
1.151311373710632324e+01
1.151860761642456055e+01
1.148050737380981445e+01
1.149567008018493652e+01
1.151840329170227051e+01
1.147376489639282227e+01
1.150316524505615234e+01
1.151956415176391602e+01
1.154004764556884766e+01
1.157154059410095215e+01
1.157466793060302734e+01
1.151648974418640137e+01
1.166614246368408203e+01
1.153177475929260254e+01
1.150235557556152344e+01
1.146893668174743652e+01
1.160179114341735840e+01
1.156281566619873047e+01
1.160991048812866211e+01
1.151236772537231445e+01
1.152700042724609375e+01
1.147168231010437012e+01
1.150890898704528809e+01
1.150046896934509277e+01
1.145351886749267578e+01
1.153321957588195801e+01
1.149772286415100098e+01
1.157932806015014648e+01
1.148511981964111328e+01
1.153575062751770020e+01
1.148819065093994141e+01
1.153078866004943848e+01
1.153902173042297363e+01
1.150756502151489258e+01
1.155360531806945801e+01
1.163612794876098633e+01
1.152015376091003418e+01
1.149989581108093262e+01
1.160680174827575684e+01
1.154629564285278320e+01
1.153542709350585938e+01
1.152716517448425293e+01
1.156938314437866211e+01
1.147771072387695312e+01
1.152786445617675781e+01
1.151153421401977539e+01
1.154266476631164551e+01
1.157816314697265625e+01
1.149347162246704102e+01
1.153568983078002930e+01
1.167704653739929199e+01
1.156559848785400391e+01
1.153142595291137695e+01
1.148872280120849609e+01
1.160376286506652832e+01
1.152470874786376953e+01
1.160400080680847168e+01
1.154628586769104004e+01
1.153286051750183105e+01
1.151356816291809082e+01
1.148482584953308105e+01
1.155470228195190430e+01
1.158820247650146484e+01
1.149058341979980469e+01
1.159218311309814453e+01
1.157777953147888184e+01
1.155107712745666504e+01
1.148265886306762695e+01
1.162221717834472656e+01
1.154983091354370117e+01
1.151898074150085449e+01
1.150037121772766113e+01
1.156382536888122559e+01
1.158759999275207520e+01
1.157245469093322754e+01
1.155937004089355469e+01
1.148714613914489746e+01
1.148405480384826660e+01
1.151942634582519531e+01
1.152990365028381348e+01
1.159352087974548340e+01
1.152301120758056641e+01
1.148828744888305664e+01
1.149656605720520020e+01
1.162305474281311035e+01
1.155372977256774902e+01
1.150104999542236328e+01
1.157045173645019531e+01
1.164906287193298340e+01
1.147670936584472656e+01
1.155806899070739746e+01
1.154845833778381348e+01
1.151067972183227539e+01
1.148195338249206543e+01
1.150271296501159668e+01
1.155151700973510742e+01
1.142351865768432617e+01
1.148952221870422363e+01
1.148674440383911133e+01
1.160647749900817871e+01
1.152574849128723145e+01
1.151531124114990234e+01
1.155087828636169434e+01
1.153770494461059570e+01
1.149892878532409668e+01
1.150702214241027832e+01
1.167538285255432129e+01
1.163714647293090820e+01
1.153056406974792480e+01
1.156754374504089355e+01
1.157040119171142578e+01
1.155318689346313477e+01
1.149480891227722168e+01
1.151280450820922852e+01
1.161216044425964355e+01
1.152239227294921875e+01
1.151913452148437500e+01
1.152250170707702637e+01
1.158746242523193359e+01
1.150887966156005859e+01
1.150457477569580078e+01
1.148952937126159668e+01
1.161112380027770996e+01
1.156564831733703613e+01
1.154266738891601562e+01
1.156178808212280273e+01
1.158719205856323242e+01
1.151155924797058105e+01
1.152088165283203125e+01
1.156535148620605469e+01
1.150928950309753418e+01
1.150438904762268066e+01
1.154014635086059570e+01
1.157431054115295410e+01
1.156049823760986328e+01
1.148866343498229980e+01
1.164522051811218262e+01
1.162048053741455078e+01
1.156802225112915039e+01
1.148953938484191895e+01
1.155200457572937012e+01
1.157476115226745605e+01
1.149230194091796875e+01
1.157098555564880371e+01
1.156339883804321289e+01
1.149727869033813477e+01
1.153354167938232422e+01
1.153469777107238770e+01
1.165139842033386230e+01
1.157097029685974121e+01
1.152448105812072754e+01
1.151082587242126465e+01
1.157613158226013184e+01
1.153696370124816895e+01
1.153694200515747070e+01
