5.392000000000000000e+03
2.934000000000000000e+03
3.101000000000000000e+03
3.263000000000000000e+03
3.249000000000000000e+03
3.411000000000000000e+03
3.299000000000000000e+03
3.519000000000000000e+03
3.735000000000000000e+03
3.535000000000000000e+03
3.718000000000000000e+03
3.983000000000000000e+03
4.391000000000000000e+03
4.079000000000000000e+03
4.626000000000000000e+03
4.331000000000000000e+03
4.505000000000000000e+03
4.953000000000000000e+03
5.065000000000000000e+03
4.979000000000000000e+03
5.475000000000000000e+03
5.271000000000000000e+03
5.436000000000000000e+03
6.163000000000000000e+03
6.097000000000000000e+03
6.771000000000000000e+03
7.707000000000000000e+03
7.808000000000000000e+03
7.617000000000000000e+03
8.155000000000000000e+03
8.221000000000000000e+03
8.771000000000000000e+03
9.613000000000000000e+03
9.601000000000000000e+03
1.034500000000000000e+04
1.354100000000000000e+04
1.329500000000000000e+04
1.012500000000000000e+04
1.533000000000000000e+03
1.669000000000000000e+03
1.914000000000000000e+03
