3.680000000000000000e+02
3.720000000000000000e+02
3.920000000000000000e+02
4.000000000000000000e+02
3.720000000000000000e+02
4.620000000000000000e+02
4.300000000000000000e+02
4.400000000000000000e+02
4.320000000000000000e+02
4.040000000000000000e+02
3.840000000000000000e+02
4.380000000000000000e+02
4.580000000000000000e+02
4.060000000000000000e+02
4.260000000000000000e+02
4.200000000000000000e+02
4.180000000000000000e+02
3.900000000000000000e+02
3.840000000000000000e+02
4.620000000000000000e+02
4.180000000000000000e+02
4.720000000000000000e+02
4.650000000000000000e+02
5.280000000000000000e+02
5.060000000000000000e+02
4.660000000000000000e+02
5.100000000000000000e+02
4.460000000000000000e+02
5.440000000000000000e+02
5.160000000000000000e+02
5.940000000000000000e+02
5.920000000000000000e+02
5.620000000000000000e+02
6.670000000000000000e+02
6.860000000000000000e+02
6.660000000000000000e+02
7.020000000000000000e+02
7.820000000000000000e+02
7.820000000000000000e+02
7.300000000000000000e+02
8.340000000000000000e+02
8.500000000000000000e+02
9.580000000000000000e+02
9.280000000000000000e+02
1.106000000000000000e+03
1.060000000000000000e+03
1.138000000000000000e+03
1.276000000000000000e+03
1.272000000000000000e+03
1.552000000000000000e+03
1.474000000000000000e+03
1.562000000000000000e+03
1.692000000000000000e+03
1.750000000000000000e+03
1.626000000000000000e+03
1.742000000000000000e+03
1.820000000000000000e+03
1.996000000000000000e+03
2.132000000000000000e+03
2.074000000000000000e+03
2.168000000000000000e+03
1.928000000000000000e+03
1.906000000000000000e+03
2.034000000000000000e+03
2.042000000000000000e+03
1.662000000000000000e+03
1.334000000000000000e+03
7.900000000000000000e+02
6.720000000000000000e+02
5.880000000000000000e+02
5.620000000000000000e+02
5.240000000000000000e+02
4.680000000000000000e+02
4.820000000000000000e+02
4.460000000000000000e+02
4.100000000000000000e+02
4.400000000000000000e+02
4.940000000000000000e+02
4.700000000000000000e+02
3.920000000000000000e+02
4.460000000000000000e+02
3.880000000000000000e+02
4.480000000000000000e+02
4.040000000000000000e+02
4.260000000000000000e+02
4.400000000000000000e+02
4.920000000000000000e+02
4.220000000000000000e+02
4.100000000000000000e+02
4.500000000000000000e+02
4.460000000000000000e+02
4.000000000000000000e+02
4.120000000000000000e+02
4.360000000000000000e+02
4.580000000000000000e+02
6.160000000000000000e+02
9.620000000000000000e+02
9.840000000000000000e+02
7.040000000000000000e+02
4.230000000000000000e+02
5.020000000000000000e+02
4.880000000000000000e+02
4.060000000000000000e+02
4.360000000000000000e+02
4.400000000000000000e+02
4.220000000000000000e+02
3.860000000000000000e+02
4.640000000000000000e+02
4.280000000000000000e+02
4.000000000000000000e+02
3.820000000000000000e+02
3.820000000000000000e+02
4.220000000000000000e+02
4.840000000000000000e+02
4.000000000000000000e+02
4.760000000000000000e+02
4.620000000000000000e+02
4.480000000000000000e+02
4.800000000000000000e+02
4.980000000000000000e+02
5.240000000000000000e+02
5.780000000000000000e+02
5.840000000000000000e+02
5.900000000000000000e+02
5.600000000000000000e+02
6.080000000000000000e+02
5.220000000000000000e+02
5.860000000000000000e+02
5.660000000000000000e+02
6.080000000000000000e+02
5.440000000000000000e+02
4.460000000000000000e+02
5.220000000000000000e+02
5.980000000000000000e+02
5.420000000000000000e+02
5.800000000000000000e+02
5.560000000000000000e+02
5.480000000000000000e+02
5.640000000000000000e+02
5.780000000000000000e+02
5.280000000000000000e+02
5.840000000000000000e+02
5.920000000000000000e+02
5.440000000000000000e+02
4.960000000000000000e+02
5.920000000000000000e+02
5.380000000000000000e+02
5.060000000000000000e+02
4.480000000000000000e+02
4.720000000000000000e+02
4.260000000000000000e+02
5.520000000000000000e+02
5.900000000000000000e+02
5.840000000000000000e+02
5.220000000000000000e+02
6.580000000000000000e+02
7.260000000000000000e+02
7.760000000000000000e+02
7.740000000000000000e+02
1.000000000000000000e+03
1.300000000000000000e+03
1.500000000000000000e+03
1.134000000000000000e+03
8.340000000000000000e+02
8.940000000000000000e+02
1.084000000000000000e+03
1.842000000000000000e+03
1.376000000000000000e+03
8.720000000000000000e+02
8.700000000000000000e+02
8.480000000000000000e+02
6.080000000000000000e+02
6.520000000000000000e+02
5.320000000000000000e+02
4.960000000000000000e+02
4.980000000000000000e+02
4.960000000000000000e+02
4.360000000000000000e+02
4.520000000000000000e+02
4.080000000000000000e+02
4.480000000000000000e+02
4.220000000000000000e+02
4.700000000000000000e+02
4.420000000000000000e+02
4.400000000000000000e+02
3.760000000000000000e+02
4.320000000000000000e+02
5.040000000000000000e+02
4.310000000000000000e+02
6.370000000000000000e+02
6.480000000000000000e+02
5.960000000000000000e+02
7.640000000000000000e+02
8.760000000000000000e+02
9.900000000000000000e+02
9.340000000000000000e+02
6.840000000000000000e+02
6.340000000000000000e+02
9.780000000000000000e+02
1.256000000000000000e+03
5.780000000000000000e+02
4.560000000000000000e+02
4.720000000000000000e+02
5.680000000000000000e+02
5.020000000000000000e+02
3.880000000000000000e+02
4.680000000000000000e+02
4.360000000000000000e+02
4.720000000000000000e+02
4.560000000000000000e+02
4.800000000000000000e+02
4.560000000000000000e+02
4.760000000000000000e+02
4.400000000000000000e+02
4.700000000000000000e+02
5.220000000000000000e+02
3.920000000000000000e+02
4.300000000000000000e+02
4.640000000000000000e+02
4.040000000000000000e+02
4.460000000000000000e+02
3.960000000000000000e+02
4.080000000000000000e+02
4.600000000000000000e+02
4.700000000000000000e+02
5.000000000000000000e+02
4.340000000000000000e+02
3.880000000000000000e+02
4.320000000000000000e+02
4.720000000000000000e+02
4.800000000000000000e+02
7.720000000000000000e+02
6.500000000000000000e+02
6.180000000000000000e+02
4.780000000000000000e+02
4.240000000000000000e+02
4.240000000000000000e+02
4.020000000000000000e+02
4.260000000000000000e+02
4.200000000000000000e+02
4.480000000000000000e+02
