1.768147345612134172e-02
1.701114979507293776e-02
1.697988061021445810e-02
1.890857921815223761e-02
2.202780121685837464e-02
1.949486635186067560e-02
1.992082748052611402e-02
2.068818123530669073e-02
1.850656337421992606e-02
2.083423012354181786e-02
1.882906737275669151e-02
1.883817073690491339e-02
2.113113735239278979e-02
1.951832460732984276e-02
1.993244652016179508e-02
1.947802315150997526e-02
1.943106500349923993e-02
2.084471527631855461e-02
2.193858826407861853e-02
2.000913279920295620e-02
2.139214792089880190e-02
2.178112028931903157e-02
2.125363221253632334e-02
2.299613963720891635e-02
2.295802080311632257e-02
2.259372672349582029e-02
2.152585171999834429e-02
2.597619544790144216e-02
2.571605192664331435e-02
2.516517274754870997e-02
2.615146054230753012e-02
2.448373933473475816e-02
2.814796363183460007e-02
2.782289974592860871e-02
2.891149458424282365e-02
2.787598033239871431e-02
2.844738474260905675e-02
3.149415050803545946e-02
3.404665355121050396e-02
3.199287247398047845e-02
3.642768504063088192e-02
3.644976114969290804e-02
3.687590636005800421e-02
3.858702219357956764e-02
3.931104356636271752e-02
4.188354920711778034e-02
4.498228573703275807e-02
4.588079043747736452e-02
4.849072614862407621e-02
4.816015096197234779e-02
5.209142576767387955e-02
5.326934613077384528e-02
5.863296404431467962e-02
5.622101230086710977e-02
5.942214063372974753e-02
6.506863019728680031e-02
6.500741453248366775e-02
6.268332864547755678e-02
7.223530350800175248e-02
7.790970098876226491e-02
8.590722020218163890e-02
9.323662027053518375e-02
9.619127050319710437e-02
9.294572067493392376e-02
9.561942517343904879e-02
8.974820863856530773e-02
8.325741672277894856e-02
6.827903258045173174e-02
4.126721110979603147e-02
3.014019635570280159e-02
2.638375650653633844e-02
2.490947435438303423e-02
2.353682056126264396e-02
2.042884358153297317e-02
2.254479294387532959e-02
2.242521660720586674e-02
2.355329949238578816e-02
2.087278881411935502e-02
2.013774215634943007e-02
1.915040370024749528e-02
1.726560931539851407e-02
2.042194763399420021e-02
2.059202059202059135e-02
1.748265454117831422e-02
1.932596728842422146e-02
1.878386514148103550e-02
1.837746342642969377e-02
1.873330941847024464e-02
1.886866932459637519e-02
1.747144860749348660e-02
1.972922241303566582e-02
1.999442386585414261e-02
2.045119961803206973e-02
1.811724330579831538e-02
2.079417763026352589e-02
2.074179630289356077e-02
1.979417215409487105e-02
1.956717410871522053e-02
1.952832788692468111e-02
2.527147087857847807e-02
3.801865802724540416e-02
4.027417418580335473e-02
3.747573584756169751e-02
2.819948236566616542e-02
2.057339539249814289e-02
1.884327619650845095e-02
1.909214884083381900e-02
1.865079365079365045e-02
2.007498828308076910e-02
1.745931426765681693e-02
1.873955133937249551e-02
1.827768014059753809e-02
1.919219727061784869e-02
1.949697796841489555e-02
1.884560473179685766e-02
1.961335959165628334e-02
2.025076138116520957e-02
2.096132996024575521e-02
2.098149385092923716e-02
2.192651439920556208e-02
2.205704128625676774e-02
2.358265840876607941e-02
2.390626849185372230e-02
2.250485359958794007e-02
2.286712453848902329e-02
2.246279852410493563e-02
2.196656912654828403e-02
2.097762120180951886e-02
2.223560104354806513e-02
2.105011362277239492e-02
2.266333848409208054e-02
2.192222446101148650e-02
2.380668967980002423e-02
2.343687931993326465e-02
2.055147788137274417e-02
2.648258043680109738e-02
2.418619404464533371e-02
2.373723433618548165e-02
2.214794829460798101e-02
2.629986688717679891e-02
2.428599960055921603e-02
2.470526696978232045e-02
2.161642848564909389e-02
2.491060307766483281e-02
2.203300916024373418e-02
2.180392797354130038e-02
2.483582089552238692e-02
2.472227832761058480e-02
2.465179341797115592e-02
2.189520447423743549e-02
2.137219186399514151e-02
2.065568341750144768e-02
2.045022834741138870e-02
2.269343741198245543e-02
2.258025633814134819e-02
2.517740448221945926e-02
2.375887947987317950e-02
2.442476444660115695e-02
2.904170620023926314e-02
2.846033591213372252e-02
3.256070640176600417e-02
3.794580314613937161e-02
4.651905046878116595e-02
5.152234408250122577e-02
4.029021928580114181e-02
4.240355350826684189e-02
3.694817658349328071e-02
4.257854390912340498e-02
5.501816252397861290e-02
6.245735158351061606e-02
7.363048108998834773e-02
7.505246265893099344e-02
4.837600614812118116e-02
3.986183348552824884e-02
3.030669407165598531e-02
2.551732387065906368e-02
2.463352582481928565e-02
2.185002209101498047e-02
2.011482874678281393e-02
1.859072826814762297e-02
1.865893842550319509e-02
1.997352905787510430e-02
1.924087473220421202e-02
1.970132786949840495e-02
1.861086026149436426e-02
1.728188587584119848e-02
1.887019713333601065e-02
1.991476480662763421e-02
1.731774470292486365e-02
1.821290810036982691e-02
1.656823496769590717e-02
1.844123842454592488e-02
2.117420596727622589e-02
2.627335299901671639e-02
2.917223775373769395e-02
3.096532040505141359e-02
3.778990978433422604e-02
4.674338592952900773e-02
4.096618357487922385e-02
4.099828842096883003e-02
4.623018274234539510e-02
4.744341344100632546e-02
4.108251649939469868e-02
2.942203935877032994e-02
3.157688540646425013e-02
4.700937852667626260e-02
4.333161382484822244e-02
2.213609301953889733e-02
2.462918519101388662e-02
2.399717680272909007e-02
2.214874716169382141e-02
1.801012073156154150e-02
1.933539473169204256e-02
1.924997004672710649e-02
1.812784484464674550e-02
1.827482525674567482e-02
1.732215267115467736e-02
1.912387763827885084e-02
1.850472419335868687e-02
2.007342029211903536e-02
1.770747255341754284e-02
1.882591883763621438e-02
2.000238123586141337e-02
1.861501133606459704e-02
1.832553383931731505e-02
1.681202888827499145e-02
1.738727251651791053e-02
1.881667519584300993e-02
1.800826989218224511e-02
1.722083413415337327e-02
1.838937156660302996e-02
1.720124669586144475e-02
1.816402427089449864e-02
1.700478506742595167e-02
1.807016857668087770e-02
1.856586555481257172e-02
1.771458076816141702e-02
1.972216787321463480e-02
1.908974508206262230e-02
1.970366316118691077e-02
2.551120530633070246e-02
