1.161017990112304688e+01
1.152566599845886230e+01
1.149475193023681641e+01
1.153245019912719727e+01
1.145021867752075195e+01
1.145764923095703125e+01
1.151602840423583984e+01
1.156968784332275391e+01
1.149576210975646973e+01
1.146321630477905273e+01
1.147604751586914062e+01
1.149264216423034668e+01
1.145233273506164551e+01
1.146190547943115234e+01
1.147823452949523926e+01
1.148524618148803711e+01
1.144810080528259277e+01
1.146225070953369141e+01
1.163386678695678711e+01
1.144924068450927734e+01
1.145077133178710938e+01
1.152807903289794922e+01
1.147674369812011719e+01
1.150205516815185547e+01
1.153345823287963867e+01
1.153811264038085938e+01
1.148693919181823730e+01
1.145636200904846191e+01
1.149134802818298340e+01
1.147319889068603516e+01
1.149324965476989746e+01
1.146615338325500488e+01
1.160208082199096680e+01
1.144882249832153320e+01
1.149482703208923340e+01
1.153535199165344238e+01
1.149954986572265625e+01
1.146956753730773926e+01
1.144076442718505859e+01
1.158728575706481934e+01
1.151082277297973633e+01
1.150860643386840820e+01
1.145195388793945312e+01
1.148458003997802734e+01
1.147972464561462402e+01
1.147009563446044922e+01
1.153140974044799805e+01
1.147178864479064941e+01
1.146624779701232910e+01
1.150629305839538574e+01
1.142865705490112305e+01
1.146649479866027832e+01
1.144336342811584473e+01
1.141757225990295410e+01
1.150651955604553223e+01
1.140805912017822266e+01
1.144536924362182617e+01
1.148432493209838867e+01
1.145193719863891602e+01
1.149157691001892090e+01
1.146283388137817383e+01
1.143869781494140625e+01
1.147166609764099121e+01
1.138003110885620117e+01
1.148614335060119629e+01
1.148199176788330078e+01
1.153476762771606445e+01
1.146347951889038086e+01
1.152964401245117188e+01
1.144731831550598145e+01
1.152910661697387695e+01
1.156900668144226074e+01
1.145499658584594727e+01
1.149937677383422852e+01
1.151244044303894043e+01
1.158121347427368164e+01
1.160438489913940430e+01
1.152620363235473633e+01
1.148922324180603027e+01
1.156468486785888672e+01
1.153929066658020020e+01
1.149334836006164551e+01
1.167403578758239746e+01
1.158567190170288086e+01
1.145458412170410156e+01
1.154429054260253906e+01
1.156333255767822266e+01
1.155827498435974121e+01
1.154007601737976074e+01
1.152544093132019043e+01
1.153231620788574219e+01
1.146762943267822266e+01
1.146727824211120605e+01
1.145177006721496582e+01
1.146299481391906738e+01
1.155290412902832031e+01
1.152715945243835449e+01
1.146513938903808594e+01
1.155848598480224609e+01
1.152209138870239258e+01
1.157132530212402344e+01
1.150164341926574707e+01
1.159830141067504883e+01
1.146356225013732910e+01
1.151842045783996582e+01
1.149387860298156738e+01
1.156256771087646484e+01
1.148451256752014160e+01
1.159956669807434082e+01
1.150820040702819824e+01
1.147639226913452148e+01
1.141739630699157715e+01
1.148305177688598633e+01
1.151642131805419922e+01
1.149104952812194824e+01
1.158477091789245605e+01
1.150995564460754395e+01
1.157510566711425781e+01
1.145502662658691406e+01
1.147127556800842285e+01
1.151242613792419434e+01
1.152659344673156738e+01
1.148416256904602051e+01
1.150855374336242676e+01
1.153675627708435059e+01
1.148800659179687500e+01
1.154416155815124512e+01
1.153350543975830078e+01
1.165107250213623047e+01
1.146636176109313965e+01
1.147077131271362305e+01
1.146487402915954590e+01
1.153854274749755859e+01
1.139174580574035645e+01
1.152166199684143066e+01
1.158948397636413574e+01
1.149569797515869141e+01
1.148397016525268555e+01
1.148215651512145996e+01
1.148656296730041504e+01
1.156608080863952637e+01
1.145660901069641113e+01
1.153460240364074707e+01
1.156477618217468262e+01
1.146886110305786133e+01
1.149667525291442871e+01
1.154301357269287109e+01
1.156729722023010254e+01
1.154125547409057617e+01
1.149064064025878906e+01
1.147616338729858398e+01
1.156899976730346680e+01
1.148977398872375488e+01
1.145251464843750000e+01
1.150081515312194824e+01
1.155775451660156250e+01
1.147179126739501953e+01
1.149237537384033203e+01
1.145368790626525879e+01
1.148755478858947754e+01
1.146537399291992188e+01
1.152651572227478027e+01
1.154440736770629883e+01
1.147856950759887695e+01
1.148003220558166504e+01
1.143718314170837402e+01
1.151023244857788086e+01
1.149229788780212402e+01
1.153053951263427734e+01
1.152261519432067871e+01
1.158234453201293945e+01
1.145232248306274414e+01
1.146567726135253906e+01
1.152338886260986328e+01
1.160080194473266602e+01
1.167582988739013672e+01
1.153419899940490723e+01
1.158912801742553711e+01
1.147216892242431641e+01
1.150738453865051270e+01
1.150089502334594727e+01
1.160411357879638672e+01
1.150636601448059082e+01
1.149319815635681152e+01
1.150827813148498535e+01
1.159890270233154297e+01
1.145914340019226074e+01
1.152572584152221680e+01
1.155210471153259277e+01
1.160212469100952148e+01
1.147801971435546875e+01
1.154247450828552246e+01
1.151725554466247559e+01
1.154083728790283203e+01
1.157244539260864258e+01
1.148270344734191895e+01
1.160265707969665527e+01
1.152928328514099121e+01
1.144842219352722168e+01
1.146076297760009766e+01
1.155604696273803711e+01
1.146443510055541992e+01
1.146268415451049805e+01
1.145920920372009277e+01
1.153154134750366211e+01
1.154814100265502930e+01
1.157588601112365723e+01
1.165791511535644531e+01
1.156062531471252441e+01
1.148203039169311523e+01
1.155086398124694824e+01
1.152070546150207520e+01
1.161748576164245605e+01
1.159347200393676758e+01
1.154411768913269043e+01
1.157650041580200195e+01
1.153455185890197754e+01
1.146061420440673828e+01
1.149371886253356934e+01
1.156805872917175293e+01
1.154548811912536621e+01
1.155276656150817871e+01
1.147531509399414062e+01
1.163100838661193848e+01
1.155220818519592285e+01
1.150603747367858887e+01
1.150584197044372559e+01
1.158582091331481934e+01
1.145887875556945801e+01
1.148274803161621094e+01
1.150430750846862793e+01
1.157999920845031738e+01
1.264463162422180176e+01
1.160721945762634277e+01
1.153199458122253418e+01
1.154220914840698242e+01
1.147997355461120605e+01
1.153848886489868164e+01
1.160449981689453125e+01
1.152367806434631348e+01
1.148976802825927734e+01
