4.995000000000000000e+03
3.029000000000000000e+03
3.033000000000000000e+03
3.217000000000000000e+03
3.177000000000000000e+03
3.283000000000000000e+03
3.207000000000000000e+03
3.417000000000000000e+03
3.409000000000000000e+03
3.547000000000000000e+03
4.099000000000000000e+03
3.833000000000000000e+03
3.793000000000000000e+03
4.208000000000000000e+03
4.333000000000000000e+03
5.211000000000000000e+03
5.017000000000000000e+03
4.845000000000000000e+03
4.693000000000000000e+03
5.165000000000000000e+03
5.313000000000000000e+03
5.301000000000000000e+03
5.525000000000000000e+03
5.699000000000000000e+03
6.411000000000000000e+03
6.563000000000000000e+03
6.669000000000000000e+03
6.699000000000000000e+03
7.169000000000000000e+03
7.191000000000000000e+03
7.195000000000000000e+03
7.853000000000000000e+03
8.343000000000000000e+03
9.409000000000000000e+03
9.597000000000000000e+03
9.301000000000000000e+03
1.003700000000000000e+04
1.025500000000000000e+04
1.084300000000000000e+04
1.096300000000000000e+04
1.223500000000000000e+04
