2.854500000000000000e+04
2.999300000000000000e+04
3.007300000000000000e+04
2.995900000000000000e+04
2.995300000000000000e+04
2.971300000000000000e+04
2.985500000000000000e+04
2.951700000000000000e+04
2.995700000000000000e+04
2.972900000000000000e+04
3.018100000000000000e+04
2.986300000000000000e+04
2.954100000000000000e+04
2.961900000000000000e+04
2.921900000000000000e+04
2.933100000000000000e+04
2.972500000000000000e+04
2.928800000000000000e+04
2.969500000000000000e+04
2.965000000000000000e+04
2.978500000000000000e+04
2.968500000000000000e+04
2.949500000000000000e+04
2.953100000000000000e+04
2.926400000000000000e+04
2.962700000000000000e+04
2.967300000000000000e+04
2.927900000000000000e+04
2.967300000000000000e+04
3.003300000000000000e+04
2.938700000000000000e+04
2.955300000000000000e+04
2.963500000000000000e+04
2.960300000000000000e+04
3.023900000000000000e+04
2.985300000000000000e+04
2.981100000000000000e+04
2.967100000000000000e+04
2.975700000000000000e+04
2.959500000000000000e+04
2.930900000000000000e+04
2.939300000000000000e+04
3.035900000000000000e+04
2.982700000000000000e+04
2.987100000000000000e+04
3.013300000000000000e+04
2.937300000000000000e+04
2.963500000000000000e+04
2.961300000000000000e+04
2.998500000000000000e+04
3.014900000000000000e+04
2.950900000000000000e+04
3.009500000000000000e+04
2.987700000000000000e+04
2.961700000000000000e+04
3.015500000000000000e+04
2.973700000000000000e+04
2.993300000000000000e+04
2.984300000000000000e+04
3.036900000000000000e+04
2.920100000000000000e+04
3.021900000000000000e+04
2.994500000000000000e+04
2.960100000000000000e+04
3.006900000000000000e+04
2.989100000000000000e+04
2.991500000000000000e+04
2.998300000000000000e+04
2.960500000000000000e+04
3.012700000000000000e+04
2.965300000000000000e+04
3.001500000000000000e+04
2.968100000000000000e+04
2.985300000000000000e+04
2.961500000000000000e+04
2.958900000000000000e+04
2.985500000000000000e+04
3.012300000000000000e+04
2.987900000000000000e+04
3.040100000000000000e+04
3.010100000000000000e+04
3.076900000000000000e+04
3.038300000000000000e+04
3.028500000000000000e+04
3.018700000000000000e+04
3.019700000000000000e+04
2.961700000000000000e+04
2.956200000000000000e+04
3.006900000000000000e+04
3.007100000000000000e+04
2.969600000000000000e+04
3.039300000000000000e+04
2.987700000000000000e+04
2.981900000000000000e+04
2.981300000000000000e+04
3.002300000000000000e+04
3.005100000000000000e+04
3.017900000000000000e+04
2.982500000000000000e+04
3.034900000000000000e+04
2.965100000000000000e+04
2.978500000000000000e+04
2.969500000000000000e+04
3.057500000000000000e+04
2.975900000000000000e+04
3.023500000000000000e+04
2.942500000000000000e+04
3.011900000000000000e+04
2.963500000000000000e+04
3.004300000000000000e+04
3.019100000000000000e+04
2.978400000000000000e+04
2.988300000000000000e+04
3.039100000000000000e+04
3.023200000000000000e+04
3.053700000000000000e+04
2.995900000000000000e+04
3.033700000000000000e+04
3.014500000000000000e+04
2.977700000000000000e+04
3.018100000000000000e+04
3.012900000000000000e+04
2.960300000000000000e+04
2.986700000000000000e+04
3.016300000000000000e+04
2.992700000000000000e+04
2.983100000000000000e+04
2.969500000000000000e+04
2.979500000000000000e+04
2.981300000000000000e+04
2.953900000000000000e+04
2.937500000000000000e+04
2.922600000000000000e+04
2.974500000000000000e+04
2.934300000000000000e+04
2.953700000000000000e+04
2.983700000000000000e+04
2.997200000000000000e+04
2.939000000000000000e+04
2.973300000000000000e+04
2.955300000000000000e+04
2.967900000000000000e+04
2.971900000000000000e+04
2.972300000000000000e+04
2.998700000000000000e+04
2.934700000000000000e+04
2.960900000000000000e+04
2.996900000000000000e+04
2.993300000000000000e+04
2.932700000000000000e+04
2.984000000000000000e+04
2.966100000000000000e+04
2.941900000000000000e+04
2.997500000000000000e+04
2.974500000000000000e+04
2.971700000000000000e+04
2.941700000000000000e+04
2.924100000000000000e+04
2.932300000000000000e+04
2.965700000000000000e+04
2.899500000000000000e+04
2.992900000000000000e+04
2.937900000000000000e+04
2.952300000000000000e+04
2.982100000000000000e+04
2.980900000000000000e+04
2.908900000000000000e+04
2.919300000000000000e+04
2.946500000000000000e+04
2.945700000000000000e+04
2.954100000000000000e+04
2.944700000000000000e+04
2.971900000000000000e+04
2.996300000000000000e+04
2.948900000000000000e+04
2.992600000000000000e+04
2.921300000000000000e+04
2.955500000000000000e+04
2.963100000000000000e+04
2.978300000000000000e+04
2.925900000000000000e+04
2.893500000000000000e+04
2.942100000000000000e+04
2.918700000000000000e+04
2.991100000000000000e+04
2.948500000000000000e+04
2.991100000000000000e+04
2.924500000000000000e+04
2.918500000000000000e+04
2.944900000000000000e+04
2.960500000000000000e+04
2.939100000000000000e+04
2.955700000000000000e+04
2.931700000000000000e+04
2.952900000000000000e+04
2.905100000000000000e+04
2.915100000000000000e+04
2.971300000000000000e+04
2.916700000000000000e+04
2.941500000000000000e+04
2.941100000000000000e+04
2.908500000000000000e+04
2.969700000000000000e+04
2.925100000000000000e+04
2.925900000000000000e+04
2.924500000000000000e+04
2.897700000000000000e+04
2.917200000000000000e+04
2.943800000000000000e+04
2.941900000000000000e+04
2.909300000000000000e+04
2.948500000000000000e+04
2.940300000000000000e+04
2.977700000000000000e+04
2.969100000000000000e+04
2.947900000000000000e+04
2.954700000000000000e+04
2.939700000000000000e+04
2.924100000000000000e+04
2.939300000000000000e+04
2.947300000000000000e+04
2.945100000000000000e+04
2.963700000000000000e+04
2.946300000000000000e+04
2.980700000000000000e+04
2.968300000000000000e+04
2.984700000000000000e+04
2.963500000000000000e+04
2.967500000000000000e+04
2.923100000000000000e+04
2.988500000000000000e+04
2.892900000000000000e+04
2.971800000000000000e+04
2.972500000000000000e+04
2.972500000000000000e+04
2.960700000000000000e+04
2.939100000000000000e+04
2.947300000000000000e+04
2.948700000000000000e+04
2.994700000000000000e+04
2.975900000000000000e+04
