6.631695830302102024e-02
6.388920769731053217e-02
6.259651237241535549e-02
6.235486695344322206e-02
6.292289460606292906e-02
6.586345381526104159e-02
6.427103926813194923e-02
6.393735507659557837e-02
6.571174858113586204e-02
5.923042032053220385e-02
6.110658756930711921e-02
6.397603778656733853e-02
6.590091657964960992e-02
6.324351031887803787e-02
5.904141878998764997e-02
5.879429641805879181e-02
6.431354745961487263e-02
6.306899624220353717e-02
6.033779848573092575e-02
6.102308025006880632e-02
5.819719392658082024e-02
6.384266263237518835e-02
6.224207776473705822e-02
5.791520368482652031e-02
5.608906913570799874e-02
5.818306845965769830e-02
5.940068947228852037e-02
6.330113145134007302e-02
5.651527285207642165e-02
5.567287387214436833e-02
5.621720981886416807e-02
5.042599946027217367e-02
5.187692541741147773e-02
4.833097541391045276e-02
4.450825556353194684e-02
4.697701371450647284e-02
4.646316520665302874e-02
4.307991473766874940e-02
4.367314101827376310e-02
4.166194094741219878e-02
3.825733328312685977e-02
3.339112082610989907e-02
3.121575148331506844e-02
2.787216982933068618e-02
2.395392302704352216e-02
2.326753790669717353e-02
1.417579501952014563e-02
9.910425004764626677e-03
5.653818237383962872e-03
2.923189353436670638e-03
9.014761672238289815e-04
4.597348862156156487e-04
2.227770309199155006e-03
1.205049002783815763e-02
2.352941176470588203e-02
3.585395129128431807e-02
4.293436293436293100e-02
4.722613027111297046e-02
3.569402956857110204e-02
4.193754462440343889e-02
3.203865452518118995e-02
6.442671461212870487e-03
6.849054449982877601e-04
1.592198986782462911e-02
3.009690290708721266e-02
4.265673117134927833e-02
4.651868715613735605e-02
5.123115098301202208e-02
5.298611372445715534e-02
5.799003899463341105e-02
5.735976381273723973e-02
5.629934775145897796e-02
6.314743320209471877e-02
6.233467510063255002e-02
6.461973769739609574e-02
5.681145697715705989e-02
5.982473222979552141e-02
6.045631780102690700e-02
5.784902628457742196e-02
6.134360813336894175e-02
5.975896191906356764e-02
6.054828993022457612e-02
5.786767741209141586e-02
6.537855798409711316e-02
6.159571640147343957e-02
6.514632926969965432e-02
6.116350370629099198e-02
6.298483269653815109e-02
5.864091065884787651e-02
5.683355886332882440e-02
5.753228660717647769e-02
2.813696863979371285e-02
1.703200183304055468e-02
5.146859641654735057e-02
5.995435732796967204e-02
6.305857082582179418e-02
6.489126642632864206e-02
6.627858311456073792e-02
6.322169793225150547e-02
6.263622806011241717e-02
6.200863264991521295e-02
6.083503604610817489e-02
6.167857966336177250e-02
6.149540486365871056e-02
6.142686267700737252e-02
6.479786422578184824e-02
6.186115438689820251e-02
6.284391484194147559e-02
6.171959953504068536e-02
5.912898457339953867e-02
6.160195085349840644e-02
6.114716584761976242e-02
6.371432908318154509e-02
5.793821432612877853e-02
5.701969977691231234e-02
6.083563771354975891e-02
5.635288356499792983e-02
5.801115311201766878e-02
5.598077278609724788e-02
5.482663440087722634e-02
5.250704225352112453e-02
4.945904173106645957e-02
5.411738029552926738e-02
5.144815637829083799e-02
5.248485299037282392e-02
5.252344129403414136e-02
5.537224561004285700e-02
5.253548939975408866e-02
5.746828889464147133e-02
5.766959966480020988e-02
5.878545592994479513e-02
5.729774498362383978e-02
5.756872884900566395e-02
5.577598911688017025e-02
5.909613317020724621e-02
5.304293069600325705e-02
4.911730675922815897e-02
5.599490273977737048e-02
5.947599218778788777e-02
5.731058521372225240e-02
5.759891578511463356e-02
5.468837313266028399e-02
6.048130543807777454e-02
6.074366322998474288e-02
5.822470981555914749e-02
6.459534883720929876e-02
6.167269473134717739e-02
6.020732127146845997e-02
5.801481699900482708e-02
5.632965481365882765e-02
5.555555555555555247e-02
5.666580473569502591e-02
5.729069026283228894e-02
5.445526090037670908e-02
5.459846276172806989e-02
4.597003603261900356e-02
3.654898999433641577e-02
2.275408089494311559e-02
1.334095673718315236e-02
5.279703064045752209e-02
5.718318455786983862e-02
5.840353594499641393e-02
5.409623876960560629e-02
2.916087332306189009e-02
3.602517240079888133e-02
5.505479298350600403e-02
4.999437844320353541e-02
5.505980634137080248e-02
5.642073963947221577e-02
5.591495479135928648e-02
5.937131779999239856e-02
5.682201010668164187e-02
5.820484789082821381e-02
6.091638116034787942e-02
6.409531350148926776e-02
6.399696337065856333e-02
6.143499452147958145e-02
5.718972523580509448e-02
6.248339217249364308e-02
6.552782091587440461e-02
5.816706121068650898e-02
5.878194873321180430e-02
6.052641459843052102e-02
6.196982208542901882e-02
5.607548034684289168e-02
5.667378837287754406e-02
5.670893652040549099e-02
5.736451456491738210e-02
5.774219014322769933e-02
6.021247043807950727e-02
6.253464907417673191e-02
6.024502641339777448e-02
5.853732131407234085e-02
5.891380020211850477e-02
5.960190426209843739e-02
5.888378798801077729e-02
6.132670617472758823e-02
5.792876630414470901e-02
6.119685892228540758e-02
5.637700940248711184e-02
6.101309049516220884e-02
6.197055833741199615e-02
6.260258808260488195e-02
6.148487487222201175e-02
5.993052639615223387e-02
5.707545374985731335e-02
5.785092553878901089e-02
5.799602355853997193e-02
6.454062262718299192e-02
5.626250802401540352e-02
6.262969251084700428e-02
6.172043826060583105e-02
6.130443050009507650e-02
5.943989331301199885e-02
6.321036136389382443e-02
6.261146738511744192e-02
5.432422313740171982e-02
5.776808600175982467e-02
5.959330052268131672e-02
5.894072097131902721e-02
5.991975702126064313e-02
6.284223292051008269e-02
5.856008430243498514e-02
5.139748640030013249e-02
3.990119703591107903e-02
4.693533270852858624e-02
5.501041863989392100e-02
5.658876557706147420e-02
6.060833928638568319e-02
5.985207661672672236e-02
6.202831074231216629e-02
6.148977054368712225e-02
6.199021207177814186e-02
6.424338504510625214e-02
5.776825002820715205e-02
6.378873292724451805e-02
6.550036051762742062e-02
6.207287143666226359e-02
6.145899614477673412e-02
6.114166508628864072e-02
5.856382778008376727e-02
