3.045500000000000000e+04
2.993900000000000000e+04
3.048100000000000000e+04
3.042400000000000000e+04
2.998500000000000000e+04
3.027100000000000000e+04
3.041500000000000000e+04
3.023500000000000000e+04
3.016500000000000000e+04
2.988500000000000000e+04
3.012900000000000000e+04
3.021400000000000000e+04
2.990100000000000000e+04
3.013800000000000000e+04
2.973700000000000000e+04
2.984400000000000000e+04
3.011300000000000000e+04
3.009500000000000000e+04
3.007400000000000000e+04
3.060900000000000000e+04
2.987100000000000000e+04
3.042500000000000000e+04
3.030900000000000000e+04
3.015500000000000000e+04
3.035100000000000000e+04
2.993700000000000000e+04
3.010900000000000000e+04
3.060500000000000000e+04
3.021500000000000000e+04
2.986700000000000000e+04
3.030500000000000000e+04
3.011100000000000000e+04
2.988300000000000000e+04
3.001900000000000000e+04
3.003700000000000000e+04
3.026300000000000000e+04
2.973800000000000000e+04
3.004900000000000000e+04
2.947300000000000000e+04
3.003100000000000000e+04
3.013300000000000000e+04
3.046300000000000000e+04
3.046200000000000000e+04
3.013300000000000000e+04
3.013900000000000000e+04
2.972700000000000000e+04
3.029900000000000000e+04
2.973700000000000000e+04
2.986100000000000000e+04
3.023300000000000000e+04
3.028700000000000000e+04
2.987200000000000000e+04
2.953300000000000000e+04
2.970900000000000000e+04
2.985900000000000000e+04
3.017700000000000000e+04
3.058500000000000000e+04
3.014300000000000000e+04
2.988900000000000000e+04
2.999900000000000000e+04
3.027000000000000000e+04
3.022500000000000000e+04
3.020500000000000000e+04
3.053700000000000000e+04
3.000500000000000000e+04
3.041900000000000000e+04
3.024500000000000000e+04
3.016900000000000000e+04
3.025500000000000000e+04
3.050500000000000000e+04
2.964800000000000000e+04
3.008100000000000000e+04
2.968500000000000000e+04
3.015500000000000000e+04
3.025300000000000000e+04
2.994900000000000000e+04
3.014100000000000000e+04
3.029900000000000000e+04
3.044900000000000000e+04
3.013700000000000000e+04
3.008100000000000000e+04
3.045100000000000000e+04
3.072900000000000000e+04
2.984700000000000000e+04
3.027100000000000000e+04
3.036300000000000000e+04
3.004500000000000000e+04
3.054900000000000000e+04
3.001900000000000000e+04
3.024500000000000000e+04
2.999500000000000000e+04
3.027300000000000000e+04
3.049300000000000000e+04
3.027300000000000000e+04
3.002600000000000000e+04
3.001500000000000000e+04
3.035900000000000000e+04
3.029700000000000000e+04
2.991700000000000000e+04
3.042500000000000000e+04
3.048900000000000000e+04
2.979900000000000000e+04
3.068300000000000000e+04
3.071900000000000000e+04
3.051100000000000000e+04
3.026300000000000000e+04
3.020700000000000000e+04
3.049900000000000000e+04
3.030500000000000000e+04
3.031900000000000000e+04
3.039900000000000000e+04
3.033400000000000000e+04
3.056900000000000000e+04
3.044100000000000000e+04
3.109900000000000000e+04
3.100900000000000000e+04
3.027100000000000000e+04
3.018700000000000000e+04
3.096700000000000000e+04
3.064300000000000000e+04
3.060700000000000000e+04
3.057300000000000000e+04
3.075900000000000000e+04
3.013700000000000000e+04
3.079900000000000000e+04
3.028300000000000000e+04
3.051900000000000000e+04
3.048000000000000000e+04
3.071700000000000000e+04
3.098300000000000000e+04
3.028300000000000000e+04
3.075900000000000000e+04
3.097900000000000000e+04
3.099700000000000000e+04
3.051100000000000000e+04
3.074300000000000000e+04
3.039700000000000000e+04
3.055900000000000000e+04
3.073700000000000000e+04
3.065300000000000000e+04
3.094100000000000000e+04
3.037500000000000000e+04
3.034900000000000000e+04
3.081300000000000000e+04
3.045500000000000000e+04
3.035700000000000000e+04
3.113500000000000000e+04
3.064100000000000000e+04
3.091900000000000000e+04
3.068500000000000000e+04
3.044500000000000000e+04
3.049900000000000000e+04
3.060100000000000000e+04
3.042900000000000000e+04
3.057900000000000000e+04
3.040100000000000000e+04
3.062300000000000000e+04
3.059100000000000000e+04
3.063500000000000000e+04
3.098300000000000000e+04
3.065900000000000000e+04
3.093700000000000000e+04
3.025500000000000000e+04
3.044700000000000000e+04
3.087100000000000000e+04
3.105900000000000000e+04
3.065500000000000000e+04
3.088900000000000000e+04
3.075900000000000000e+04
3.113800000000000000e+04
3.080500000000000000e+04
3.076500000000000000e+04
3.061300000000000000e+04
3.056700000000000000e+04
3.089500000000000000e+04
3.038500000000000000e+04
3.085900000000000000e+04
3.079100000000000000e+04
3.069300000000000000e+04
3.038900000000000000e+04
3.052800000000000000e+04
3.034500000000000000e+04
3.047500000000000000e+04
3.037700000000000000e+04
3.067300000000000000e+04
3.087100000000000000e+04
3.063700000000000000e+04
3.091100000000000000e+04
3.063700000000000000e+04
3.093900000000000000e+04
3.117300000000000000e+04
3.110100000000000000e+04
3.064600000000000000e+04
3.069900000000000000e+04
3.047100000000000000e+04
3.133500000000000000e+04
3.039700000000000000e+04
3.016100000000000000e+04
3.084500000000000000e+04
3.046500000000000000e+04
3.054900000000000000e+04
3.138300000000000000e+04
3.065300000000000000e+04
3.073300000000000000e+04
3.034500000000000000e+04
3.057900000000000000e+04
3.063300000000000000e+04
3.054900000000000000e+04
3.066700000000000000e+04
3.046600000000000000e+04
3.059700000000000000e+04
3.064900000000000000e+04
3.033900000000000000e+04
3.064300000000000000e+04
3.069700000000000000e+04
3.090700000000000000e+04
3.087700000000000000e+04
3.082900000000000000e+04
3.071500000000000000e+04
3.037100000000000000e+04
3.101900000000000000e+04
3.099300000000000000e+04
3.078500000000000000e+04
3.096100000000000000e+04
3.080900000000000000e+04
3.108600000000000000e+04
3.039300000000000000e+04
3.090900000000000000e+04
3.054700000000000000e+04
3.044300000000000000e+04
3.111500000000000000e+04
3.090100000000000000e+04
3.062500000000000000e+04
3.142700000000000000e+04
3.058300000000000000e+04
3.117500000000000000e+04
3.091500000000000000e+04
3.082100000000000000e+04
3.055300000000000000e+04
3.059900000000000000e+04
3.058500000000000000e+04
