6.934144973754882812e+00
6.891944646835327148e+00
6.896871566772460938e+00
6.897178411483764648e+00
6.881804466247558594e+00
6.904892206192016602e+00
6.995919942855834961e+00
6.945591449737548828e+00
6.855743646621704102e+00
6.863999843597412109e+00
6.934747219085693359e+00
6.933489084243774414e+00
6.886406898498535156e+00
6.880930423736572266e+00
6.935567140579223633e+00
6.882737874984741211e+00
6.908340215682983398e+00
6.900590181350708008e+00
6.939323902130126953e+00
6.855292320251464844e+00
6.869459390640258789e+00
6.890229940414428711e+00
6.957300424575805664e+00
6.889338254928588867e+00
6.924196958541870117e+00
6.921292543411254883e+00
6.966568231582641602e+00
6.869067907333374023e+00
6.934897899627685547e+00
6.870644092559814453e+00
6.950712919235229492e+00
6.833441972732543945e+00
6.909155845642089844e+00
6.920749664306640625e+00
6.958958387374877930e+00
6.860269546508789062e+00
6.917863368988037109e+00
6.909767150878906250e+00
6.843111991882324219e+00
6.883417129516601562e+00
6.906431913375854492e+00
