1.155116009712219238e+01
1.154285454750061035e+01
1.149733281135559082e+01
1.160157394409179688e+01
1.154400014877319336e+01
1.156138563156127930e+01
1.151715636253356934e+01
1.159098267555236816e+01
1.150071263313293457e+01
1.154857373237609863e+01
1.149837136268615723e+01
1.160178446769714355e+01
1.153523111343383789e+01
1.148739790916442871e+01
1.149657821655273438e+01
1.152410721778869629e+01
1.148715567588806152e+01
1.153553175926208496e+01
1.157223582267761230e+01
1.164411044120788574e+01
1.149277663230895996e+01
1.153918600082397461e+01
1.154684638977050781e+01
1.154627776145935059e+01
1.156850457191467285e+01
1.166276264190673828e+01
1.154009366035461426e+01
1.149966573715209961e+01
1.158817291259765625e+01
1.150643658638000488e+01
1.153952145576477051e+01
1.168419909477233887e+01
1.148307108879089355e+01
1.149135804176330566e+01
1.155960750579833984e+01
1.156883883476257324e+01
1.155393862724304199e+01
1.163115286827087402e+01
1.157333302497863770e+01
1.157091164588928223e+01
1.152662992477416992e+01
1.154400992393493652e+01
1.157297873497009277e+01
1.157141923904418945e+01
1.155697488784790039e+01
1.155466723442077637e+01
1.151910233497619629e+01
1.143745231628417969e+01
1.154302549362182617e+01
1.172833991050720215e+01
1.149598145484924316e+01
1.147625112533569336e+01
1.155665159225463867e+01
1.153522467613220215e+01
1.153678011894226074e+01
1.162555217742919922e+01
1.155566358566284180e+01
1.152421784400939941e+01
1.142523193359375000e+01
1.150437283515930176e+01
1.159583735466003418e+01
1.154633212089538574e+01
1.146290874481201172e+01
1.148037862777709961e+01
1.156225228309631348e+01
1.146691799163818359e+01
1.151527380943298340e+01
1.151247262954711914e+01
1.176301813125610352e+01
1.151005458831787109e+01
1.153635692596435547e+01
1.155626869201660156e+01
1.157345700263977051e+01
1.148407220840454102e+01
1.155533480644226074e+01
1.158943891525268555e+01
1.151469564437866211e+01
1.147472739219665527e+01
1.155609488487243652e+01
1.157647967338562012e+01
1.154921698570251465e+01
1.146836042404174805e+01
1.147782897949218750e+01
1.156630754470825195e+01
1.153097653388977051e+01
1.147817707061767578e+01
1.145503330230712891e+01
1.156125688552856445e+01
1.153986597061157227e+01
1.156491446495056152e+01
1.159520363807678223e+01
1.155105161666870117e+01
1.150282812118530273e+01
1.155401110649108887e+01
1.154669117927551270e+01
1.156508564949035645e+01
1.155649185180664062e+01
1.151967167854309082e+01
1.156139683723449707e+01
1.156753659248352051e+01
1.148421216011047363e+01
1.157794523239135742e+01
1.163125610351562500e+01
1.156643724441528320e+01
1.151575613021850586e+01
1.155605673789978027e+01
1.154359745979309082e+01
1.154479146003723145e+01
1.159277558326721191e+01
1.156005930900573730e+01
1.155463981628417969e+01
1.157089161872863770e+01
1.148372077941894531e+01
1.153533411026000977e+01
1.148351383209228516e+01
1.148992276191711426e+01
1.154777407646179199e+01
1.172782945632934570e+01
1.149700641632080078e+01
1.158550810813903809e+01
1.159054136276245117e+01
1.156754875183105469e+01
1.149060034751892090e+01
1.153573918342590332e+01
1.154780292510986328e+01
1.148980212211608887e+01
1.153383159637451172e+01
1.149975538253784180e+01
1.155058836936950684e+01
1.165236783027648926e+01
1.156103944778442383e+01
1.152183246612548828e+01
1.156482338905334473e+01
1.152934002876281738e+01
1.152862143516540527e+01
1.166940784454345703e+01
1.156743478775024414e+01
1.144619464874267578e+01
1.155720400810241699e+01
1.151858901977539062e+01
1.160481286048889160e+01
1.162690114974975586e+01
1.150479888916015625e+01
1.154972076416015625e+01
1.151555037498474121e+01
1.157342052459716797e+01
1.154461693763732910e+01
1.165757489204406738e+01
1.156683278083801270e+01
1.152071833610534668e+01
1.156692242622375488e+01
1.159822440147399902e+01
1.152744293212890625e+01
1.151485681533813477e+01
1.148536276817321777e+01
1.155515956878662109e+01
1.155273437500000000e+01
1.151219034194946289e+01
1.150844669342041016e+01
1.164455366134643555e+01
1.154483985900878906e+01
1.148505687713623047e+01
1.155623865127563477e+01
1.152346873283386230e+01
1.156580257415771484e+01
1.160673022270202637e+01
1.155682754516601562e+01
1.152677679061889648e+01
1.157707762718200684e+01
1.151927042007446289e+01
1.166886353492736816e+01
1.149609875679016113e+01
1.152659583091735840e+01
1.146896672248840332e+01
1.158676719665527344e+01
1.156995534896850586e+01
1.151249551773071289e+01
1.165968966484069824e+01
1.154786348342895508e+01
1.154900932312011719e+01
1.156396293640136719e+01
1.157894468307495117e+01
1.157111334800720215e+01
1.149022483825683594e+01
1.157504320144653320e+01
1.156353902816772461e+01
1.149015927314758301e+01
1.150703287124633789e+01
1.153420925140380859e+01
1.159934210777282715e+01
1.145127010345458984e+01
1.151079702377319336e+01
1.153706645965576172e+01
1.162287521362304688e+01
1.149588799476623535e+01
1.156373095512390137e+01
1.154993438720703125e+01
1.158072948455810547e+01
1.148714399337768555e+01
1.150995993614196777e+01
1.164634871482849121e+01
1.169141721725463867e+01
1.156708407402038574e+01
1.148544168472290039e+01
1.164101386070251465e+01
1.157013559341430664e+01
1.151467180252075195e+01
1.149936413764953613e+01
1.158201909065246582e+01
1.153664183616638184e+01
1.152081036567687988e+01
1.151801180839538574e+01
1.161107254028320312e+01
1.157957601547241211e+01
1.149010610580444336e+01
1.156708192825317383e+01
1.156411671638488770e+01
1.149467539787292480e+01
1.150963282585144043e+01
1.166669058799743652e+01
1.156969141960144043e+01
1.150039529800415039e+01
1.148271560668945312e+01
1.159217238426208496e+01
1.151509213447570801e+01
1.152664184570312500e+01
1.144514060020446777e+01
1.155927944183349609e+01
1.150545668601989746e+01
1.149551320075988770e+01
1.156724023818969727e+01
1.157271862030029297e+01
1.158556008338928223e+01
1.157978582382202148e+01
1.156544280052185059e+01
1.159484648704528809e+01
1.153607654571533203e+01
1.159227347373962402e+01
1.163573956489562988e+01
1.154520988464355469e+01
1.158516216278076172e+01
