2.344300000000000000e+04
2.324500000000000000e+04
2.379500000000000000e+04
2.370300000000000000e+04
2.306800000000000000e+04
2.329500000000000000e+04
2.372700000000000000e+04
2.357900000000000000e+04
2.292500000000000000e+04
2.361500000000000000e+04
2.356900000000000000e+04
2.348500000000000000e+04
2.369300000000000000e+04
2.380300000000000000e+04
2.389300000000000000e+04
2.371100000000000000e+04
2.343400000000000000e+04
2.284700000000000000e+04
2.399500000000000000e+04
2.394300000000000000e+04
2.384300000000000000e+04
2.369100000000000000e+04
2.369300000000000000e+04
2.324700000000000000e+04
2.381900000000000000e+04
2.369300000000000000e+04
2.425700000000000000e+04
2.410100000000000000e+04
2.459400000000000000e+04
2.397100000000000000e+04
2.333100000000000000e+04
2.350900000000000000e+04
2.403100000000000000e+04
2.252500000000000000e+04
2.278500000000000000e+04
2.406500000000000000e+04
2.399300000000000000e+04
2.356100000000000000e+04
2.359500000000000000e+04
2.316300000000000000e+04
2.261300000000000000e+04
2.261500000000000000e+04
2.292500000000000000e+04
2.219300000000000000e+04
2.252500000000000000e+04
2.271300000000000000e+04
2.371100000000000000e+04
2.345700000000000000e+04
2.338300000000000000e+04
2.355700000000000000e+04
2.339600000000000000e+04
2.427300000000000000e+04
2.420100000000000000e+04
2.325700000000000000e+04
2.389200000000000000e+04
2.346700000000000000e+04
2.383700000000000000e+04
2.367900000000000000e+04
2.411300000000000000e+04
2.345100000000000000e+04
2.354500000000000000e+04
2.303600000000000000e+04
2.349500000000000000e+04
2.411900000000000000e+04
2.398900000000000000e+04
2.469300000000000000e+04
2.426100000000000000e+04
2.421300000000000000e+04
2.493900000000000000e+04
2.543100000000000000e+04
2.404900000000000000e+04
2.433300000000000000e+04
2.389100000000000000e+04
2.341700000000000000e+04
2.348900000000000000e+04
2.357300000000000000e+04
2.348700000000000000e+04
2.359900000000000000e+04
2.404900000000000000e+04
2.475100000000000000e+04
2.424500000000000000e+04
2.391300000000000000e+04
2.479700000000000000e+04
2.441500000000000000e+04
2.466100000000000000e+04
2.519100000000000000e+04
2.481500000000000000e+04
2.466700000000000000e+04
2.414700000000000000e+04
2.478100000000000000e+04
2.397100000000000000e+04
2.428300000000000000e+04
2.446300000000000000e+04
2.400500000000000000e+04
2.443500000000000000e+04
2.447700000000000000e+04
2.471700000000000000e+04
2.427500000000000000e+04
2.491600000000000000e+04
2.441300000000000000e+04
2.410100000000000000e+04
2.433900000000000000e+04
2.415300000000000000e+04
2.431100000000000000e+04
2.460100000000000000e+04
2.427300000000000000e+04
2.451900000000000000e+04
2.400900000000000000e+04
2.391900000000000000e+04
2.416900000000000000e+04
2.430100000000000000e+04
2.381900000000000000e+04
2.391400000000000000e+04
2.450100000000000000e+04
2.412500000000000000e+04
2.378900000000000000e+04
2.400100000000000000e+04
2.413700000000000000e+04
2.423300000000000000e+04
2.375100000000000000e+04
2.336100000000000000e+04
2.385500000000000000e+04
2.367400000000000000e+04
2.378500000000000000e+04
2.403500000000000000e+04
2.419700000000000000e+04
2.467500000000000000e+04
2.389900000000000000e+04
2.460500000000000000e+04
2.500900000000000000e+04
2.486300000000000000e+04
2.475900000000000000e+04
2.449900000000000000e+04
2.441300000000000000e+04
2.423100000000000000e+04
2.341600000000000000e+04
2.386700000000000000e+04
2.406300000000000000e+04
2.383700000000000000e+04
2.433300000000000000e+04
2.375100000000000000e+04
2.446100000000000000e+04
2.428100000000000000e+04
2.405700000000000000e+04
2.418300000000000000e+04
2.453100000000000000e+04
2.402900000000000000e+04
2.345700000000000000e+04
2.442500000000000000e+04
2.447900000000000000e+04
2.396700000000000000e+04
2.455500000000000000e+04
2.422300000000000000e+04
2.406500000000000000e+04
2.432900000000000000e+04
2.437900000000000000e+04
2.443700000000000000e+04
2.394500000000000000e+04
2.422300000000000000e+04
2.408700000000000000e+04
2.397100000000000000e+04
2.460700000000000000e+04
2.465900000000000000e+04
2.389100000000000000e+04
2.440300000000000000e+04
2.438900000000000000e+04
2.412300000000000000e+04
2.434700000000000000e+04
2.449100000000000000e+04
2.488900000000000000e+04
2.398900000000000000e+04
2.433700000000000000e+04
2.416900000000000000e+04
2.424900000000000000e+04
2.350900000000000000e+04
2.388900000000000000e+04
2.407600000000000000e+04
2.334900000000000000e+04
2.427600000000000000e+04
2.409500000000000000e+04
2.405500000000000000e+04
2.434800000000000000e+04
2.374700000000000000e+04
2.395900000000000000e+04
2.412100000000000000e+04
2.381700000000000000e+04
2.385300000000000000e+04
2.419000000000000000e+04
2.441900000000000000e+04
2.459100000000000000e+04
2.428500000000000000e+04
2.407700000000000000e+04
2.405700000000000000e+04
2.438900000000000000e+04
2.377200000000000000e+04
2.397500000000000000e+04
2.382700000000000000e+04
2.400900000000000000e+04
2.343500000000000000e+04
2.400300000000000000e+04
2.380300000000000000e+04
2.440000000000000000e+04
2.410700000000000000e+04
2.402300000000000000e+04
2.364500000000000000e+04
2.340200000000000000e+04
2.381500000000000000e+04
2.314900000000000000e+04
2.321500000000000000e+04
2.361700000000000000e+04
2.389100000000000000e+04
2.413700000000000000e+04
2.382500000000000000e+04
2.366900000000000000e+04
2.377700000000000000e+04
2.382700000000000000e+04
2.302900000000000000e+04
2.391700000000000000e+04
2.406300000000000000e+04
2.422300000000000000e+04
2.430100000000000000e+04
2.489700000000000000e+04
2.420700000000000000e+04
2.396100000000000000e+04
2.436300000000000000e+04
2.451700000000000000e+04
2.455300000000000000e+04
2.381900000000000000e+04
2.368500000000000000e+04
2.389700000000000000e+04
2.399900000000000000e+04
2.385900000000000000e+04
2.426300000000000000e+04
2.460900000000000000e+04
2.483700000000000000e+04
2.411700000000000000e+04
2.455100000000000000e+04
2.507300000000000000e+04
2.489700000000000000e+04
2.450500000000000000e+04
2.510900000000000000e+04
