2.628000000000000000e+03
2.668000000000000000e+03
2.757000000000000000e+03
2.729000000000000000e+03
2.688000000000000000e+03
2.828000000000000000e+03
2.674000000000000000e+03
2.570000000000000000e+03
2.608000000000000000e+03
2.596000000000000000e+03
2.698000000000000000e+03
2.736000000000000000e+03
2.522000000000000000e+03
2.568000000000000000e+03
2.610000000000000000e+03
2.680000000000000000e+03
2.644000000000000000e+03
2.622000000000000000e+03
2.590000000000000000e+03
2.644000000000000000e+03
2.532000000000000000e+03
2.500000000000000000e+03
2.556000000000000000e+03
2.644000000000000000e+03
2.462000000000000000e+03
2.416000000000000000e+03
2.482000000000000000e+03
2.430000000000000000e+03
2.476000000000000000e+03
2.432000000000000000e+03
2.378000000000000000e+03
2.452000000000000000e+03
2.395000000000000000e+03
2.304000000000000000e+03
2.468000000000000000e+03
2.388000000000000000e+03
2.358000000000000000e+03
2.350000000000000000e+03
2.450000000000000000e+03
2.346000000000000000e+03
2.270000000000000000e+03
2.235000000000000000e+03
2.220000000000000000e+03
2.136000000000000000e+03
2.186000000000000000e+03
2.104000000000000000e+03
2.031000000000000000e+03
1.988000000000000000e+03
1.980000000000000000e+03
1.952000000000000000e+03
1.920000000000000000e+03
1.934000000000000000e+03
1.832000000000000000e+03
1.960000000000000000e+03
1.794000000000000000e+03
1.710000000000000000e+03
1.678000000000000000e+03
1.640000000000000000e+03
1.606000000000000000e+03
1.380000000000000000e+03
1.004000000000000000e+03
8.500000000000000000e+02
8.350000000000000000e+02
9.420000000000000000e+02
7.680000000000000000e+02
1.740000000000000000e+02
6.400000000000000000e+01
4.000000000000000000e+01
6.220000000000000000e+02
1.848000000000000000e+03
2.240000000000000000e+03
2.294000000000000000e+03
2.378000000000000000e+03
2.279000000000000000e+03
2.546000000000000000e+03
2.590000000000000000e+03
2.521000000000000000e+03
2.532000000000000000e+03
2.456000000000000000e+03
2.488000000000000000e+03
2.488000000000000000e+03
2.478000000000000000e+03
2.492000000000000000e+03
2.507000000000000000e+03
2.540000000000000000e+03
2.532000000000000000e+03
2.652000000000000000e+03
2.670000000000000000e+03
2.640000000000000000e+03
2.536000000000000000e+03
2.570000000000000000e+03
2.680000000000000000e+03
2.600000000000000000e+03
2.576000000000000000e+03
2.412000000000000000e+03
2.351000000000000000e+03
2.584000000000000000e+03
2.492000000000000000e+03
2.414000000000000000e+03
1.772000000000000000e+03
1.548000000000000000e+03
1.800000000000000000e+03
2.258000000000000000e+03
2.448000000000000000e+03
2.648000000000000000e+03
2.518000000000000000e+03
2.596000000000000000e+03
2.588000000000000000e+03
2.590000000000000000e+03
2.614000000000000000e+03
2.436000000000000000e+03
2.410000000000000000e+03
2.608000000000000000e+03
2.578000000000000000e+03
2.492000000000000000e+03
2.594000000000000000e+03
2.562000000000000000e+03
2.554000000000000000e+03
2.440000000000000000e+03
2.430000000000000000e+03
2.446000000000000000e+03
2.408000000000000000e+03
2.400000000000000000e+03
2.300000000000000000e+03
2.486000000000000000e+03
2.426000000000000000e+03
2.430000000000000000e+03
2.420000000000000000e+03
2.632000000000000000e+03
2.280000000000000000e+03
2.380000000000000000e+03
2.412000000000000000e+03
2.446000000000000000e+03
2.426000000000000000e+03
2.322000000000000000e+03
2.314000000000000000e+03
2.354000000000000000e+03
2.390000000000000000e+03
2.386000000000000000e+03
2.432000000000000000e+03
2.410000000000000000e+03
2.400000000000000000e+03
2.388000000000000000e+03
2.374000000000000000e+03
2.468000000000000000e+03
2.378000000000000000e+03
2.324000000000000000e+03
2.444000000000000000e+03
2.274000000000000000e+03
2.448000000000000000e+03
2.432000000000000000e+03
2.416000000000000000e+03
2.428000000000000000e+03
2.368000000000000000e+03
2.458000000000000000e+03
2.414000000000000000e+03
2.468000000000000000e+03
2.389000000000000000e+03
2.264000000000000000e+03
2.278000000000000000e+03
2.278000000000000000e+03
2.108000000000000000e+03
1.988000000000000000e+03
1.698000000000000000e+03
1.936000000000000000e+03
1.976000000000000000e+03
1.990000000000000000e+03
1.898000000000000000e+03
1.634000000000000000e+03
1.174000000000000000e+03
9.300000000000000000e+02
7.540000000000000000e+02
7.860000000000000000e+02
1.346000000000000000e+03
1.758000000000000000e+03
2.021000000000000000e+03
2.114000000000000000e+03
2.330000000000000000e+03
2.218000000000000000e+03
2.312000000000000000e+03
2.386000000000000000e+03
2.388000000000000000e+03
2.436000000000000000e+03
2.366000000000000000e+03
2.488000000000000000e+03
2.472000000000000000e+03
2.492000000000000000e+03
2.479000000000000000e+03
2.524000000000000000e+03
2.447000000000000000e+03
2.460000000000000000e+03
2.292000000000000000e+03
2.302000000000000000e+03
2.306000000000000000e+03
2.172000000000000000e+03
2.010000000000000000e+03
1.892000000000000000e+03
2.052000000000000000e+03
2.002000000000000000e+03
1.768000000000000000e+03
1.636000000000000000e+03
1.718000000000000000e+03
2.292000000000000000e+03
2.118000000000000000e+03
1.716000000000000000e+03
1.558000000000000000e+03
2.192000000000000000e+03
2.270000000000000000e+03
2.286000000000000000e+03
2.286000000000000000e+03
2.286000000000000000e+03
2.379000000000000000e+03
2.494000000000000000e+03
2.382000000000000000e+03
2.414000000000000000e+03
2.396000000000000000e+03
2.484000000000000000e+03
2.580000000000000000e+03
2.586000000000000000e+03
2.436000000000000000e+03
2.480000000000000000e+03
2.326000000000000000e+03
2.448000000000000000e+03
2.490000000000000000e+03
2.404000000000000000e+03
2.534000000000000000e+03
2.518000000000000000e+03
2.538000000000000000e+03
2.414000000000000000e+03
2.544000000000000000e+03
2.406000000000000000e+03
2.472000000000000000e+03
2.352000000000000000e+03
2.500000000000000000e+03
2.490000000000000000e+03
2.460000000000000000e+03
2.464000000000000000e+03
2.416000000000000000e+03
2.350000000000000000e+03
2.320000000000000000e+03
2.316000000000000000e+03
