1.379083894270234818e-02
1.269247469855372575e-02
1.325415832813884101e-02
1.327899027083881064e-02
1.434050358512589662e-02
1.354431634237388861e-02
1.269110636199243837e-02
1.375888870514304675e-02
1.405602519476214195e-02
1.338464112430985502e-02
1.194862093000099643e-02
1.211358972661680071e-02
1.424701514999498347e-02
1.506403875506005623e-02
1.304771833069912935e-02
1.253183219407586098e-02
1.540862750307176246e-02
1.561721216148861946e-02
1.429806477355855497e-02
1.548564147799666793e-02
1.372568712128820548e-02
1.209531635168446979e-02
1.451714012339569079e-02
1.372906648980268610e-02
1.324503311258278145e-02
1.509837325049270124e-02
1.481284665714570348e-02
1.457278222512661293e-02
1.330465000827403543e-02
1.506679612950748322e-02
1.531100478468899566e-02
1.540965095812161720e-02
1.539336746645249797e-02
1.532362836869982300e-02
1.305057096247960909e-02
1.348180947031027942e-02
1.546842423834824190e-02
1.430996039801657287e-02
1.438604824754860338e-02
1.391895041790150098e-02
1.473467626854279428e-02
1.529724583921478545e-02
1.503512573041822578e-02
1.546477284040752645e-02
1.552805335279869997e-02
1.567598479496753669e-02
1.524802798772236651e-02
1.768840165450448823e-02
1.620843240346940897e-02
1.581053815367313917e-02
1.617855845742397630e-02
1.720674879485806219e-02
1.936816442623505788e-02
1.810899054158672528e-02
1.754914766067182386e-02
1.782814726447294260e-02
1.667484060814124550e-02
1.950701655442391158e-02
1.806684733514001689e-02
2.100070002333410957e-02
1.995374958704988419e-02
3.037220843672456747e-02
3.019367654361860762e-02
2.665618757572780703e-02
2.372937843692717735e-02
2.564186856898648809e-02
3.167465696809389913e-02
3.188703636182836643e-02
2.353330028094529833e-02
2.025897393869857330e-02
2.084457636265515251e-02
1.715368505036401689e-02
1.933636516759306215e-02
1.804012601558613663e-02
1.712226886589759620e-02
1.676182844168419561e-02
1.592515178660296529e-02
1.835044060860094306e-02
1.845709218693553089e-02
1.818362809835086594e-02
1.775206941258601623e-02
1.937538997077271549e-02
2.017638061765758897e-02
2.003551445706436285e-02
2.411549007300716960e-02
2.246154859532984230e-02
2.522882343151938711e-02
2.533634488853972466e-02
2.558379692861188076e-02
2.783931228302198579e-02
3.007167861310218460e-02
3.058831301820103682e-02
3.220411241924375778e-02
3.157929508142569286e-02
3.443682142143475455e-02
3.618190904547725906e-02
3.919760202905234192e-02
4.172030234016569500e-02
4.626132299361566946e-02
4.798685291700904160e-02
5.470825543638689614e-02
6.221685291452733191e-02
5.723038816282632196e-02
5.267098538363879090e-02
4.490183868113139382e-02
3.991673000033043456e-02
3.502499420664084706e-02
3.285353618151414662e-02
3.273387229830061057e-02
2.895873874468155376e-02
2.835619592749761414e-02
2.749390123293993585e-02
2.819850175013902810e-02
2.378371275582273972e-02
2.154410109649828112e-02
1.870424715405204913e-02
1.962274123748802487e-02
1.954483718156822467e-02
1.898795491975328528e-02
1.834024083803804939e-02
1.901525794752834467e-02
1.805514669806692132e-02
1.885626970967846719e-02
1.665726515578856703e-02
1.668885353420565543e-02
1.862431066935244309e-02
1.553130836528064489e-02
1.889763779527559029e-02
1.673340495491095967e-02
2.033373140109092161e-02
2.456823960637981655e-02
2.535843167853311236e-02
2.311243100164627612e-02
2.058263702938993925e-02
2.189374324014289885e-02
1.945158247405913421e-02
1.934401421192880749e-02
2.113943519094211090e-02
1.828415264990077005e-02
1.839950412683913350e-02
1.538411816036973530e-02
1.883127572016460999e-02
1.667270750271837576e-02
1.629182487910946567e-02
1.970119848957478312e-02
1.647066574430938388e-02
1.586638830897703703e-02
1.788453379458894779e-02
1.558911995860150744e-02
1.609907120743033979e-02
1.510921333552307441e-02
1.777107446145775177e-02
1.725433809352635434e-02
1.656314699792960782e-02
1.615487753033127347e-02
1.546001776257359926e-02
1.508669953956176708e-02
1.510248112189859805e-02
1.664762526521951919e-02
1.594422747958557790e-02
1.519945203692227471e-02
1.512751721239939152e-02
1.870765162783010957e-02
1.569941209314546643e-02
1.509507304590068308e-02
1.448855404230657735e-02
1.480998205839178031e-02
1.385606526595228004e-02
1.515003738743132128e-02
1.599332005909178539e-02
1.675052751176757046e-02
2.470339671704859311e-02
1.718224283800999508e-02
1.838584093957535900e-02
1.935588282893672268e-02
1.652130985683725531e-02
1.639716128195988290e-02
1.552401675814361372e-02
1.629035936532759882e-02
1.599262891177728740e-02
1.624737945492662344e-02
1.594990937551491253e-02
1.476620180475799772e-02
1.613062514402343814e-02
1.662700094545691704e-02
1.768650189498234548e-02
1.553676926592029162e-02
1.636957717317459940e-02
1.501452492084734067e-02
1.538511264100326376e-02
1.597536329515927139e-02
1.556220057232886485e-02
1.546694511518632159e-02
1.745985211244666102e-02
1.601522759344950822e-02
1.653103558321365740e-02
1.940981017863604996e-02
1.856702363979974291e-02
1.595072134867887848e-02
1.687182012145084509e-02
1.859307996988444900e-02
2.115795175732084268e-02
2.198805989625811363e-02
2.511957830345231540e-02
2.583621683967704877e-02
2.825468458746198397e-02
3.048999445042927664e-02
3.371632459327637832e-02
4.571689438158280799e-02
4.808639138712007127e-02
5.882929698990096989e-02
6.551600378478905640e-02
4.621114736807409307e-02
3.008843781614071664e-02
2.417174316708473047e-02
2.031902158087164553e-02
2.046830974511772497e-02
2.017580849200428100e-02
1.907862607846329273e-02
2.067762009811991569e-02
1.979431961056126940e-02
2.084341625528345066e-02
2.007471171024849746e-02
2.228610187009463436e-02
2.168197604596059508e-02
2.065238370970855220e-02
1.993880169775935282e-02
1.921770358148112284e-02
1.996922774740563650e-02
1.694970929277666433e-02
1.703358508757833734e-02
1.961101582473059185e-02
1.802448979591836711e-02
1.807363095427498567e-02
1.732988915410522274e-02
2.001603849238171515e-02
1.863173216885007435e-02
1.583336037117549777e-02
1.610316499198114620e-02
1.732082747802215703e-02
1.562857609939512921e-02
