2.044500000000000000e+04
2.018100000000000000e+04
2.030000000000000000e+04
1.928500000000000000e+04
1.971400000000000000e+04
1.978300000000000000e+04
1.995100000000000000e+04
1.949100000000000000e+04
2.014400000000000000e+04
2.174500000000000000e+04
2.044500000000000000e+04
2.042500000000000000e+04
1.968100000000000000e+04
1.986700000000000000e+04
1.945700000000000000e+04
1.922400000000000000e+04
2.008300000000000000e+04
1.963500000000000000e+04
1.921900000000000000e+04
1.952900000000000000e+04
2.018300000000000000e+04
2.008100000000000000e+04
1.966500000000000000e+04
2.003700000000000000e+04
1.899900000000000000e+04
1.930700000000000000e+04
1.964100000000000000e+04
1.971100000000000000e+04
1.988400000000000000e+04
1.988900000000000000e+04
1.938300000000000000e+04
1.955700000000000000e+04
2.033900000000000000e+04
1.917900000000000000e+04
1.932500000000000000e+04
1.926500000000000000e+04
1.995700000000000000e+04
1.991500000000000000e+04
1.980100000000000000e+04
1.919500000000000000e+04
1.994900000000000000e+04
1.965900000000000000e+04
1.949900000000000000e+04
1.959900000000000000e+04
1.946900000000000000e+04
1.935300000000000000e+04
2.034100000000000000e+04
2.003300000000000000e+04
1.985500000000000000e+04
1.986700000000000000e+04
1.955500000000000000e+04
1.986300000000000000e+04
1.880300000000000000e+04
1.903400000000000000e+04
1.938500000000000000e+04
1.942700000000000000e+04
1.936700000000000000e+04
1.963500000000000000e+04
1.981900000000000000e+04
1.887300000000000000e+04
1.842900000000000000e+04
1.889700000000000000e+04
1.894500000000000000e+04
1.931900000000000000e+04
1.990300000000000000e+04
1.894500000000000000e+04
1.902100000000000000e+04
1.887100000000000000e+04
1.932900000000000000e+04
1.966900000000000000e+04
1.947300000000000000e+04
1.897500000000000000e+04
1.940400000000000000e+04
1.957100000000000000e+04
1.958900000000000000e+04
2.002700000000000000e+04
1.973300000000000000e+04
1.984700000000000000e+04
1.998700000000000000e+04
1.936900000000000000e+04
1.982500000000000000e+04
1.907900000000000000e+04
1.996900000000000000e+04
1.959300000000000000e+04
1.953500000000000000e+04
1.942300000000000000e+04
1.962500000000000000e+04
2.005900000000000000e+04
2.003700000000000000e+04
2.028700000000000000e+04
2.054900000000000000e+04
2.070700000000000000e+04
2.015200000000000000e+04
1.933100000000000000e+04
1.967700000000000000e+04
1.992300000000000000e+04
2.035300000000000000e+04
1.993100000000000000e+04
2.005400000000000000e+04
1.998500000000000000e+04
2.034700000000000000e+04
2.025700000000000000e+04
2.022100000000000000e+04
2.105900000000000000e+04
1.972500000000000000e+04
2.034300000000000000e+04
1.966900000000000000e+04
2.052500000000000000e+04
2.021700000000000000e+04
1.972500000000000000e+04
1.969500000000000000e+04
2.018900000000000000e+04
1.951500000000000000e+04
2.066700000000000000e+04
2.095700000000000000e+04
2.065900000000000000e+04
2.046500000000000000e+04
2.039100000000000000e+04
2.006300000000000000e+04
2.010100000000000000e+04
1.944700000000000000e+04
1.953700000000000000e+04
1.951300000000000000e+04
1.965100000000000000e+04
1.944900000000000000e+04
1.887900000000000000e+04
1.932900000000000000e+04
1.883300000000000000e+04
1.942100000000000000e+04
1.946300000000000000e+04
1.972900000000000000e+04
2.056300000000000000e+04
1.979900000000000000e+04
1.946700000000000000e+04
1.977100000000000000e+04
1.904300000000000000e+04
1.921100000000000000e+04
1.969300000000000000e+04
1.931300000000000000e+04
1.926300000000000000e+04
1.895500000000000000e+04
1.885500000000000000e+04
1.843100000000000000e+04
1.894900000000000000e+04
1.849300000000000000e+04
1.865000000000000000e+04
1.866300000000000000e+04
1.826100000000000000e+04
1.939300000000000000e+04
1.945400000000000000e+04
2.001900000000000000e+04
2.035300000000000000e+04
1.890700000000000000e+04
1.926200000000000000e+04
1.966900000000000000e+04
1.906700000000000000e+04
1.877700000000000000e+04
1.950600000000000000e+04
1.998500000000000000e+04
1.981700000000000000e+04
1.968500000000000000e+04
1.992700000000000000e+04
1.982700000000000000e+04
1.993100000000000000e+04
1.920300000000000000e+04
1.925400000000000000e+04
1.958700000000000000e+04
1.981700000000000000e+04
2.063100000000000000e+04
1.951700000000000000e+04
1.914600000000000000e+04
1.974300000000000000e+04
1.978300000000000000e+04
2.037100000000000000e+04
2.044500000000000000e+04
2.045500000000000000e+04
1.934900000000000000e+04
1.849700000000000000e+04
1.953700000000000000e+04
1.971900000000000000e+04
2.010100000000000000e+04
1.939900000000000000e+04
2.012700000000000000e+04
1.990100000000000000e+04
1.936900000000000000e+04
1.980700000000000000e+04
1.964900000000000000e+04
2.021100000000000000e+04
2.119500000000000000e+04
2.081700000000000000e+04
2.006100000000000000e+04
2.057500000000000000e+04
2.048800000000000000e+04
2.094700000000000000e+04
2.022900000000000000e+04
1.969100000000000000e+04
1.996900000000000000e+04
1.963900000000000000e+04
1.989300000000000000e+04
2.013900000000000000e+04
2.109700000000000000e+04
2.039500000000000000e+04
2.174900000000000000e+04
2.100900000000000000e+04
1.998300000000000000e+04
2.015500000000000000e+04
2.017800000000000000e+04
2.002700000000000000e+04
1.983300000000000000e+04
2.057800000000000000e+04
2.079300000000000000e+04
2.009300000000000000e+04
2.077100000000000000e+04
2.097500000000000000e+04
2.064700000000000000e+04
2.035100000000000000e+04
2.100500000000000000e+04
2.120100000000000000e+04
2.042700000000000000e+04
2.000300000000000000e+04
2.006900000000000000e+04
2.012100000000000000e+04
2.010100000000000000e+04
1.992300000000000000e+04
2.042700000000000000e+04
1.996700000000000000e+04
2.000300000000000000e+04
1.997300000000000000e+04
1.988900000000000000e+04
1.952500000000000000e+04
2.073100000000000000e+04
2.024300000000000000e+04
2.015300000000000000e+04
1.989300000000000000e+04
1.997100000000000000e+04
2.106100000000000000e+04
2.030100000000000000e+04
1.999700000000000000e+04
1.999700000000000000e+04
2.004300000000000000e+04
2.065700000000000000e+04
