1.155642154063224458e-02
9.820623308948792443e-03
1.155165970169537600e-02
1.147980844343307431e-02
1.055497663787018092e-02
1.107679914070891503e-02
1.292505498223650746e-02
1.226911602024739409e-02
1.075160434096025276e-02
1.227659646623936035e-02
1.202824610602425993e-02
1.238765274177803209e-02
1.165229550221393538e-02
1.200979569928545092e-02
1.132891620035016665e-02
1.215458483027230356e-02
1.157119311110363542e-02
1.008717726042954003e-02
1.379497808433284567e-02
1.039720023104889410e-02
1.233703444366643365e-02
1.214912719869163174e-02
1.185016570146955363e-02
1.305439330543933102e-02
1.346984591312629619e-02
1.384059683354150506e-02
1.291841883936080751e-02
1.264933239634574887e-02
1.316540722082283794e-02
1.415618996258721264e-02
1.557443365695792940e-02
1.624910765883672698e-02
1.692946058091286329e-02
1.354750008383353958e-02
1.843130611553447235e-02
1.553964645607844482e-02
1.598454827000566139e-02
1.729575745243666640e-02
1.607793711891541966e-02
1.683985432189515075e-02
1.602296625162733315e-02
1.583868498985126216e-02
1.847793101122837886e-02
1.677997015420328378e-02
1.871360775470364349e-02
1.713733204414363484e-02
1.678246567985768392e-02
2.039507006584501125e-02
2.094102054340623090e-02
2.403284488801361862e-02
2.657717210752906858e-02
2.405164916036662756e-02
2.284833662769272106e-02
2.178978111771075893e-02
2.040202013445265722e-02
2.080257243166978506e-02
2.175896205696523436e-02
1.997661600133622886e-02
2.357249875145663379e-02
2.532067299683491562e-02
3.119205298013244879e-02
5.071811789796394632e-02
5.402279299200544310e-02
3.616077429762065004e-02
3.326555781473950618e-02
3.205235217521952562e-02
2.994278666620987447e-02
2.545370400978480205e-02
2.402532489170276439e-02
2.613985826982217001e-02
2.696346351320017334e-02
2.963999067505911425e-02
3.608057996191494504e-02
3.820098476587026337e-02
3.394907638542186967e-02
3.691286307053941868e-02
4.207696185515039794e-02
4.613260598713674748e-02
4.943599803825404759e-02
4.785735591422795449e-02
5.093039512666023422e-02
5.175252881674900080e-02
4.997198140884068912e-02
4.619646850695951351e-02
3.912942039129420346e-02
3.657683467137479855e-02
3.267733636272511510e-02
3.142421024688080849e-02
2.340488478353768692e-02
1.753512005579356547e-02
1.989216704062154659e-02
1.812109387917066119e-02
1.622271179651512199e-02
1.543077582511787407e-02
1.591744511516541422e-02
1.535508637236084398e-02
2.002217220411865381e-02
1.628240632611524519e-02
1.531373263946435130e-02
1.378575472012254048e-02
1.386981138396596244e-02
1.529888885225361844e-02
1.497432499585886999e-02
1.465371481616550148e-02
1.256509323030404780e-02
1.437077941518911592e-02
1.340402120636190880e-02
1.478108812563924852e-02
1.461842586132429574e-02
1.506093734517950991e-02
2.268937784025893203e-02
3.325321831890165614e-02
4.053471323846485896e-02
2.756125637230718781e-02
1.941099956642097085e-02
1.499983259115411638e-02
1.296921482768994237e-02
1.200804935176326936e-02
1.419521740572451951e-02
1.157323688969258586e-02
1.328191945158526191e-02
1.264333030700427046e-02
1.405308202071331100e-02
1.498277649576937147e-02
1.426696726000201837e-02
1.260793906162786804e-02
1.216985165937571958e-02
1.381058811755679280e-02
1.300476841508553180e-02
1.173653502411385781e-02
1.493987203966100526e-02
1.302715097537469717e-02
1.329239904186768281e-02
1.186255343119387712e-02
1.367634854771784293e-02
1.290667736650282470e-02
1.696783459701392896e-02
1.507420376855094293e-02
1.574751050385416948e-02
1.490214259694671618e-02
1.463200836114763453e-02
1.556785774198959915e-02
1.572773831158103333e-02
1.500876062018579107e-02
1.527021643871995758e-02
1.586829316671625398e-02
1.429568802154326974e-02
1.480600171855377123e-02
1.523796959002605630e-02
1.608366151504120323e-02
1.442777684139558321e-02
1.393173450094536796e-02
1.350859186173558948e-02
1.428899157736046935e-02
1.599306966980974798e-02
1.491103084926604511e-02
1.508385432172273423e-02
1.669360958068027978e-02
1.518602885345482142e-02
1.653056501471220421e-02
1.615626551895381693e-02
1.703633325688824751e-02
2.118153235148105204e-02
2.020794628597503279e-02
1.547567871432822990e-02
1.706540645203636145e-02
1.718361253939293398e-02
1.624230321184889220e-02
1.660243107026386153e-02
1.787519979123854130e-02
1.955372285590768408e-02
1.959546979308512266e-02
1.843684716649534108e-02
1.623851989884200764e-02
1.880667938292674909e-02
1.660159454050329567e-02
1.711321814397568503e-02
1.741654571843250995e-02
1.604365979550909094e-02
1.655009358683873569e-02
1.935761874772116975e-02
2.039656267763399755e-02
2.517398688022376776e-02
3.337913468950031576e-02
4.146773062669026344e-02
6.440238182362530150e-02
1.007575005788759887e-01
6.416364060365792321e-02
4.593276028011018808e-02
2.944972039310413126e-02
2.370596633354361132e-02
2.217163218845887365e-02
1.962688816692902821e-02
1.886098384777446998e-02
1.609496026556684473e-02
1.616506768300696520e-02
1.468771906399172177e-02
1.688611920796059818e-02
1.799901104334926741e-02
1.813635605934322409e-02
1.901065649256676593e-02
1.950014625109688232e-02
1.657367361088183874e-02
1.762434403775702332e-02
1.816795411596989693e-02
1.902840813582114612e-02
1.948073534789401817e-02
1.526816749504596692e-02
1.588209562905885247e-02
1.891874137817775581e-02
1.522359657469077136e-02
1.423650975889781921e-02
1.515302562057621420e-02
2.489978163804060923e-02
1.947560614534328896e-02
2.140642192657797246e-02
2.350998844312365832e-02
2.117237071374560367e-02
1.723411837118144288e-02
1.500380052215869592e-02
1.150839846998170587e-02
1.347572684701681123e-02
1.461576273963624377e-02
1.656995270519572017e-02
1.800060002000066633e-02
1.737380513164514528e-02
1.555075593952483758e-02
1.428666356568542711e-02
1.568524071572148862e-02
1.539127827564380248e-02
1.423440640548288318e-02
1.411641114868192153e-02
1.335514673967480234e-02
1.332414426832069856e-02
1.215886695393660066e-02
1.308009909165978521e-02
1.270471464019851116e-02
1.271902222516644101e-02
1.299515155513044674e-02
1.259420532574108235e-02
1.285269605382066520e-02
