5.315293549166465181e-02
5.040785749958381912e-02
5.133035083588415037e-02
5.192601391481418971e-02
5.604467130279881110e-02
5.744411351887987460e-02
5.468295520651541425e-02
5.479170238299331530e-02
5.416509740815558110e-02
5.355771478179571776e-02
5.328802039082412845e-02
5.529383446236374455e-02
5.341266821185180341e-02
5.410814727906414906e-02
5.012445868994441778e-02
5.151629632173643919e-02
5.047297066557387968e-02
5.046326370132311889e-02
5.111777065895077576e-02
5.283536063046085501e-02
5.308213291160999991e-02
5.014434973879570989e-02
5.052674644574000479e-02
5.030104937209702726e-02
5.157081545064377825e-02
4.800000000000000100e-02
4.826088455306973973e-02
4.564301015824753088e-02
4.595744680851063940e-02
3.932143222855582348e-02
3.496715512885295585e-02
3.560913090165922223e-02
3.521830524828560571e-02
2.993048183281394464e-02
2.988895423253883077e-02
2.671130174007043875e-02
2.229530898390167867e-02
2.130763749872765025e-02
1.746874464805617255e-02
1.077946443800102336e-02
7.128767692147973747e-03
2.712194443478563137e-03
1.707650273224043660e-03
6.163328197226502526e-04
5.902742029582346873e-03
1.144078017850373892e-02
2.357563850687622795e-02
2.765385008343834022e-02
3.354067150073885423e-02
3.729951510630361705e-02
4.112471968259444333e-02
4.162022847589857966e-02
4.679982000069230624e-02
3.981919188433801632e-02
3.943721272937791844e-02
4.813403371442304124e-02
4.906185322159264256e-02
5.160001377837484388e-02
4.991210230602185355e-02
3.872714022972550962e-02
1.077249192063105959e-02
1.301860289835211990e-03
1.487418073148368339e-02
2.354793442174076684e-02
2.578865712808136451e-02
3.847625674030265980e-02
4.760443307757885462e-02
4.935272272932356846e-02
4.731567891456317509e-02
5.080642411429740768e-02
4.940942178272215296e-02
5.476806345921710756e-02
5.032484273486645399e-02
5.392512703515503492e-02
5.507196115831455158e-02
5.204078129827331700e-02
5.129804859450279308e-02
4.994608883169281144e-02
5.338837770702865165e-02
4.935806973462292940e-02
5.176586118612562515e-02
4.970609466845415936e-02
5.020606968902210226e-02
5.013422584806331156e-02
4.337531313269963468e-02
2.419160853578914902e-02
6.229451462190690667e-03
4.128206001566810807e-02
5.220978595340344114e-02
5.114485250686216788e-02
4.706856689326753551e-02
5.159594702078362100e-02
5.278188762343873769e-02
5.290603308353766104e-02
5.063028837851839270e-02
5.146673193244991756e-02
5.410248457906888936e-02
5.011974593037381298e-02
5.198490983975357499e-02
5.208443457729851345e-02
5.257416335292254550e-02
5.416880671117959428e-02
5.188695561935729311e-02
4.710007907312545317e-02
4.938962538039105843e-02
5.322641965921266066e-02
5.052631578947368307e-02
4.954691107053026816e-02
4.926834403621433572e-02
5.260036973734696225e-02
4.844266573864625114e-02
4.581191926755386057e-02
4.987066735644076626e-02
5.052210772995140847e-02
4.817758481845874075e-02
4.265419386366016419e-02
3.996542783059636728e-02
3.728778960977103402e-02
3.753165215581532460e-02
3.487677108603171039e-02
3.352420614263404430e-02
3.391010688298576325e-02
3.358631821147704116e-02
3.547921579669845865e-02
3.844115464791718340e-02
3.632920713960093723e-02
3.340595497458242330e-02
3.664939432414810599e-02
4.109066971555278697e-02
4.737556088907440149e-02
4.816841518246139930e-02
5.216018667856284902e-02
4.847214946743495789e-02
4.960917144346013719e-02
4.679677122713803844e-02
5.094782578226286773e-02
5.029219054365149932e-02
5.342689408413520136e-02
5.074408392290802317e-02
5.186542650669064003e-02
5.170893442912066762e-02
5.247057976751718505e-02
4.362616166929686456e-02
4.363737757484925650e-02
3.817170223255159089e-02
3.201002052816533799e-02
2.448836802518803563e-02
1.348713398402839360e-02
1.396932364606367008e-02
3.753865841953716448e-02
4.287550814773635061e-02
4.766681656231623598e-02
5.155904738521974173e-02
5.679843999290905970e-02
5.369313267600760858e-02
5.102216706312269479e-02
5.408275227409478636e-02
5.108179419525066267e-02
4.993143218819227208e-02
4.896500998213722949e-02
4.650195779479538577e-02
4.400739268403249665e-02
3.821611632204749420e-02
4.062986675895483707e-02
4.573159990134940261e-02
4.455084833975226505e-02
3.913391026309387399e-02
4.410599221253574953e-02
4.496523488511629252e-02
4.574552752690404234e-02
5.127666281391194542e-02
4.869517506258358441e-02
4.787026873915660452e-02
5.043545171557483470e-02
5.102649587646955476e-02
5.128205128205128027e-02
5.223015008259815350e-02
5.117685915933664620e-02
5.185940963304366130e-02
5.412936709742589142e-02
5.050753398194654520e-02
5.139844268305457375e-02
5.054937339839225136e-02
5.208224246867036722e-02
5.324724912353778067e-02
5.385883095480206023e-02
4.895378166187076135e-02
4.978905895889264993e-02
4.431024191566307335e-02
4.576562664514090967e-02
4.899996484937959446e-02
4.907844738804645335e-02
5.493301283184276462e-02
5.155913408906310363e-02
5.140562248995984157e-02
4.781712048656017178e-02
5.098829602913616810e-02
4.949053857350800556e-02
4.617381846251008420e-02
4.878822037480625567e-02
4.491534372909992967e-02
4.753736829208527609e-02
4.955927643456405768e-02
4.957055214723926628e-02
4.801102118133287328e-02
4.884184047793732608e-02
4.859255145604109843e-02
5.111434969608644879e-02
5.184488345353820138e-02
4.872513209688286717e-02
5.005824831432908323e-02
4.429953574086543250e-02
2.852581160191591109e-02
1.858722923071486760e-02
3.121563619594906053e-02
4.552695861507416453e-02
4.963726613211149469e-02
5.368320543197651479e-02
4.973481788486529970e-02
5.280342660534353971e-02
4.934566393299598397e-02
4.987257539289254027e-02
5.495701000175469420e-02
5.320338154125620056e-02
5.113210911035834944e-02
5.112553807070778500e-02
5.292548461675262300e-02
4.669881691704541593e-02
5.134534682794372057e-02
4.978424449912628030e-02
4.949619939897471899e-02
5.284795670965248410e-02
4.981837052413077421e-02
5.271922054915854916e-02
5.266755405259560679e-02
4.974458340672890944e-02
5.543325273376881190e-02
5.043447419755275885e-02
5.165453103597433815e-02
5.064819747824542834e-02
4.636022178501162522e-02
