4.200000000000000000e+01
7.400000000000000000e+01
6.000000000000000000e+01
1.560000000000000000e+02
5.800000000000000000e+01
5.400000000000000000e+01
4.600000000000000000e+01
7.400000000000000000e+01
3.200000000000000000e+01
6.400000000000000000e+01
5.800000000000000000e+01
4.600000000000000000e+01
8.200000000000000000e+01
6.000000000000000000e+01
6.800000000000000000e+01
6.800000000000000000e+01
7.400000000000000000e+01
6.000000000000000000e+01
7.800000000000000000e+01
7.200000000000000000e+01
5.000000000000000000e+01
8.000000000000000000e+01
5.200000000000000000e+01
6.200000000000000000e+01
8.100000000000000000e+01
7.200000000000000000e+01
1.060000000000000000e+02
8.400000000000000000e+01
7.800000000000000000e+01
8.400000000000000000e+01
9.200000000000000000e+01
9.000000000000000000e+01
6.800000000000000000e+01
9.800000000000000000e+01
1.080000000000000000e+02
1.020000000000000000e+02
1.040000000000000000e+02
9.000000000000000000e+01
1.060000000000000000e+02
1.100000000000000000e+02
1.460000000000000000e+02
