1.728105189011504977e-02
1.768817459940088405e-02
1.919216646266829959e-02
2.009747274280259191e-02
1.922579978293451758e-02
2.186361270171785498e-02
2.088291000922733176e-02
2.196595277320153791e-02
2.085848100043455333e-02
1.934587942345448314e-02
1.945190213261739631e-02
2.097399798879471394e-02
2.112838492411311594e-02
1.908791725434884692e-02
2.059065203731451354e-02
2.007936128507912393e-02
2.092406267207288367e-02
1.948733323339829279e-02
1.939295995151759863e-02
2.402121353922944888e-02
2.087390761548064966e-02
2.251800963694480101e-02
2.284338769895853660e-02
2.603678682380787882e-02
2.609457995977515488e-02
2.402433365984430608e-02
2.462459562551301204e-02
2.155318223553858922e-02
2.670987381548583367e-02
2.500605766900896448e-02
2.830053837724522472e-02
2.873646910344157882e-02
2.843697819157010517e-02
3.238178463928536449e-02
3.280256299909147660e-02
3.095514757146177257e-02
3.291293544001125393e-02
3.610841760169922199e-02
3.544074325855427199e-02
3.410418126605933159e-02
4.034637898505152170e-02
4.122411368155584621e-02
4.667023919715496821e-02
4.493729117234031983e-02
5.235502958579881655e-02
5.093460189322954190e-02
5.507428737356627468e-02
5.716333661858256227e-02
5.865264905242772303e-02
6.896858196684886588e-02
6.775453918639393058e-02
7.215113862072150552e-02
8.073674667175645414e-02
8.169553242145558003e-02
7.672344642098806455e-02
8.142850465105408442e-02
8.533783466966755882e-02
9.362540456869458683e-02
9.613563601929928093e-02
9.613869188337273441e-02
1.017505983948936987e-01
8.951204791308788045e-02
8.705979080071254983e-02
9.105967676948560630e-02
9.124625765226328233e-02
7.479411367625218854e-02
6.104983753603954177e-02
3.484935374299704541e-02
3.010348071495766789e-02
2.560641031224143022e-02
2.457045424736589018e-02
2.315408068578498485e-02
2.215174894684526774e-02
2.272191580634516650e-02
2.069893720703578147e-02
1.861351977118990211e-02
1.878014426565367823e-02
2.170188463735008705e-02
2.062760588106210199e-02
1.756193718919403166e-02
2.046528701876749318e-02
1.873038860728940339e-02
2.038123834220463212e-02
1.817527442864855236e-02
1.894933499399492974e-02
1.943205405644128289e-02
2.091925677112121962e-02
1.862230263448215115e-02
1.897181990652908185e-02
2.026935723616053384e-02
1.977037989272574167e-02
1.759556591738881820e-02
1.815057932067492066e-02
1.859671571763702250e-02
1.941418337501589486e-02
2.582484383515700269e-02
4.087181883842460478e-02
4.304650247167417926e-02
3.197819668407903687e-02
1.909189384365408970e-02
2.205526997935064459e-02
2.144960661069843233e-02
1.732747215227689944e-02
1.915389008478671565e-02
1.960696938639098011e-02
1.963247266806233959e-02
1.781840003692932578e-02
2.031968469454784390e-02
1.942364420240526302e-02
1.818429785879892638e-02
1.662821573151090568e-02
1.698004178334889050e-02
1.876723294494352101e-02
2.053022269353128176e-02
1.792516244678467319e-02
2.149081222628560980e-02
2.128737962493664621e-02
2.103582664225008350e-02
2.224797219003476351e-02
2.314879375261469710e-02
2.394990630284747971e-02
2.636741024588294333e-02
2.668250559692968496e-02
2.639230597181838403e-02
2.551834130781499219e-02
2.719262936625072707e-02
2.298850574712643646e-02
2.612921924466045376e-02
2.637587958432359436e-02
2.810391051123231967e-02
2.509803921568627347e-02
1.975636766334440755e-02
2.278779412406687840e-02
2.629380468715648844e-02
2.377088724178763948e-02
2.588245794100584724e-02
2.441916641047037553e-02
2.493062190073245046e-02
2.515274494938233088e-02
2.604894317003920989e-02
2.356616826601205111e-02
2.578935747405608145e-02
2.646756382170161251e-02
2.432154513345553826e-02
2.236753100338218642e-02
2.512200297050710962e-02
2.297672432201580336e-02
2.258222876779577767e-02
2.020110925733868343e-02
2.116497018070938665e-02
1.959521619135234580e-02
2.465276227055513206e-02
2.574732707833296899e-02
2.517349885770938517e-02
2.215713739971985133e-02
2.884573232212529065e-02
3.184350190797841790e-02
3.434692161288895040e-02
3.453352964797216235e-02
4.372349263259148883e-02
5.544892301130305290e-02
6.531109853267731691e-02
5.067703445502078075e-02
3.648772804830030525e-02
4.008429359279020582e-02
4.679473343406000130e-02
7.656815064222471934e-02
5.767699207779687642e-02
3.665867911043847738e-02
3.835471498479037233e-02
3.564972463950897424e-02
2.584045220791363756e-02
2.722906661098350306e-02
2.219533564187075106e-02
2.156990650141335161e-02
2.154072407976123649e-02
2.123924121097931633e-02
1.875995008820618634e-02
1.907575437856087741e-02
1.786417969263102631e-02
1.976615927641738393e-02
1.770357008012753142e-02
1.996856013935505852e-02
1.891232724316460612e-02
1.909473592848153281e-02
1.584558978465169105e-02
1.842924789898042065e-02
2.203086068977575668e-02
1.831392878388714285e-02
2.818085294638117064e-02
2.818984643494149012e-02
2.593672483571957121e-02
3.347793698786205585e-02
3.691996459729422059e-02
4.074912533443095231e-02
4.035777556928660942e-02
2.899902488659007044e-02
2.657723747642003892e-02
4.212067703174124378e-02
5.568610064287297934e-02
2.490198612726724284e-02
1.961205969635714669e-02
2.013565974147860441e-02
2.406371801389594819e-02
2.161091738774807355e-02
1.742958537352320286e-02
2.047333654140601200e-02
1.841293973563072617e-02
2.038788821217225877e-02
1.981488723764828624e-02
2.055938664496509069e-02
1.943816871989428527e-02
2.046959662853702760e-02
1.828229525906843386e-02
1.921583057361298669e-02
2.206162038798022140e-02
1.710819185615152990e-02
1.788462338310526853e-02
1.968687682973397149e-02
1.754157439972211380e-02
1.972142383373867019e-02
1.724213001262681066e-02
1.785636132872335871e-02
1.930258906466367219e-02
1.964636542239685604e-02
2.068936980179583718e-02
1.867871745211964821e-02
1.621463496176188054e-02
1.812764886072762427e-02
2.001951053993298452e-02
2.055938664496509069e-02
3.381367439008365477e-02
2.734884503723650565e-02
2.666436553479742746e-02
2.017303228529225556e-02
1.792584450175453356e-02
1.814291827128797566e-02
1.709401709401709574e-02
1.846954259700845508e-02
1.770881646076653826e-02
1.878170460738691136e-02
