6.621124540199684050e-02
6.621545027173006415e-02
6.424367372726365322e-02
6.468840749023666015e-02
5.809100924782158865e-02
6.165651398377814535e-02
6.256908390554345722e-02
6.396313988548971152e-02
6.429215208465467735e-02
6.451612903225806273e-02
6.494151949902256249e-02
6.496333255198741274e-02
6.336955417893774811e-02
5.989398696782470555e-02
6.221978849378828613e-02
6.470969281647404037e-02
6.405382674516400809e-02
6.388281890193936441e-02
5.960599427513049026e-02
5.939291736930860099e-02
6.110458284371327736e-02
6.003031834259726918e-02
6.279030344126122765e-02
5.946293725237885436e-02
5.293193001640240231e-02
5.400479292537212900e-02
5.823475887170154880e-02
5.826701731616516777e-02
5.681933070468102309e-02
5.187626943695268500e-02
5.301664001088916833e-02
5.021486820288972169e-02
4.805129070355997761e-02
4.830591494105326844e-02
4.828201990806574306e-02
4.669547449167588127e-02
4.843849585723390694e-02
4.293754844797950665e-02
4.019222367846220917e-02
4.122317959114715075e-02
3.937357125797536633e-02
3.483822678869118172e-02
3.129220330050396653e-02
2.655312300935394262e-02
2.142546282347427417e-02
1.964623502472372454e-02
1.647771763183876470e-02
9.245824194364772250e-03
5.470570357613209998e-03
2.401200600300149902e-03
7.297091114133138394e-04
4.066555965976481981e-04
4.386110649609569617e-03
1.579810556615456746e-02
2.599858189553297047e-02
3.594760404576355373e-02
4.344755691562699612e-02
4.550162028530384262e-02
3.290553898736722077e-02
4.860219302578287076e-02
4.102599226053902509e-02
8.471491445779145632e-03
1.135414927366839308e-03
1.567514610992871982e-02
3.046326781735341979e-02
4.228697601284667901e-02
5.014206919605548873e-02
5.049528065904012458e-02
4.992399932443843807e-02
5.755634480698376687e-02
5.921829157252217479e-02
5.863734799267033421e-02
5.842121222330783764e-02
6.103239205439989212e-02
6.429174404862400549e-02
6.056304707830612727e-02
5.761179031987941762e-02
5.703283205524017907e-02
6.144783961979986137e-02
5.881385480740765337e-02
5.747317364871598611e-02
6.207546556599174287e-02
5.759799888095316206e-02
5.897308898794782761e-02
6.194719581276708631e-02
6.046958307116601095e-02
5.983050275179795097e-02
6.369663757526554393e-02
5.833250191226845016e-02
6.251870572977287488e-02
5.882947198275861878e-02
3.408679630178001324e-02
1.814104495096562422e-02
3.675508903719105352e-02
6.037634588937711849e-02
6.008726642907104287e-02
5.856710259225982734e-02
5.798734219159017850e-02
6.229673093042749354e-02
6.062802728261227486e-02
6.306701291693365963e-02
6.197750545576632270e-02
6.331032160296345968e-02
5.900245298446443049e-02
6.384623139218387200e-02
6.403175128162724716e-02
6.137638062871707961e-02
6.421195922839403880e-02
6.526067150329002697e-02
6.131211929567619706e-02
5.882547779139478406e-02
6.234891216760676813e-02
5.983335006525448974e-02
6.146556546345957606e-02
6.274808150304313215e-02
5.586665356780299435e-02
5.787910143863279899e-02
5.313643405742163317e-02
5.705755515010781098e-02
5.238942808207677077e-02
5.407375501143103086e-02
5.164459490855986129e-02
5.161639023071985799e-02
4.915123715137107580e-02
4.900043099161224130e-02
5.299562268185919328e-02
5.323321377090945578e-02
5.731604647247011408e-02
5.417016277898976245e-02
5.453996578673733081e-02
5.592606384779444384e-02
5.664680851063829542e-02
5.477999041948949238e-02
5.809379727685325123e-02
5.657226595780935618e-02
5.159630294207265266e-02
4.759191607735362151e-02
5.528493260376351331e-02
5.542701599183395833e-02
5.905895806006793841e-02
5.982472168646161409e-02
5.613396677785639777e-02
5.861570039368754065e-02
5.551256602630959269e-02
5.675792843565544837e-02
5.874535727672334368e-02
5.917119794657029613e-02
5.679201841903300241e-02
5.639261016269669219e-02
5.721689910321546557e-02
5.301608579088471634e-02
5.090860051920029911e-02
5.261905571229477663e-02
4.657214345287739865e-02
4.202386955790889111e-02
3.183363058182185623e-02
1.883264778869361139e-02
1.504736500119694884e-02
4.869897350202912617e-02
5.644535859999325750e-02
6.035523366097603204e-02
5.606602292091282524e-02
5.296300078287211749e-02
3.360092131558446021e-02
4.486771067368632709e-02
4.857593344291992465e-02
5.589741826807384517e-02
5.508169766724899802e-02
5.803495672832173491e-02
5.058220456937230491e-02
5.815646051250804305e-02
6.058342106156824197e-02
5.780813620915912360e-02
5.960684844641724739e-02
5.988673742751534496e-02
5.770901557174363400e-02
6.134255297299147369e-02
5.995601421079343324e-02
5.824980594647497650e-02
6.070577174898431766e-02
6.404866878567277988e-02
6.075686884396060139e-02
5.907345093640596623e-02
5.934148764861068431e-02
5.971047440740864798e-02
5.535017805663897117e-02
5.496305706930560558e-02
5.860830911266882992e-02
6.414253897550110939e-02
6.105470474379435381e-02
6.053031582502955282e-02
6.484978394746691854e-02
6.035795243089623480e-02
5.757751475253265749e-02
5.906058451014257332e-02
6.092733468727410534e-02
6.167884463654763061e-02
5.714670346313061727e-02
6.013645558336476460e-02
5.541390447050824342e-02
6.317364251470537762e-02
5.865566443183771461e-02
6.054483617873859108e-02
6.051075176917028453e-02
5.967394647800676466e-02
6.175414600786459374e-02
5.549228698623046019e-02
6.050322226792814728e-02
5.859773082410489609e-02
6.050511574152758754e-02
5.980820128553260284e-02
5.582499576055621748e-02
5.863347277488691750e-02
5.709104342277596805e-02
6.001818732949378704e-02
5.949998303877336581e-02
6.112295664534470735e-02
5.857740585774058595e-02
6.237816764132553260e-02
5.987820229306297509e-02
6.086927017948631086e-02
5.779090693015517116e-02
5.871039578904747175e-02
4.276550249465431441e-02
4.072868789210588175e-02
4.790620894114476502e-02
5.414279492076255751e-02
5.716213936224059239e-02
5.957877000842459747e-02
6.103109712291745342e-02
5.875857453572026073e-02
6.063120052542431138e-02
6.134329362675819408e-02
5.947855340622371784e-02
6.405382674516400809e-02
6.201236194143276703e-02
5.743254737844918217e-02
5.964781325280765767e-02
5.989079933530030292e-02
5.843657127592079281e-02
5.927618535569071506e-02
