1.608000000000000000e+03
1.646000000000000000e+03
1.460000000000000000e+03
1.536000000000000000e+03
1.458000000000000000e+03
1.558000000000000000e+03
1.522000000000000000e+03
1.600000000000000000e+03
1.620000000000000000e+03
1.586000000000000000e+03
1.536000000000000000e+03
1.630000000000000000e+03
1.720000000000000000e+03
1.611000000000000000e+03
1.568000000000000000e+03
1.572000000000000000e+03
1.522000000000000000e+03
1.556000000000000000e+03
1.532000000000000000e+03
1.456000000000000000e+03
1.470000000000000000e+03
1.524000000000000000e+03
1.468000000000000000e+03
1.556000000000000000e+03
1.450000000000000000e+03
1.354000000000000000e+03
1.548000000000000000e+03
1.500000000000000000e+03
1.504000000000000000e+03
1.454000000000000000e+03
1.424000000000000000e+03
1.372000000000000000e+03
1.386000000000000000e+03
1.388000000000000000e+03
1.374000000000000000e+03
1.432000000000000000e+03
1.370000000000000000e+03
1.288000000000000000e+03
1.426000000000000000e+03
1.342000000000000000e+03
1.162000000000000000e+03
1.176000000000000000e+03
1.092000000000000000e+03
1.086000000000000000e+03
1.096000000000000000e+03
1.008000000000000000e+03
1.002000000000000000e+03
9.470000000000000000e+02
7.840000000000000000e+02
7.520000000000000000e+02
6.600000000000000000e+02
6.080000000000000000e+02
4.800000000000000000e+02
4.540000000000000000e+02
4.180000000000000000e+02
3.600000000000000000e+02
1.900000000000000000e+02
9.000000000000000000e+01
8.200000000000000000e+01
5.600000000000000000e+01
3.200000000000000000e+01
3.220000000000000000e+02
1.340000000000000000e+02
2.000000000000000000e+00
1.800000000000000000e+01
2.540000000000000000e+02
7.500000000000000000e+02
1.342000000000000000e+03
1.460000000000000000e+03
1.622000000000000000e+03
1.538000000000000000e+03
1.676000000000000000e+03
1.642000000000000000e+03
1.548000000000000000e+03
1.616000000000000000e+03
1.728000000000000000e+03
1.674000000000000000e+03
1.772000000000000000e+03
1.666000000000000000e+03
1.798000000000000000e+03
1.604000000000000000e+03
1.498000000000000000e+03
1.732000000000000000e+03
1.715000000000000000e+03
1.608000000000000000e+03
1.650000000000000000e+03
1.710000000000000000e+03
1.598000000000000000e+03
1.658000000000000000e+03
1.660000000000000000e+03
1.510000000000000000e+03
1.688000000000000000e+03
1.704000000000000000e+03
1.680000000000000000e+03
1.800000000000000000e+03
1.650000000000000000e+03
1.038000000000000000e+03
8.160000000000000000e+02
1.178000000000000000e+03
1.568000000000000000e+03
1.634000000000000000e+03
1.826000000000000000e+03
1.756000000000000000e+03
1.690000000000000000e+03
1.678000000000000000e+03
1.640000000000000000e+03
1.626000000000000000e+03
1.744000000000000000e+03
1.546000000000000000e+03
1.632000000000000000e+03
1.698000000000000000e+03
1.638000000000000000e+03
1.694000000000000000e+03
1.650000000000000000e+03
1.684000000000000000e+03
1.764000000000000000e+03
1.582000000000000000e+03
1.584000000000000000e+03
1.574000000000000000e+03
1.530000000000000000e+03
1.516000000000000000e+03
1.530000000000000000e+03
1.468000000000000000e+03
1.630000000000000000e+03
1.536000000000000000e+03
1.596000000000000000e+03
1.514000000000000000e+03
1.630000000000000000e+03
1.570000000000000000e+03
1.574000000000000000e+03
1.624000000000000000e+03
1.692000000000000000e+03
1.604000000000000000e+03
1.572000000000000000e+03
1.564000000000000000e+03
1.648000000000000000e+03
1.550000000000000000e+03
1.440000000000000000e+03
1.450000000000000000e+03
1.446000000000000000e+03
1.570000000000000000e+03
1.522000000000000000e+03
1.496000000000000000e+03
1.636000000000000000e+03
1.552000000000000000e+03
1.720000000000000000e+03
1.624000000000000000e+03
1.496000000000000000e+03
1.608000000000000000e+03
1.628000000000000000e+03
1.557000000000000000e+03
1.602000000000000000e+03
1.514000000000000000e+03
1.482000000000000000e+03
1.554000000000000000e+03
1.466000000000000000e+03
1.394000000000000000e+03
1.446000000000000000e+03
1.374000000000000000e+03
1.120000000000000000e+03
8.500000000000000000e+02
7.640000000000000000e+02
1.070000000000000000e+03
1.298000000000000000e+03
1.238000000000000000e+03
9.940000000000000000e+02
3.000000000000000000e+02
7.960000000000000000e+02
1.332000000000000000e+03
1.312000000000000000e+03
1.224000000000000000e+03
1.476000000000000000e+03
1.608000000000000000e+03
1.698000000000000000e+03
1.570000000000000000e+03
1.556000000000000000e+03
1.726000000000000000e+03
1.708000000000000000e+03
1.616000000000000000e+03
1.608000000000000000e+03
1.698000000000000000e+03
1.780000000000000000e+03
1.698000000000000000e+03
1.716000000000000000e+03
1.680000000000000000e+03
1.678000000000000000e+03
1.684000000000000000e+03
1.594000000000000000e+03
1.634000000000000000e+03
1.512000000000000000e+03
1.442000000000000000e+03
1.474000000000000000e+03
1.392000000000000000e+03
1.240000000000000000e+03
1.126000000000000000e+03
1.254000000000000000e+03
1.488000000000000000e+03
1.474000000000000000e+03
9.800000000000000000e+02
4.460000000000000000e+02
1.532000000000000000e+03
1.616000000000000000e+03
1.558000000000000000e+03
1.571000000000000000e+03
1.684000000000000000e+03
1.576000000000000000e+03
1.676000000000000000e+03
1.604000000000000000e+03
1.700000000000000000e+03
1.746000000000000000e+03
1.750000000000000000e+03
1.676000000000000000e+03
1.715000000000000000e+03
1.766000000000000000e+03
1.682000000000000000e+03
1.736000000000000000e+03
1.734000000000000000e+03
1.776000000000000000e+03
1.734000000000000000e+03
1.692000000000000000e+03
1.608000000000000000e+03
1.556000000000000000e+03
1.588000000000000000e+03
1.692000000000000000e+03
1.842000000000000000e+03
1.736000000000000000e+03
1.822000000000000000e+03
1.796000000000000000e+03
1.570000000000000000e+03
1.740000000000000000e+03
1.740000000000000000e+03
1.464000000000000000e+03
1.422000000000000000e+03
1.616000000000000000e+03
1.624000000000000000e+03
1.668000000000000000e+03
1.639000000000000000e+03
1.692000000000000000e+03
1.774000000000000000e+03
1.712000000000000000e+03
1.684000000000000000e+03
