1.407669666851512139e-02
1.307808130780813149e-02
1.311199831897457389e-02
1.544108340716364956e-02
1.404543089994798009e-02
1.313586606567932955e-02
1.424537446790576090e-02
1.535264430213325454e-02
1.640130861504907403e-02
1.524454795680711336e-02
1.578344435487292682e-02
1.677666595699382757e-02
1.586966614611910742e-02
1.604839726084947293e-02
1.590423973548737990e-02
1.467673231833326389e-02
1.519160194589058710e-02
1.654484177353700639e-02
1.692019170660554253e-02
1.645574907070960352e-02
1.644088411693159571e-02
1.705288928285002628e-02
1.671379732410416610e-02
1.901320600507592357e-02
1.763298207313489241e-02
1.840205968007428347e-02
1.813909386981077745e-02
2.024812248454421065e-02
1.821582499796698534e-02
2.044136665137040454e-02
2.348806309202348952e-02
2.348036922029861015e-02
2.030710332487203895e-02
2.210876803551609440e-02
1.957428132543339791e-02
2.052773737793476064e-02
2.359021381236194037e-02
2.249480073001994956e-02
2.517482517482517654e-02
2.383110995984976180e-02
2.538362888603900441e-02
2.653106345346009295e-02
2.817884405670665129e-02
2.964898841977199953e-02
2.930077691453939967e-02
2.949852507374631227e-02
3.348656741596726938e-02
2.890395191200920838e-02
3.224564854809049141e-02
3.540348940866833855e-02
3.658745084629851096e-02
3.188728216536892979e-02
3.809759927275732649e-02
3.749408780152212184e-02
3.499079189686924579e-02
3.639152852942429545e-02
3.742081637789990145e-02
4.366738460239030090e-02
4.130551984406751614e-02
4.468892584537972890e-02
5.606285835633892378e-02
6.238062163570064211e-02
6.469461587571823102e-02
5.837721298561300565e-02
5.068989953728792602e-02
5.904507350261207349e-02
8.054078562301636435e-02
7.681823813653822219e-02
8.813504952083082988e-02
8.816011953914514032e-02
4.998128820325169197e-02
3.501417827641474523e-02
2.854631451174082304e-02
2.681812358542938826e-02
2.290433820085997774e-02
2.426504899673355073e-02
2.069229786690509471e-02
2.296707487605407008e-02
2.112353944030936903e-02
1.785786432871399113e-02
1.889049288513095642e-02
1.831639693890352652e-02
1.855063112473282969e-02
1.712062256809338684e-02
1.694983982806861147e-02
1.714898177920685940e-02
1.789240378803143294e-02
1.783759678923257930e-02
1.664803081128090473e-02
1.597998466567128115e-02
1.677026406908347506e-02
1.647242927150681380e-02
1.545190696153374461e-02
1.632993126431993292e-02
1.596071209330877927e-02
1.961024635371981864e-02
1.602136181575434040e-02
1.515962924819773405e-02
1.677636859849093026e-02
1.589317167083111396e-02
1.916932907348242732e-02
3.122560499609679935e-02
3.999503167308408880e-02
2.665460079799267940e-02
1.845453436852160373e-02
1.845672146005850056e-02
1.549818508095762541e-02
1.649381481944271061e-02
1.588695179564363069e-02
1.638462493276511209e-02
1.506110859635406002e-02
1.603761702842268835e-02
1.467759471439324288e-02
1.371372597036855587e-02
1.467357512953367839e-02
1.555340703686577779e-02
1.591600349985417343e-02
1.698636947425114993e-02
1.691907729129699112e-02
1.633615426718874886e-02
1.643765249775266599e-02
1.945084887864179449e-02
1.799442426290445360e-02
1.749001471515661266e-02
1.531100478468899566e-02
1.834938215481258031e-02
1.694022289766970724e-02
1.841081216787313415e-02
1.763869132290184910e-02
1.815346475268903026e-02
1.842094678840043576e-02
1.938688961589725077e-02
1.812318870157965736e-02
2.080858558964486169e-02
2.030456852791878014e-02
2.066962760505637250e-02
1.860309213558469787e-02
2.227486182105306925e-02
1.896211771615555555e-02
2.153454156906258951e-02
2.088333122815881279e-02
1.749724050529414057e-02
1.943906758370742699e-02
1.903811780354990393e-02
1.926973493776619820e-02
1.842566548448901220e-02
2.205668150984227416e-02
1.781984055932131147e-02
1.834186284544524204e-02
2.018056293149229907e-02
1.935995326907831438e-02
1.930360415394013346e-02
1.932048053502869248e-02
1.753584043216289273e-02
1.833203173167824440e-02
2.067353049755937464e-02
2.185210950607685207e-02
1.954479014408018467e-02
2.229286215580233640e-02
2.167144102627973495e-02
2.144257644653956713e-02
2.722802454586093282e-02
2.546737499493085741e-02
2.938344983466577298e-02
3.425808302257919019e-02
3.640985690270203551e-02
3.109066036562616736e-02
2.743664517188976193e-02
3.340002449879547752e-02
3.013379404556229546e-02
3.576639293009296200e-02
4.322636315075810420e-02
6.719351235053167004e-02
8.858097241123345789e-02
6.635756518780042135e-02
5.785089371677341191e-02
4.938527994683502426e-02
4.120090796179708137e-02
2.867029164607019440e-02
2.946669433492425660e-02
2.610683849511536217e-02
2.045342533267619639e-02
2.054996420600497045e-02
1.986727325848324302e-02
1.790970523610132398e-02
1.956585632111516870e-02
1.827862323397476049e-02
1.475816453079785082e-02
1.760923870756378115e-02
1.577813021023951809e-02
1.704756022235948132e-02
1.653029862524400817e-02
1.562954649374402594e-02
1.599081553159211258e-02
1.956082786471479221e-02
2.294056308654848775e-02
2.811936038947412606e-02
2.632346203507018173e-02
3.149135907830168807e-02
3.066283381244011216e-02
2.537495273704995155e-02
2.536885245901639510e-02
3.119425892894180097e-02
3.455022270324272643e-02
3.417212941425248202e-02
1.991282796342193004e-02
1.956749947512072263e-02
2.583264935850360794e-02
3.420202455309067496e-02
2.989372062497353683e-02
2.444435142940856384e-02
1.914073828561958790e-02
2.392444910807974695e-02
2.509611728421141594e-02
2.304748286158892975e-02
1.871826079657531311e-02
1.841156802292761435e-02
1.622277041434962500e-02
1.570876449320533427e-02
1.791685588077446961e-02
1.497880745648327155e-02
1.654817849540105371e-02
1.652414590820837012e-02
1.878051834230624884e-02
1.411977178508393854e-02
1.525472121385161237e-02
1.637274467478515988e-02
1.654141651622654044e-02
1.587502638800928831e-02
1.623634765870192800e-02
1.541730905454393938e-02
1.366360702460287478e-02
1.426039648848040180e-02
1.625421593725872790e-02
1.497765430607561274e-02
1.301986150847949525e-02
1.466335383487434377e-02
1.332110238104734258e-02
1.550387596899224785e-02
1.509895939604162345e-02
1.521366840575092555e-02
