5.120000000000000000e+02
5.680000000000000000e+02
5.040000000000000000e+02
5.760000000000000000e+02
5.360000000000000000e+02
6.200000000000000000e+02
5.860000000000000000e+02
5.760000000000000000e+02
5.460000000000000000e+02
5.180000000000000000e+02
5.440000000000000000e+02
5.100000000000000000e+02
5.460000000000000000e+02
5.640000000000000000e+02
5.780000000000000000e+02
5.480000000000000000e+02
6.180000000000000000e+02
5.780000000000000000e+02
5.560000000000000000e+02
6.600000000000000000e+02
6.020000000000000000e+02
6.100000000000000000e+02
6.370000000000000000e+02
6.580000000000000000e+02
5.560000000000000000e+02
6.680000000000000000e+02
7.260000000000000000e+02
7.040000000000000000e+02
6.980000000000000000e+02
7.360000000000000000e+02
7.700000000000000000e+02
8.360000000000000000e+02
8.620000000000000000e+02
9.820000000000000000e+02
9.040000000000000000e+02
9.440000000000000000e+02
9.220000000000000000e+02
9.700000000000000000e+02
1.102000000000000000e+03
1.136000000000000000e+03
1.084000000000000000e+03
1.210000000000000000e+03
1.282000000000000000e+03
1.482000000000000000e+03
1.578000000000000000e+03
1.628000000000000000e+03
1.721000000000000000e+03
1.844000000000000000e+03
2.044000000000000000e+03
2.076000000000000000e+03
2.404000000000000000e+03
2.480000000000000000e+03
2.518000000000000000e+03
2.400000000000000000e+03
2.426000000000000000e+03
2.462000000000000000e+03
2.124000000000000000e+03
1.558000000000000000e+03
1.536000000000000000e+03
1.834000000000000000e+03
1.653000000000000000e+03
2.068000000000000000e+03
2.346000000000000000e+03
2.036000000000000000e+03
1.686000000000000000e+03
1.280000000000000000e+03
1.022000000000000000e+03
8.880000000000000000e+02
9.020000000000000000e+02
6.660000000000000000e+02
6.580000000000000000e+02
6.780000000000000000e+02
5.620000000000000000e+02
5.720000000000000000e+02
6.000000000000000000e+02
5.020000000000000000e+02
5.820000000000000000e+02
5.300000000000000000e+02
5.680000000000000000e+02
6.040000000000000000e+02
5.920000000000000000e+02
5.700000000000000000e+02
5.680000000000000000e+02
5.500000000000000000e+02
5.060000000000000000e+02
5.580000000000000000e+02
5.580000000000000000e+02
5.860000000000000000e+02
5.440000000000000000e+02
5.700000000000000000e+02
5.040000000000000000e+02
4.980000000000000000e+02
6.260000000000000000e+02
1.058000000000000000e+03
1.494000000000000000e+03
1.088000000000000000e+03
6.200000000000000000e+02
4.860000000000000000e+02
5.540000000000000000e+02
4.600000000000000000e+02
5.100000000000000000e+02
5.040000000000000000e+02
5.720000000000000000e+02
4.740000000000000000e+02
4.860000000000000000e+02
5.340000000000000000e+02
5.200000000000000000e+02
5.280000000000000000e+02
4.860000000000000000e+02
4.960000000000000000e+02
5.180000000000000000e+02
5.090000000000000000e+02
5.580000000000000000e+02
5.680000000000000000e+02
6.080000000000000000e+02
5.980000000000000000e+02
6.020000000000000000e+02
6.700000000000000000e+02
6.600000000000000000e+02
6.980000000000000000e+02
6.520000000000000000e+02
7.400000000000000000e+02
7.960000000000000000e+02
7.580000000000000000e+02
7.730000000000000000e+02
7.300000000000000000e+02
7.220000000000000000e+02
7.220000000000000000e+02
7.200000000000000000e+02
6.560000000000000000e+02
6.690000000000000000e+02
6.350000000000000000e+02
6.460000000000000000e+02
7.420000000000000000e+02
7.340000000000000000e+02
6.040000000000000000e+02
6.680000000000000000e+02
7.240000000000000000e+02
8.680000000000000000e+02
7.560000000000000000e+02
6.980000000000000000e+02
6.660000000000000000e+02
6.700000000000000000e+02
7.020000000000000000e+02
5.960000000000000000e+02
5.800000000000000000e+02
6.340000000000000000e+02
5.460000000000000000e+02
6.000000000000000000e+02
5.820000000000000000e+02
5.760000000000000000e+02
6.680000000000000000e+02
6.920000000000000000e+02
7.380000000000000000e+02
7.780000000000000000e+02
7.800000000000000000e+02
8.020000000000000000e+02
1.036000000000000000e+03
1.408000000000000000e+03
1.970000000000000000e+03
1.406000000000000000e+03
7.020000000000000000e+02
7.700000000000000000e+02
9.380000000000000000e+02
1.736000000000000000e+03
1.528000000000000000e+03
8.560000000000000000e+02
8.020000000000000000e+02
7.660000000000000000e+02
7.180000000000000000e+02
6.760000000000000000e+02
5.960000000000000000e+02
6.120000000000000000e+02
5.980000000000000000e+02
5.440000000000000000e+02
5.560000000000000000e+02
6.020000000000000000e+02
5.260000000000000000e+02
4.560000000000000000e+02
5.440000000000000000e+02
5.380000000000000000e+02
5.300000000000000000e+02
5.400000000000000000e+02
5.300000000000000000e+02
5.650000000000000000e+02
5.880000000000000000e+02
6.040000000000000000e+02
5.700000000000000000e+02
6.160000000000000000e+02
6.620000000000000000e+02
7.100000000000000000e+02
6.500000000000000000e+02
5.600000000000000000e+02
5.120000000000000000e+02
5.660000000000000000e+02
7.060000000000000000e+02
7.560000000000000000e+02
6.260000000000000000e+02
6.560000000000000000e+02
5.980000000000000000e+02
6.220000000000000000e+02
5.480000000000000000e+02
6.300000000000000000e+02
4.880000000000000000e+02
5.360000000000000000e+02
5.700000000000000000e+02
5.480000000000000000e+02
5.320000000000000000e+02
5.320000000000000000e+02
5.640000000000000000e+02
5.420000000000000000e+02
5.740000000000000000e+02
5.220000000000000000e+02
5.440000000000000000e+02
5.200000000000000000e+02
5.280000000000000000e+02
5.220000000000000000e+02
4.920000000000000000e+02
5.440000000000000000e+02
5.360000000000000000e+02
4.840000000000000000e+02
4.940000000000000000e+02
4.980000000000000000e+02
5.080000000000000000e+02
5.020000000000000000e+02
4.980000000000000000e+02
5.920000000000000000e+02
9.180000000000000000e+02
9.360000000000000000e+02
6.680000000000000000e+02
6.320000000000000000e+02
5.720000000000000000e+02
5.100000000000000000e+02
4.960000000000000000e+02
5.000000000000000000e+02
5.140000000000000000e+02
5.240000000000000000e+02
4.960000000000000000e+02
5.000000000000000000e+02
5.020000000000000000e+02
5.580000000000000000e+02
