5.460000000000000000e+02
5.140000000000000000e+02
5.560000000000000000e+02
5.360000000000000000e+02
4.920000000000000000e+02
4.860000000000000000e+02
4.620000000000000000e+02
4.800000000000000000e+02
5.600000000000000000e+02
5.540000000000000000e+02
5.000000000000000000e+02
5.260000000000000000e+02
4.780000000000000000e+02
5.320000000000000000e+02
5.120000000000000000e+02
5.060000000000000000e+02
5.140000000000000000e+02
5.360000000000000000e+02
5.480000000000000000e+02
6.580000000000000000e+02
5.540000000000000000e+02
5.260000000000000000e+02
6.420000000000000000e+02
5.980000000000000000e+02
6.280000000000000000e+02
6.180000000000000000e+02
7.260000000000000000e+02
7.240000000000000000e+02
7.840000000000000000e+02
9.280000000000000000e+02
9.160000000000000000e+02
1.058000000000000000e+03
1.098000000000000000e+03
1.190000000000000000e+03
1.224000000000000000e+03
1.364000000000000000e+03
1.384000000000000000e+03
1.396000000000000000e+03
1.616000000000000000e+03
1.652000000000000000e+03
1.906000000000000000e+03
2.142000000000000000e+03
2.079000000000000000e+03
2.024000000000000000e+03
1.774000000000000000e+03
1.698000000000000000e+03
1.354000000000000000e+03
1.176000000000000000e+03
1.034000000000000000e+03
9.200000000000000000e+02
8.380000000000000000e+02
7.900000000000000000e+02
7.280000000000000000e+02
9.020000000000000000e+02
8.880000000000000000e+02
5.620000000000000000e+02
5.400000000000000000e+02
6.020000000000000000e+02
5.840000000000000000e+02
8.780000000000000000e+02
1.474000000000000000e+03
1.664000000000000000e+03
1.508000000000000000e+03
1.332000000000000000e+03
1.170000000000000000e+03
9.520000000000000000e+02
6.460000000000000000e+02
6.540000000000000000e+02
5.340000000000000000e+02
5.080000000000000000e+02
5.140000000000000000e+02
4.880000000000000000e+02
4.880000000000000000e+02
4.760000000000000000e+02
4.540000000000000000e+02
5.200000000000000000e+02
4.500000000000000000e+02
5.600000000000000000e+02
4.680000000000000000e+02
4.640000000000000000e+02
5.000000000000000000e+02
5.060000000000000000e+02
5.140000000000000000e+02
5.720000000000000000e+02
6.380000000000000000e+02
1.250000000000000000e+03
1.262000000000000000e+03
6.260000000000000000e+02
4.940000000000000000e+02
4.200000000000000000e+02
4.200000000000000000e+02
5.080000000000000000e+02
4.900000000000000000e+02
4.400000000000000000e+02
4.960000000000000000e+02
4.400000000000000000e+02
4.340000000000000000e+02
4.560000000000000000e+02
3.920000000000000000e+02
3.740000000000000000e+02
4.520000000000000000e+02
4.120000000000000000e+02
4.500000000000000000e+02
4.400000000000000000e+02
4.960000000000000000e+02
4.740000000000000000e+02
4.720000000000000000e+02
5.280000000000000000e+02
5.100000000000000000e+02
5.240000000000000000e+02
5.460000000000000000e+02
5.820000000000000000e+02
5.380000000000000000e+02
6.380000000000000000e+02
6.260000000000000000e+02
6.800000000000000000e+02
8.360000000000000000e+02
9.160000000000000000e+02
9.120000000000000000e+02
9.040000000000000000e+02
9.600000000000000000e+02
9.240000000000000000e+02
1.002000000000000000e+03
8.900000000000000000e+02
9.220000000000000000e+02
8.620000000000000000e+02
9.940000000000000000e+02
8.900000000000000000e+02
7.320000000000000000e+02
4.960000000000000000e+02
4.760000000000000000e+02
4.760000000000000000e+02
4.800000000000000000e+02
4.740000000000000000e+02
4.860000000000000000e+02
4.900000000000000000e+02
4.840000000000000000e+02
4.120000000000000000e+02
5.100000000000000000e+02
5.360000000000000000e+02
4.780000000000000000e+02
6.060000000000000000e+02
5.820000000000000000e+02
7.480000000000000000e+02
9.140000000000000000e+02
1.054000000000000000e+03
1.238000000000000000e+03
1.638000000000000000e+03
1.560000000000000000e+03
8.680000000000000000e+02
6.180000000000000000e+02
4.900000000000000000e+02
4.360000000000000000e+02
4.120000000000000000e+02
4.480000000000000000e+02
4.840000000000000000e+02
5.120000000000000000e+02
4.440000000000000000e+02
5.060000000000000000e+02
4.880000000000000000e+02
5.720000000000000000e+02
5.960000000000000000e+02
7.060000000000000000e+02
7.260000000000000000e+02
6.480000000000000000e+02
6.980000000000000000e+02
8.620000000000000000e+02
6.960000000000000000e+02
5.820000000000000000e+02
6.680000000000000000e+02
6.840000000000000000e+02
6.660000000000000000e+02
5.040000000000000000e+02
4.500000000000000000e+02
4.460000000000000000e+02
3.880000000000000000e+02
4.700000000000000000e+02
5.120000000000000000e+02
5.140000000000000000e+02
4.220000000000000000e+02
4.360000000000000000e+02
4.800000000000000000e+02
4.360000000000000000e+02
4.360000000000000000e+02
4.380000000000000000e+02
4.440000000000000000e+02
4.700000000000000000e+02
5.460000000000000000e+02
7.140000000000000000e+02
6.360000000000000000e+02
5.660000000000000000e+02
4.640000000000000000e+02
3.740000000000000000e+02
3.980000000000000000e+02
4.320000000000000000e+02
4.400000000000000000e+02
4.160000000000000000e+02
5.080000000000000000e+02
5.980000000000000000e+02
4.320000000000000000e+02
4.620000000000000000e+02
4.360000000000000000e+02
4.840000000000000000e+02
5.280000000000000000e+02
4.900000000000000000e+02
4.740000000000000000e+02
4.620000000000000000e+02
4.100000000000000000e+02
5.100000000000000000e+02
4.220000000000000000e+02
4.560000000000000000e+02
6.360000000000000000e+02
1.050000000000000000e+03
1.178000000000000000e+03
7.560000000000000000e+02
5.480000000000000000e+02
4.540000000000000000e+02
4.600000000000000000e+02
4.720000000000000000e+02
4.720000000000000000e+02
5.040000000000000000e+02
3.900000000000000000e+02
4.640000000000000000e+02
4.500000000000000000e+02
4.400000000000000000e+02
4.380000000000000000e+02
4.880000000000000000e+02
5.060000000000000000e+02
4.060000000000000000e+02
4.360000000000000000e+02
4.840000000000000000e+02
5.000000000000000000e+02
4.500000000000000000e+02
4.160000000000000000e+02
4.580000000000000000e+02
4.280000000000000000e+02
4.660000000000000000e+02
4.320000000000000000e+02
4.000000000000000000e+02
4.320000000000000000e+02
4.140000000000000000e+02
