7.551068325898098454e-02
7.826541771670390835e-02
7.148102815177478919e-02
7.717429533236196126e-02
7.535273140730787411e-02
7.373053807202688270e-02
7.391578845126511865e-02
7.987619190255104695e-02
7.821930375162956806e-02
7.594694248910596746e-02
7.780760853046958525e-02
7.805391945601686254e-02
7.934677307745537089e-02
7.574047954866008903e-02
7.578906665377736773e-02
7.515418080986757676e-02
7.618761575812184328e-02
7.774946284914804884e-02
7.736982980657541864e-02
7.570321842666251355e-02
7.340823970037453627e-02
7.270645484471160991e-02
7.211632933778738819e-02
7.672962177622170976e-02
7.477695838275488782e-02
6.980460896014847871e-02
7.474289025155714250e-02
7.248828106122844062e-02
7.384494525457847847e-02
7.046280591228495926e-02
6.784506169898518735e-02
6.659870880054366560e-02
7.013105297778676750e-02
6.738518302747839583e-02
6.570076029264093620e-02
6.655821519869858927e-02
6.423179708378264074e-02
5.947268781456341996e-02
6.462723770677543389e-02
6.269563186171454860e-02
5.621401964104300736e-02
5.703477375236432750e-02
5.319822672577580874e-02
5.258825238487239984e-02
5.188165680473372926e-02
4.843592330978808980e-02
4.849247447127716382e-02
4.242451393244332791e-02
3.615068935306865738e-02
3.341776652001954978e-02
3.033785336704205790e-02
2.808443808028084424e-02
2.290404160900892314e-02
2.119415526819476078e-02
1.972349360637946566e-02
1.682793437105595258e-02
8.908894828152108189e-03
4.221586378347952188e-03
3.697524462280741241e-03
2.595837389329254310e-03
1.501853850847139531e-03
1.494962625934351599e-02
6.120677842232677413e-03
8.953753861306352633e-05
8.043254837124089347e-04
1.143062868457765148e-02
3.432337192805821197e-02
5.919978825709118486e-02
6.540339560094969584e-02
7.063536994295170623e-02
6.724085165916145190e-02
7.405770845300693739e-02
7.772045250153832019e-02
7.297411964361476266e-02
7.499883974567225775e-02
7.844917601125890594e-02
7.144991250160058482e-02
7.784562667486710774e-02
7.311827956989247479e-02
8.055194659737466290e-02
7.360161519754049309e-02
7.231474776731837417e-02
7.879532323370183611e-02
7.715493971567392861e-02
7.152706730127662837e-02
7.287020271165481344e-02
7.270717292401887577e-02
7.051762940735183116e-02
7.672018879274443426e-02
7.477140669339218948e-02
6.693559111662751582e-02
7.425328817138081294e-02
7.506938631657782135e-02
7.165706973768394550e-02
7.630028400661269250e-02
6.917368884417054997e-02
4.410077749925649104e-02
3.569709961065663240e-02
5.350897115602998300e-02
7.077089727387615714e-02
7.178946443477879358e-02
8.026020834249043834e-02
7.494345098373948744e-02
7.424328954882923604e-02
7.477385143264560219e-02
7.629681321237496983e-02
7.505885611411161618e-02
7.637398730019706594e-02
7.016110732924892013e-02
7.419193526389962490e-02
7.391285422017150608e-02
7.280970796106148168e-02
7.533576447567374990e-02
6.998939554612937375e-02
7.546493390096348231e-02
7.964242177976432746e-02
7.289314841266184009e-02
7.437667277081279338e-02
7.295480880648899658e-02
7.111978803514154568e-02
6.929018693724575684e-02
6.979608594498426521e-02
6.707177776762461574e-02
7.291433683739655114e-02
6.999316473000682937e-02
7.138065208640816117e-02
6.667547452327475532e-02
7.268025148258795698e-02
7.316277552542056750e-02
7.275584727743367175e-02
7.492502883506343969e-02
7.495016611295680919e-02
7.002226393678788463e-02
6.912016884316053711e-02
6.859348274198499851e-02
7.354188049444419784e-02
6.807501427379331060e-02
6.551112324280060351e-02
6.466574499397939602e-02
6.516742530082472729e-02
7.007364427583129274e-02
6.721130492382423882e-02
6.688424911700273368e-02
7.314347029105378040e-02
6.998872604284103738e-02
7.298960322512200449e-02
6.935724962630791801e-02
6.676485027000490791e-02
7.250755287009064132e-02
7.300121070803999856e-02
7.161913523459061126e-02
7.154660354606762196e-02
6.607025965524765398e-02
6.388206388206388309e-02
6.596205271870622666e-02
6.426723948971986566e-02
6.114303258914864647e-02
6.400212455185234905e-02
6.130370766965600321e-02
4.897031174850247082e-02
3.625506504585199186e-02
3.326511951931031275e-02
4.781695490905840673e-02
5.678785492409327285e-02
5.550822759270053475e-02
4.290956183898122361e-02
1.247038284075321045e-02
3.336546925430691063e-02
5.599697313658721226e-02
5.784067363223559244e-02
5.145667801740446551e-02
6.273109779421140453e-02
6.715389434119857504e-02
7.084150360882807140e-02
6.827571211132854589e-02
6.730394913274795332e-02
7.390913373014174059e-02
7.349081364829396223e-02
6.820004220299641373e-02
7.040588467095756919e-02
7.491727332892124391e-02
7.467382640432940200e-02
7.214173429069124788e-02
7.342432929699199695e-02
7.290717354511130899e-02
7.071515866661047534e-02
7.183993856917367249e-02
6.967696813393364774e-02
6.943146086513130033e-02
6.689081578481684276e-02
6.273110888763214210e-02
6.414552417424605746e-02
6.099645063757065666e-02
5.226113710119273392e-02
4.634698497633257808e-02
5.418485071079807980e-02
6.308559799889769393e-02
6.178998113603018094e-02
4.220681338558938955e-02
1.977388605630680390e-02
6.600318814355263242e-02
6.950238699410778154e-02
6.646474126530438342e-02
6.655651584477206839e-02
7.249558741228637193e-02
7.079646017699114946e-02
7.331904282777024218e-02
6.773934710080661836e-02
7.343095330655263764e-02
7.587016034415330901e-02
7.495609714310189076e-02
7.144379555820794259e-02
7.375075255869957547e-02
7.337848506253376313e-02
6.876814260599370399e-02
7.336968006424073041e-02
7.567756295552742485e-02
7.386765378696502626e-02
7.357121642835928732e-02
7.346619773348964100e-02
7.110325005527304287e-02
6.774937954456393407e-02
6.949975928924678747e-02
7.099995803784986403e-02
7.699703214479788893e-02
7.183349195183515168e-02
7.841618248332257735e-02
7.505537214258849177e-02
6.588057572069992707e-02
7.380073800738007339e-02
7.452777658799845939e-02
6.412334107135035655e-02
5.983085791223124311e-02
6.972429563791690543e-02
6.853766617429837837e-02
7.051959582294001216e-02
7.013264869490799802e-02
7.194795254496746950e-02
7.691307175373943150e-02
7.218450900198170039e-02
7.059908606883830151e-02
