7.090748119999999517e+02
7.090747780000000375e+02
7.090749029999999493e+02
7.090748740000000225e+02
7.090749009999999544e+02
7.090779179999999542e+02
7.090779830000000175e+02
7.090749730000000000e+02
7.090750570000000153e+02
7.090750060000000303e+02
7.090780290000000150e+02
7.090750209999999925e+02
7.090780379999999923e+02
7.090751040000000103e+02
7.090781060000000480e+02
7.090750729999999749e+02
7.090781570000000329e+02
7.090751820000000407e+02
7.090781449999999495e+02
7.090752059999999801e+02
7.090780720000000201e+02
7.090752390000000105e+02
7.090782030000000304e+02
7.090752370000000155e+02
7.090781459999999470e+02
7.090781590000000278e+02
7.090783119999999826e+02
7.090752810000000181e+02
7.090782669999999825e+02
7.090783679999999549e+02
7.090783689999999524e+02
7.090784770000000208e+02
7.090784390000000030e+02
7.090754010000000562e+02
7.090784720000000334e+02
7.090785339999999906e+02
7.090786140000000159e+02
7.090786689999999908e+02
7.090787599999999884e+02
7.090788549999999759e+02
7.090789549999999508e+02
7.090790550000000394e+02
7.090791570000000092e+02
7.090792599999999766e+02
7.090793629999999439e+02
7.090794660000000249e+02
7.090795640000000049e+02
7.090797740000000431e+02
7.090800890000000436e+02
7.090803750000000036e+02
7.090775469999999814e+02
7.090806750000000420e+02
7.090806010000000015e+02
7.090777869999999439e+02
7.090808809999999767e+02
7.090811619999999493e+02
7.090818759999999656e+02
7.090799990000000435e+02
7.090800910000000385e+02
7.090801410000000260e+02
7.090801780000000463e+02
