9.737713098526000977e+00
9.567019701004028320e+00
9.523177862167358398e+00
9.571843862533569336e+00
9.648107051849365234e+00
9.577201366424560547e+00
9.624547481536865234e+00
9.647920370101928711e+00
9.613723278045654297e+00
9.577412843704223633e+00
9.549313545227050781e+00
9.665818214416503906e+00
9.636122941970825195e+00
9.566361904144287109e+00
9.623212337493896484e+00
9.663830280303955078e+00
9.593817234039306641e+00
9.657312154769897461e+00
9.609327077865600586e+00
9.556976318359375000e+00
9.589784383773803711e+00
9.563872575759887695e+00
9.597203016281127930e+00
9.675107717514038086e+00
9.606365680694580078e+00
9.603996038436889648e+00
9.523723602294921875e+00
9.569203853607177734e+00
9.655220508575439453e+00
9.625108003616333008e+00
9.644139289855957031e+00
9.606453657150268555e+00
9.598309755325317383e+00
9.607717037200927734e+00
9.718260288238525391e+00
9.589972496032714844e+00
9.568638801574707031e+00
9.475261449813842773e+00
9.611746788024902344e+00
9.486863136291503906e+00
9.534845352172851562e+00
9.570715904235839844e+00
9.633051156997680664e+00
9.652870416641235352e+00
9.623485326766967773e+00
9.594748258590698242e+00
9.639291524887084961e+00
9.629313945770263672e+00
9.564390420913696289e+00
9.658773899078369141e+00
9.665680646896362305e+00
9.627009391784667969e+00
9.511912107467651367e+00
9.692644834518432617e+00
9.574815034866333008e+00
9.676519632339477539e+00
9.576851367950439453e+00
9.646030664443969727e+00
9.612650871276855469e+00
9.589147806167602539e+00
9.686861276626586914e+00
9.565055131912231445e+00
9.575583934783935547e+00
9.696911811828613281e+00
9.697430610656738281e+00
9.631245136260986328e+00
9.715486526489257812e+00
9.594814777374267578e+00
9.780732393264770508e+00
9.563585281372070312e+00
9.599167108535766602e+00
9.647353410720825195e+00
9.602334260940551758e+00
9.624458312988281250e+00
9.640944242477416992e+00
9.612449407577514648e+00
9.667019844055175781e+00
9.658154964447021484e+00
9.537903547286987305e+00
9.627679586410522461e+00
9.663332462310791016e+00
