1.946750397866574833e-01
1.978316379923814317e-01
1.957181593751264603e-01
1.923337720872721479e-01
1.949829420028095506e-01
1.927004923302274575e-01
1.930759529718074907e-01
2.009996001599360371e-01
1.964190162584893984e-01
1.895049584454169544e-01
1.915362133162509528e-01
1.863870993557680822e-01
1.902580671547176028e-01
1.933210407703339351e-01
1.928758301469108427e-01
1.909425715326399375e-01
1.897554823223076559e-01
1.928522169486024951e-01
1.819732726755757812e-01
1.828534507127569375e-01
1.743370198596741472e-01
1.826238972232386015e-01
1.800088993163707074e-01
1.809288976919034841e-01
1.736844201888220474e-01
1.700755256174729668e-01
1.698414649133587195e-01
1.637393536818941286e-01
1.674279477747685763e-01
1.755985380477187718e-01
1.711242889991528571e-01
1.629723621079345042e-01
1.689057156814851024e-01
1.591930975817231753e-01
1.556759398802492755e-01
1.480184106553704415e-01
1.408450704225352179e-01
1.189688832224391479e-01
8.096686283028556308e-02
6.931210549591927672e-02
1.108743718592964805e-01
1.341785525620707853e-01
1.600129696429295201e-01
1.803205518360722348e-01
1.839829451751739675e-01
1.792581317096618998e-01
1.838814080792743888e-01
1.967957817886838434e-01
1.907998543512562095e-01
1.921148678458268200e-01
1.896696360803739045e-01
1.871298541277475191e-01
1.919236475919316731e-01
1.901405662245100048e-01
1.962053481127877252e-01
1.940801494173535202e-01
1.963689062437100064e-01
2.008562397471291838e-01
1.942861696617125544e-01
1.921308124680633500e-01
1.862894111228029226e-01
1.962568338720619421e-01
2.043006381854396147e-01
1.972808101750329057e-01
1.980856261764588067e-01
1.965499626704389213e-01
1.963545648412666489e-01
1.967173642602030592e-01
1.917642796763675828e-01
1.943068808632282540e-01
1.936476622608009346e-01
1.889179931493048525e-01
1.888320038099773890e-01
1.926572155579789059e-01
1.928423783082721943e-01
1.953332516039393563e-01
1.852423343224530172e-01
1.907045518123326455e-01
1.836462749848576659e-01
1.912987065644893292e-01
1.947647368208115792e-01
