1.135493173523183068e-02
1.255030943004284416e-02
1.261299138112255587e-02
1.219980377937977291e-02
1.142425133352933768e-02
1.120849485926175663e-02
1.169197123270387419e-02
1.114941061321758457e-02
1.270801815431164827e-02
1.120876321487708493e-02
1.276504604840436943e-02
1.272232684662063205e-02
1.295914503302898931e-02
1.290540255577580023e-02
1.449336780099165153e-02
1.289330999444989953e-02
1.220396842329848561e-02
1.347400533875683232e-02
1.448843056206588001e-02
1.313488848138513396e-02
1.523184381048556767e-02
1.503319831294107865e-02
1.388187783947501287e-02
1.558485320753127436e-02
1.792914128849618094e-02
1.756237598682821796e-02
2.074776643942922300e-02
1.977647596493414817e-02
2.278059809735079669e-02
2.543892572667751095e-02
3.064941590252480766e-02
3.076666527702505427e-02
3.418216172113196227e-02
3.988556739499979353e-02
4.864659431611841056e-02
4.832729242178061130e-02
5.487779137996538770e-02
5.993888912142647518e-02
6.119257913197819615e-02
6.845761151560800228e-02
8.294203199667567195e-02
1.100721234485072114e-01
1.326396819354565826e-01
1.486640496391034572e-01
1.021532298447671572e-01
6.343738184262487367e-02
4.374549616379127398e-02
3.509818119861992519e-02
3.159890457130819230e-02
2.798906076403726018e-02
2.762501598669906550e-02
2.325484127316073540e-02
2.199668775744192950e-02
2.038303112658711516e-02
2.277023543564186264e-02
2.154899226771454096e-02
1.916177774026083663e-02
1.904761904761904934e-02
2.058910038236900705e-02
1.910040503091025438e-02
1.838845613587026043e-02
1.692548554986671172e-02
1.758018847990533776e-02
1.950557605054488441e-02
1.738765224695506054e-02
1.368770206155267219e-02
1.757410132436409630e-02
1.853165824950957913e-02
1.626364219987160367e-02
1.373310018339233239e-02
1.592533926966051630e-02
1.566623382063419070e-02
1.593152832507097050e-02
1.588575774219443126e-02
1.627463445645263920e-02
1.549669431928243565e-02
1.570879608124656907e-02
1.197504501109575813e-02
1.408688317165752817e-02
1.209591549895651375e-02
1.260841971652210645e-02
