4.394000000000000000e+03
4.668000000000000000e+03
4.728000000000000000e+03
4.739000000000000000e+03
4.656000000000000000e+03
4.646000000000000000e+03
4.734000000000000000e+03
4.841000000000000000e+03
4.878000000000000000e+03
4.808000000000000000e+03
4.714000000000000000e+03
4.834000000000000000e+03
4.786000000000000000e+03
4.706000000000000000e+03
4.748000000000000000e+03
4.738000000000000000e+03
4.908000000000000000e+03
4.754000000000000000e+03
4.644000000000000000e+03
4.752000000000000000e+03
4.810000000000000000e+03
4.712000000000000000e+03
4.594000000000000000e+03
4.756000000000000000e+03
4.484000000000000000e+03
4.668000000000000000e+03
4.656000000000000000e+03
4.430000000000000000e+03
4.336000000000000000e+03
4.098000000000000000e+03
4.292000000000000000e+03
4.058000000000000000e+03
3.952000000000000000e+03
3.901000000000000000e+03
3.824000000000000000e+03
3.616000000000000000e+03
3.657000000000000000e+03
3.627000000000000000e+03
3.500000000000000000e+03
3.396000000000000000e+03
3.462000000000000000e+03
3.480000000000000000e+03
3.566000000000000000e+03
3.548000000000000000e+03
3.879000000000000000e+03
3.942000000000000000e+03
4.248000000000000000e+03
4.426000000000000000e+03
4.336000000000000000e+03
4.474000000000000000e+03
4.354000000000000000e+03
4.482000000000000000e+03
4.302000000000000000e+03
4.103000000000000000e+03
3.822000000000000000e+03
3.850000000000000000e+03
3.964000000000000000e+03
4.276000000000000000e+03
4.558000000000000000e+03
4.496000000000000000e+03
4.446000000000000000e+03
4.563000000000000000e+03
4.754000000000000000e+03
4.807000000000000000e+03
4.702000000000000000e+03
4.662000000000000000e+03
4.702000000000000000e+03
4.686000000000000000e+03
4.644000000000000000e+03
4.874000000000000000e+03
4.855000000000000000e+03
4.814000000000000000e+03
4.764000000000000000e+03
4.808000000000000000e+03
4.568000000000000000e+03
4.692000000000000000e+03
4.580000000000000000e+03
4.568000000000000000e+03
4.762000000000000000e+03
4.772000000000000000e+03
4.812000000000000000e+03
4.764000000000000000e+03
4.726000000000000000e+03
4.706000000000000000e+03
4.744000000000000000e+03
4.760000000000000000e+03
4.692000000000000000e+03
4.650000000000000000e+03
4.896000000000000000e+03
4.798000000000000000e+03
4.866000000000000000e+03
4.616000000000000000e+03
4.804000000000000000e+03
