1.385005806701363439e-02
1.565574113608773910e-02
1.319357319195434836e-02
1.292329783415101067e-02
1.420830824804334737e-02
1.220653456483704324e-02
1.448273056425694594e-02
1.487405037984806076e-02
1.498250668861905721e-02
1.541735255149154910e-02
1.489370220602954757e-02
1.896682805810091799e-02
1.709541532043679091e-02
1.786519155910673909e-02
1.891728718051921901e-02
1.934517787041159162e-02
2.205134464380162015e-02
2.052655064703257440e-02
2.185304033470084062e-02
2.576424504300771356e-02
2.489396281761604643e-02
2.650729763792332438e-02
2.572711459892399258e-02
2.966975221310481567e-02
3.218738796159821558e-02
3.551745254133496787e-02
3.727827618696489403e-02
3.887688984881209481e-02
3.484376894781519157e-02
3.572748552420845075e-02
3.590302150147242632e-02
3.616321027796502718e-02
3.615046409379579773e-02
3.750962044800907474e-02
4.374567227404178860e-02
4.847053073194574485e-02
5.254449332095726538e-02
7.155663572253874449e-02
1.000829416643627262e-01
1.120090057492059699e-01
8.466331658291456619e-02
6.558576130683896332e-02
4.061119442305353988e-02
2.889024142828159822e-02
2.429508064840513182e-02
2.018907226406024824e-02
1.909937267750829240e-02
1.914418981950922680e-02
1.723510134725088003e-02
1.419805077607989331e-02
1.533975152798306221e-02
1.542191661035812247e-02
1.764446404940449992e-02
1.726390813700257390e-02
1.723370686516444844e-02
1.762150310609444243e-02
1.408960991908538365e-02
1.432401072300244077e-02
1.450372554488584334e-02
1.312841476357061443e-02
1.262714836899333538e-02
1.460553094696516278e-02
1.219462623470590583e-02
1.379530321757505701e-02
1.217509712042933248e-02
1.100239695076427396e-02
1.158813825292721172e-02
1.316264697620289810e-02
1.271988085174898322e-02
1.288400370415106536e-02
1.333596370092720446e-02
1.329840822083417327e-02
1.357304441004881547e-02
1.397471626479260091e-02
1.588781258865966731e-02
1.397572636998896736e-02
1.242334322453016865e-02
1.550573472405387086e-02
1.558651322430850035e-02
1.248834286177675015e-02
1.513128615932354294e-02
