9.710860252380371094e+00
9.625477075576782227e+00
9.620818138122558594e+00
9.601880550384521484e+00
9.599538564682006836e+00
9.595995664596557617e+00
9.561481237411499023e+00
9.658556461334228516e+00
9.575502872467041016e+00
9.657338142395019531e+00
9.652830600738525391e+00
9.624446630477905273e+00
9.661134481430053711e+00
9.649815320968627930e+00
9.626201629638671875e+00
9.622940540313720703e+00
9.639389038085937500e+00
9.545893430709838867e+00
9.528395891189575195e+00
9.588545560836791992e+00
9.741478204727172852e+00
9.616729974746704102e+00
9.593478679656982422e+00
9.570780038833618164e+00
9.546842813491821289e+00
9.542949914932250977e+00
9.649256944656372070e+00
9.605544567108154297e+00
9.585701942443847656e+00
9.554599761962890625e+00
9.567921638488769531e+00
9.580573081970214844e+00
9.549386739730834961e+00
9.541369676589965820e+00
9.728130102157592773e+00
9.517557859420776367e+00
9.606670856475830078e+00
9.529170989990234375e+00
9.565601825714111328e+00
9.572290897369384766e+00
9.519727468490600586e+00
9.485202312469482422e+00
9.606625318527221680e+00
9.491766214370727539e+00
9.574858188629150391e+00
9.726820468902587891e+00
9.641383409500122070e+00
9.650391101837158203e+00
9.797312736511230469e+00
9.611339807510375977e+00
9.578072786331176758e+00
9.616173744201660156e+00
9.622587442398071289e+00
9.621284723281860352e+00
9.578038215637207031e+00
9.646781921386718750e+00
9.617352962493896484e+00
9.650607824325561523e+00
9.692401885986328125e+00
9.565129518508911133e+00
9.651233196258544922e+00
9.553143739700317383e+00
9.557889938354492188e+00
9.618295907974243164e+00
9.715937614440917969e+00
9.579177618026733398e+00
9.628988981246948242e+00
9.659877538681030273e+00
9.766619682312011719e+00
9.610286235809326172e+00
9.616026401519775391e+00
9.600832462310791016e+00
9.675708532333374023e+00
9.584889650344848633e+00
9.618031978607177734e+00
9.597095012664794922e+00
9.714652776718139648e+00
9.604857206344604492e+00
9.572770833969116211e+00
9.648644685745239258e+00
9.610011577606201172e+00
9.657126188278198242e+00
9.639351129531860352e+00
9.665124654769897461e+00
9.578125953674316406e+00
9.586153507232666016e+00
9.587446212768554688e+00
9.632836341857910156e+00
9.658696413040161133e+00
9.649078607559204102e+00
9.590384006500244141e+00
9.679490327835083008e+00
9.582305908203125000e+00
9.561254739761352539e+00
9.599663257598876953e+00
9.605123519897460938e+00
9.600041151046752930e+00
9.609270572662353516e+00
9.753649950027465820e+00
9.615186691284179688e+00
9.553216934204101562e+00
9.602311611175537109e+00
9.670934438705444336e+00
9.596866607666015625e+00
9.616868257522583008e+00
9.530387163162231445e+00
9.716027021408081055e+00
9.604835510253906250e+00
9.723568201065063477e+00
9.593722820281982422e+00
9.685210943222045898e+00
9.549153089523315430e+00
9.608838558197021484e+00
9.486588001251220703e+00
9.672514915466308594e+00
9.556300401687622070e+00
9.657093286514282227e+00
9.641912937164306641e+00
9.680822372436523438e+00
9.588891029357910156e+00
9.623329162597656250e+00
9.671962976455688477e+00
9.591055154800415039e+00
9.610232114791870117e+00
9.559404134750366211e+00
9.637332201004028320e+00
9.635177373886108398e+00
9.540842533111572266e+00
9.624578952789306641e+00
9.696815252304077148e+00
9.651448488235473633e+00
9.595382690429687500e+00
9.683190584182739258e+00
9.575403690338134766e+00
9.637917518615722656e+00
9.613024950027465820e+00
9.656204462051391602e+00
9.554159402847290039e+00
9.607714176177978516e+00
9.581778049468994141e+00
9.712900161743164062e+00
9.636025190353393555e+00
9.554555177688598633e+00
9.581043243408203125e+00
9.722257137298583984e+00
9.583269357681274414e+00
9.576545715332031250e+00
9.609331369400024414e+00
9.675115108489990234e+00
9.584789276123046875e+00
9.617898941040039062e+00
9.688191652297973633e+00
9.608387947082519531e+00
9.556144952774047852e+00
9.714622020721435547e+00
9.765369176864624023e+00
9.537888050079345703e+00
9.591868877410888672e+00
9.610355138778686523e+00
9.633530855178833008e+00
9.571851015090942383e+00
