1.160399999999999920e+01
1.160299999999999976e+01
1.160299999999999976e+01
1.160399999999999920e+01
1.160599999999999987e+01
1.160200000000000031e+01
1.160399999999999920e+01
1.160299999999999976e+01
1.160299999999999976e+01
1.160299999999999976e+01
1.160200000000000031e+01
1.160299999999999976e+01
1.159900000000000020e+01
1.159999999999999964e+01
1.160299999999999976e+01
1.160200000000000031e+01
1.159800000000000075e+01
1.159999999999999964e+01
1.159900000000000020e+01
1.160299999999999976e+01
1.159900000000000020e+01
1.160200000000000031e+01
1.159999999999999964e+01
1.159800000000000075e+01
1.159999999999999964e+01
1.160299999999999976e+01
1.159999999999999964e+01
1.160200000000000031e+01
1.159999999999999964e+01
1.159999999999999964e+01
1.159999999999999964e+01
1.159900000000000020e+01
1.159800000000000075e+01
1.159999999999999964e+01
1.159900000000000020e+01
1.159500000000000064e+01
1.159500000000000064e+01
1.159999999999999964e+01
1.159800000000000075e+01
1.159999999999999964e+01
1.159800000000000075e+01
1.159800000000000075e+01
1.159999999999999964e+01
1.159999999999999964e+01
1.159800000000000075e+01
1.159699999999999953e+01
1.159800000000000075e+01
1.159800000000000075e+01
1.159800000000000075e+01
1.159500000000000064e+01
1.159900000000000020e+01
1.159999999999999964e+01
1.159800000000000075e+01
1.159699999999999953e+01
1.159699999999999953e+01
1.159500000000000064e+01
1.159800000000000075e+01
1.159500000000000064e+01
1.159800000000000075e+01
1.159099999999999930e+01
1.159500000000000064e+01
1.159399999999999942e+01
1.159399999999999942e+01
1.159900000000000020e+01
1.159500000000000064e+01
1.159399999999999942e+01
1.159699999999999953e+01
1.159399999999999942e+01
1.159399999999999942e+01
1.159299999999999997e+01
1.159800000000000075e+01
1.159800000000000075e+01
1.159399999999999942e+01
1.159399999999999942e+01
1.159399999999999942e+01
1.159099999999999930e+01
1.159099999999999930e+01
1.159500000000000064e+01
1.159800000000000075e+01
1.159399999999999942e+01
1.159500000000000064e+01
1.159299999999999997e+01
1.159399999999999942e+01
1.159500000000000064e+01
1.159099999999999930e+01
1.159299999999999997e+01
1.159500000000000064e+01
1.159099999999999930e+01
1.159099999999999930e+01
1.159099999999999930e+01
1.159399999999999942e+01
1.159099999999999930e+01
1.159099999999999930e+01
1.159099999999999930e+01
1.159099999999999930e+01
1.159500000000000064e+01
1.159699999999999953e+01
1.159099999999999930e+01
1.159099999999999930e+01
1.159099999999999930e+01
