2.390000000000000000e+02
2.240000000000000000e+02
2.060000000000000000e+02
2.140000000000000000e+02
2.580000000000000000e+02
2.210000000000000000e+02
2.220000000000000000e+02
1.940000000000000000e+02
1.940000000000000000e+02
1.430000000000000000e+02
2.800000000000000000e+01
2.350000000000000000e+02
2.440000000000000000e+02
2.080000000000000000e+02
2.510000000000000000e+02
2.410000000000000000e+02
2.460000000000000000e+02
2.350000000000000000e+02
2.400000000000000000e+02
2.380000000000000000e+02
2.450000000000000000e+02
2.170000000000000000e+02
2.290000000000000000e+02
2.410000000000000000e+02
2.360000000000000000e+02
2.400000000000000000e+02
2.330000000000000000e+02
2.400000000000000000e+02
2.530000000000000000e+02
2.250000000000000000e+02
1.990000000000000000e+02
1.930000000000000000e+02
2.300000000000000000e+02
2.010000000000000000e+02
2.170000000000000000e+02
1.920000000000000000e+02
1.830000000000000000e+02
1.800000000000000000e+02
1.590000000000000000e+02
1.810000000000000000e+02
1.890000000000000000e+02
1.710000000000000000e+02
1.640000000000000000e+02
1.540000000000000000e+02
1.630000000000000000e+02
1.210000000000000000e+02
1.310000000000000000e+02
2.450000000000000000e+02
2.250000000000000000e+02
2.350000000000000000e+02
2.230000000000000000e+02
2.230000000000000000e+02
2.380000000000000000e+02
2.400000000000000000e+02
2.470000000000000000e+02
2.510000000000000000e+02
2.220000000000000000e+02
2.560000000000000000e+02
2.460000000000000000e+02
2.260000000000000000e+02
2.120000000000000000e+02
2.450000000000000000e+02
2.590000000000000000e+02
2.430000000000000000e+02
2.380000000000000000e+02
2.450000000000000000e+02
2.540000000000000000e+02
2.270000000000000000e+02
2.610000000000000000e+02
2.410000000000000000e+02
2.500000000000000000e+02
2.230000000000000000e+02
2.340000000000000000e+02
2.190000000000000000e+02
2.290000000000000000e+02
1.880000000000000000e+02
1.560000000000000000e+02
1.930000000000000000e+02
1.790000000000000000e+02
1.790000000000000000e+02
1.710000000000000000e+02
1.950000000000000000e+02
2.470000000000000000e+02
2.100000000000000000e+02
2.230000000000000000e+02
2.240000000000000000e+02
