2.530930280685424805e+00
2.535651683807373047e+00
2.493668556213378906e+00
2.512135267257690430e+00
2.530893564224243164e+00
2.527650594711303711e+00
2.489974260330200195e+00
2.459134817123413086e+00
2.501521825790405273e+00
2.534039497375488281e+00
2.630656003952026367e+00
2.556876897811889648e+00
2.519474506378173828e+00
2.602649688720703125e+00
2.663464069366455078e+00
2.689079999923706055e+00
2.672556638717651367e+00
2.663728237152099609e+00
2.648611068725585938e+00
2.614255189895629883e+00
2.581302165985107422e+00
2.674378395080566406e+00
2.542056322097778320e+00
2.603937625885009766e+00
2.621220111846923828e+00
2.511882305145263672e+00
2.631665468215942383e+00
2.619545459747314453e+00
2.635997295379638672e+00
2.652807235717773438e+00
2.582381010055541992e+00
2.619018316268920898e+00
2.617376327514648438e+00
2.763280868530273438e+00
2.773913621902465820e+00
0.000000000000000000e+00
0.000000000000000000e+00
0.000000000000000000e+00
0.000000000000000000e+00
0.000000000000000000e+00
0.000000000000000000e+00
0.000000000000000000e+00
0.000000000000000000e+00
0.000000000000000000e+00
0.000000000000000000e+00
0.000000000000000000e+00
0.000000000000000000e+00
0.000000000000000000e+00
0.000000000000000000e+00
0.000000000000000000e+00
0.000000000000000000e+00
0.000000000000000000e+00
0.000000000000000000e+00
0.000000000000000000e+00
0.000000000000000000e+00
0.000000000000000000e+00
0.000000000000000000e+00
0.000000000000000000e+00
0.000000000000000000e+00
0.000000000000000000e+00
