8.647000000000000000e+03
9.030000000000000000e+03
8.995000000000000000e+03
9.522000000000000000e+03
9.387000000000000000e+03
9.483000000000000000e+03
9.296000000000000000e+03
9.767000000000000000e+03
9.547000000000000000e+03
9.674000000000000000e+03
9.434000000000000000e+03
9.544000000000000000e+03
9.709000000000000000e+03
9.449000000000000000e+03
9.491000000000000000e+03
9.365000000000000000e+03
9.568000000000000000e+03
9.460000000000000000e+03
9.552000000000000000e+03
9.513000000000000000e+03
9.746000000000000000e+03
9.632000000000000000e+03
9.570000000000000000e+03
9.645000000000000000e+03
9.754000000000000000e+03
9.377000000000000000e+03
9.608000000000000000e+03
9.641000000000000000e+03
9.398000000000000000e+03
9.645000000000000000e+03
9.632000000000000000e+03
9.521000000000000000e+03
9.614000000000000000e+03
9.610000000000000000e+03
9.647000000000000000e+03
9.584000000000000000e+03
9.685000000000000000e+03
9.497000000000000000e+03
9.469000000000000000e+03
9.541000000000000000e+03
9.524000000000000000e+03
