1.129600000000000000e+04
1.166500000000000000e+04
1.171800000000000000e+04
1.221400000000000000e+04
1.194500000000000000e+04
1.208700000000000000e+04
1.193800000000000000e+04
1.185200000000000000e+04
1.187800000000000000e+04
1.186000000000000000e+04
1.159800000000000000e+04
1.169200000000000000e+04
1.204300000000000000e+04
1.187500000000000000e+04
1.171800000000000000e+04
1.182500000000000000e+04
1.197900000000000000e+04
1.183100000000000000e+04
1.207100000000000000e+04
1.204300000000000000e+04
1.204200000000000000e+04
1.210100000000000000e+04
1.217700000000000000e+04
1.230100000000000000e+04
1.206100000000000000e+04
1.184800000000000000e+04
1.210900000000000000e+04
1.203300000000000000e+04
1.174900000000000000e+04
1.216900000000000000e+04
1.203300000000000000e+04
1.194200000000000000e+04
1.212800000000000000e+04
1.206300000000000000e+04
1.196600000000000000e+04
1.201900000000000000e+04
1.201100000000000000e+04
1.208400000000000000e+04
1.195100000000000000e+04
1.203300000000000000e+04
1.176400000000000000e+04
1.213100000000000000e+04
1.200100000000000000e+04
1.220300000000000000e+04
1.197900000000000000e+04
1.183800000000000000e+04
1.191000000000000000e+04
1.185800000000000000e+04
1.158400000000000000e+04
1.190300000000000000e+04
1.190000000000000000e+04
1.192500000000000000e+04
1.190000000000000000e+04
1.206600000000000000e+04
1.187300000000000000e+04
1.198000000000000000e+04
1.169900000000000000e+04
1.196000000000000000e+04
1.217900000000000000e+04
1.198600000000000000e+04
1.211000000000000000e+04
1.229000000000000000e+04
1.201400000000000000e+04
1.167700000000000000e+04
1.191400000000000000e+04
1.200500000000000000e+04
1.200600000000000000e+04
1.190100000000000000e+04
1.193000000000000000e+04
1.178900000000000000e+04
1.231600000000000000e+04
1.193700000000000000e+04
1.199100000000000000e+04
1.189600000000000000e+04
1.202300000000000000e+04
1.197800000000000000e+04
1.203300000000000000e+04
1.158100000000000000e+04
1.166600000000000000e+04
1.153000000000000000e+04
1.163300000000000000e+04
1.181100000000000000e+04
1.168200000000000000e+04
1.192500000000000000e+04
1.172300000000000000e+04
1.165900000000000000e+04
1.166100000000000000e+04
1.202900000000000000e+04
1.165600000000000000e+04
1.160700000000000000e+04
1.151400000000000000e+04
1.137800000000000000e+04
1.143100000000000000e+04
1.155500000000000000e+04
1.152500000000000000e+04
1.147800000000000000e+04
1.133800000000000000e+04
1.147800000000000000e+04
1.159600000000000000e+04
1.154700000000000000e+04
1.168100000000000000e+04
1.186500000000000000e+04
1.189800000000000000e+04
1.232200000000000000e+04
1.172500000000000000e+04
1.149800000000000000e+04
