1.244619568781326624e-01
1.324096888962656704e-01
7.471374357748461481e-02
3.643913477801596912e-02
2.749306438003339126e-02
2.772989136416227629e-02
1.883411744069429794e-02
3.987785244921193684e-02
8.206039195332207048e-03
8.129699470978517251e-03
4.757715278658449648e-03
5.934010497001027118e-03
4.261881178857541974e-03
3.811160883763787047e-03
5.004026921431873470e-03
3.945820064181541215e-03
2.473847349262675577e-03
4.308606524135918242e-03
0.000000000000000000e+00
0.000000000000000000e+00
0.000000000000000000e+00
0.000000000000000000e+00
0.000000000000000000e+00
0.000000000000000000e+00
0.000000000000000000e+00
0.000000000000000000e+00
0.000000000000000000e+00
0.000000000000000000e+00
0.000000000000000000e+00
0.000000000000000000e+00
0.000000000000000000e+00
0.000000000000000000e+00
0.000000000000000000e+00
0.000000000000000000e+00
0.000000000000000000e+00
0.000000000000000000e+00
0.000000000000000000e+00
0.000000000000000000e+00
0.000000000000000000e+00
0.000000000000000000e+00
0.000000000000000000e+00
0.000000000000000000e+00
0.000000000000000000e+00
0.000000000000000000e+00
0.000000000000000000e+00
0.000000000000000000e+00
0.000000000000000000e+00
0.000000000000000000e+00
0.000000000000000000e+00
0.000000000000000000e+00
