1.482000000000000000e+03
1.380000000000000000e+03
1.385000000000000000e+03
1.473000000000000000e+03
1.524000000000000000e+03
1.582000000000000000e+03
1.475000000000000000e+03
1.508000000000000000e+03
1.476000000000000000e+03
1.613000000000000000e+03
1.572000000000000000e+03
1.497000000000000000e+03
1.608000000000000000e+03
1.599000000000000000e+03
1.611000000000000000e+03
1.528000000000000000e+03
1.615000000000000000e+03
1.644000000000000000e+03
1.586000000000000000e+03
1.691000000000000000e+03
1.678000000000000000e+03
1.569000000000000000e+03
1.614000000000000000e+03
1.714000000000000000e+03
1.613000000000000000e+03
1.601000000000000000e+03
1.600000000000000000e+03
1.614000000000000000e+03
1.624000000000000000e+03
1.691000000000000000e+03
1.670000000000000000e+03
1.623000000000000000e+03
1.651000000000000000e+03
1.632000000000000000e+03
1.596000000000000000e+03
1.697000000000000000e+03
1.657000000000000000e+03
1.720000000000000000e+03
1.741000000000000000e+03
1.649000000000000000e+03
1.642000000000000000e+03
1.625000000000000000e+03
1.594000000000000000e+03
1.653000000000000000e+03
1.669000000000000000e+03
1.678000000000000000e+03
1.684000000000000000e+03
1.633000000000000000e+03
1.638000000000000000e+03
1.618000000000000000e+03
1.667000000000000000e+03
1.676000000000000000e+03
1.646000000000000000e+03
1.605000000000000000e+03
1.623000000000000000e+03
1.612000000000000000e+03
1.698000000000000000e+03
1.680000000000000000e+03
1.666000000000000000e+03
1.615000000000000000e+03
1.595000000000000000e+03
1.544000000000000000e+03
1.659000000000000000e+03
1.558000000000000000e+03
1.615000000000000000e+03
1.636000000000000000e+03
1.598000000000000000e+03
1.652000000000000000e+03
1.568000000000000000e+03
1.580000000000000000e+03
1.671000000000000000e+03
1.664000000000000000e+03
1.635000000000000000e+03
1.655000000000000000e+03
1.738000000000000000e+03
1.624000000000000000e+03
1.644000000000000000e+03
1.685000000000000000e+03
1.547000000000000000e+03
1.593000000000000000e+03
1.600000000000000000e+03
1.709000000000000000e+03
1.691000000000000000e+03
1.615000000000000000e+03
1.723000000000000000e+03
1.685000000000000000e+03
1.665000000000000000e+03
1.588000000000000000e+03
1.665000000000000000e+03
1.570000000000000000e+03
1.599000000000000000e+03
1.610000000000000000e+03
1.545000000000000000e+03
1.655000000000000000e+03
1.650000000000000000e+03
1.617000000000000000e+03
