1.385041551246537356e-02
1.138790035587188693e-02
1.123595505617977497e-02
1.413427561837455812e-02
1.527777777777777728e-02
2.239328201539537988e-02
2.684101858224363299e-02
2.759084791386271981e-02
4.732080723729992916e-02
4.551451187335092685e-02
6.648575305291723470e-02
6.696428571428571230e-02
6.549628629304524163e-02
8.276291225886744929e-02
6.528765352294764457e-02
3.245560318432333391e-02
1.654996817313812707e-02
2.010050251256281437e-02
1.962025316455696250e-02
2.873204247345409121e-02
2.103250478011472330e-02
1.563517915309446324e-02
1.914486279514996878e-02
1.249219237976264760e-02
2.565747273893521571e-02
1.714635639926515714e-02
1.188986232790988778e-02
1.841269841269841182e-02
1.875808538163001304e-02
1.814768460575719514e-02
2.721518987341772083e-02
1.747815230961298483e-02
1.870407481629926538e-02
2.234258632362897887e-02
2.594033722438391851e-02
2.215189873417721528e-02
1.391650099403578603e-02
2.826633165829145825e-02
2.567164179104477681e-02
3.156565656565656769e-02
2.959309494451294736e-02
3.090234857849196576e-02
4.356306892067620534e-02
4.350490196078431182e-02
4.740550928891736071e-02
5.311920938851142499e-02
5.788177339901477703e-02
5.307443365695792975e-02
6.253908692933082825e-02
7.487309644670051001e-02
9.481101857783472142e-02
1.043478260869565161e-01
1.379950495049505066e-01
1.195090439276485783e-01
7.125307125307125955e-02
6.362467866323907872e-02
4.659498207885304916e-02
3.653250773993808181e-02
3.686934023285898948e-02
2.866449511400651420e-02
2.596618357487922787e-02
3.035935563816604538e-02
2.685421994884910554e-02
2.991725015913430930e-02
4.691516709511567990e-02
3.325123152709359708e-02
2.889447236180904544e-02
2.396373056994818493e-02
2.072864321608040156e-02
2.324120603015075379e-02
1.561483409238776862e-02
1.310615989515072008e-02
1.519756838905775113e-02
2.372262773722627616e-02
1.830384380719951229e-02
2.650602409638554147e-02
2.607076350093109895e-02
1.704199634814363915e-02
2.767052767052767190e-02
1.612903225806451568e-02
2.675159235668789909e-02
3.094059405940594032e-02
3.263546798029556828e-02
2.753441802252816137e-02
3.314571607254534341e-02
3.703703703703703498e-02
4.576802507836990469e-02
5.510331872260488401e-02
6.286454957874271221e-02
9.720457433290978499e-02
1.187096774193548421e-01
7.458912768647281422e-02
2.932002495321272759e-02
3.188228080931943681e-02
4.452690166975881159e-02
3.080714725816389304e-02
