2.796000000000000000e+03
2.632000000000000000e+03
2.350000000000000000e+03
2.353000000000000000e+03
3.864000000000000000e+03
3.368000000000000000e+03
3.713000000000000000e+03
2.649000000000000000e+03
2.881000000000000000e+03
3.546000000000000000e+03
2.891000000000000000e+03
2.737000000000000000e+03
3.085000000000000000e+03
2.858000000000000000e+03
3.036000000000000000e+03
2.433000000000000000e+03
3.487000000000000000e+03
2.904000000000000000e+03
4.055000000000000000e+03
2.960000000000000000e+03
2.609000000000000000e+03
4.272000000000000000e+03
0.000000000000000000e+00
0.000000000000000000e+00
0.000000000000000000e+00
0.000000000000000000e+00
0.000000000000000000e+00
0.000000000000000000e+00
0.000000000000000000e+00
0.000000000000000000e+00
0.000000000000000000e+00
0.000000000000000000e+00
0.000000000000000000e+00
0.000000000000000000e+00
0.000000000000000000e+00
0.000000000000000000e+00
0.000000000000000000e+00
0.000000000000000000e+00
0.000000000000000000e+00
0.000000000000000000e+00
0.000000000000000000e+00
0.000000000000000000e+00
0.000000000000000000e+00
0.000000000000000000e+00
0.000000000000000000e+00
0.000000000000000000e+00
0.000000000000000000e+00
0.000000000000000000e+00
0.000000000000000000e+00
0.000000000000000000e+00
0.000000000000000000e+00
0.000000000000000000e+00
0.000000000000000000e+00
0.000000000000000000e+00
0.000000000000000000e+00
0.000000000000000000e+00
0.000000000000000000e+00
0.000000000000000000e+00
0.000000000000000000e+00
0.000000000000000000e+00
