3.000000000000000000e+01
1.900000000000000000e+01
2.900000000000000000e+01
2.200000000000000000e+01
2.800000000000000000e+01
3.000000000000000000e+01
3.600000000000000000e+01
4.700000000000000000e+01
7.300000000000000000e+01
8.300000000000000000e+01
1.010000000000000000e+02
1.170000000000000000e+02
1.160000000000000000e+02
1.690000000000000000e+02
4.600000000000000000e+01
3.500000000000000000e+01
3.600000000000000000e+01
4.300000000000000000e+01
3.200000000000000000e+01
3.800000000000000000e+01
3.100000000000000000e+01
4.000000000000000000e+01
3.000000000000000000e+01
3.700000000000000000e+01
2.300000000000000000e+01
1.800000000000000000e+01
2.900000000000000000e+01
2.800000000000000000e+01
3.200000000000000000e+01
2.800000000000000000e+01
4.400000000000000000e+01
3.400000000000000000e+01
3.100000000000000000e+01
4.100000000000000000e+01
3.000000000000000000e+01
4.100000000000000000e+01
4.400000000000000000e+01
4.200000000000000000e+01
5.000000000000000000e+01
5.800000000000000000e+01
6.800000000000000000e+01
7.200000000000000000e+01
8.200000000000000000e+01
9.300000000000000000e+01
1.100000000000000000e+02
1.170000000000000000e+02
1.050000000000000000e+02
1.140000000000000000e+02
1.500000000000000000e+02
1.830000000000000000e+02
2.470000000000000000e+02
2.920000000000000000e+02
1.470000000000000000e+02
9.100000000000000000e+01
9.200000000000000000e+01
5.200000000000000000e+01
5.300000000000000000e+01
4.800000000000000000e+01
3.600000000000000000e+01
3.000000000000000000e+01
4.100000000000000000e+01
3.400000000000000000e+01
3.300000000000000000e+01
3.600000000000000000e+01
6.900000000000000000e+01
5.200000000000000000e+01
5.800000000000000000e+01
4.400000000000000000e+01
3.700000000000000000e+01
4.400000000000000000e+01
2.000000000000000000e+01
2.300000000000000000e+01
3.500000000000000000e+01
2.400000000000000000e+01
3.800000000000000000e+01
3.700000000000000000e+01
4.100000000000000000e+01
5.400000000000000000e+01
5.700000000000000000e+01
5.500000000000000000e+01
4.700000000000000000e+01
5.900000000000000000e+01
6.700000000000000000e+01
5.100000000000000000e+01
6.100000000000000000e+01
7.200000000000000000e+01
8.600000000000000000e+01
1.260000000000000000e+02
1.890000000000000000e+02
1.720000000000000000e+02
7.200000000000000000e+01
5.400000000000000000e+01
6.300000000000000000e+01
4.300000000000000000e+01
3.600000000000000000e+01
4.200000000000000000e+01
