1.696969696969697072e-01
1.288576069301570204e-01
1.422044545973729368e-01
1.408898305084745894e-01
1.423822714681440560e-01
1.288515406162464849e-01
1.298342541436464104e-01
1.314053779807204392e-01
1.278317152103559950e-01
1.047568145376803900e-01
1.094175285792052255e-01
1.012406947890818892e-01
8.245243128964059587e-02
3.701772679874869992e-02
1.157407407407407413e-01
1.164556962025316417e-01
1.267748478701825610e-01
1.429303278688524581e-01
1.169020944958597125e-01
1.430753564154786106e-01
1.229591836734693910e-01
1.387130801687763704e-01
1.259105098855358984e-01
1.401819154628143327e-01
1.305023303987571104e-01
1.239029426948890095e-01
1.332633788037775324e-01
1.388297872340425454e-01
1.263269639065817407e-01
1.394557823129251584e-01
1.268213707501349152e-01
1.220657276995305157e-01
1.145494028230184536e-01
1.168177240684793589e-01
1.362932369643778951e-01
1.199586349534643159e-01
1.275917065390749505e-01
1.104033970276008525e-01
1.122397155916708966e-01
1.126903553299492405e-01
1.146529562982005201e-01
1.179245283018867940e-01
1.041025641025641046e-01
1.018237082066869303e-01
9.462789551503203445e-02
1.023498694516971341e-01
7.836198179979778078e-02
8.997844827586207184e-02
5.834186284544524287e-02
3.432137285491419776e-02
1.264542235710672778e-02
2.616431187859759224e-03
9.637357178340784369e-02
1.039921143420404204e-01
1.173757047667862569e-01
1.239495798319327768e-01
1.218085106382978677e-01
1.400000000000000133e-01
1.309125656951743988e-01
1.343893714869698608e-01
1.425661914460285007e-01
1.391830559757942509e-01
1.355421686746987875e-01
1.192982456140350839e-01
1.207233626588465336e-01
1.171954964176049191e-01
1.158820486290739749e-01
1.178133836003770057e-01
1.389177939646202009e-01
1.525336091003102468e-01
1.228249744114636582e-01
1.307125307125307223e-01
1.493902439024390183e-01
1.299093655589123875e-01
1.333333333333333315e-01
1.267056530214424881e-01
1.287284144427001675e-01
1.195928753180661580e-01
1.151804670912951190e-01
1.152679474216380118e-01
9.153206069505628872e-02
1.208414872798434375e-01
1.134474327628361839e-01
1.083455344070278215e-01
1.219512195121951192e-01
9.347258485639686754e-02
9.707241910631740633e-02
6.062124248496993800e-02
5.000000000000000278e-02
6.852791878172588558e-02
1.094224924012158068e-01
1.219512195121951192e-01
1.107011070110701101e-01
1.143911439114391193e-01
1.260548523206750926e-01
1.257083977331272528e-01
