1.186899999999999977e+01
1.186100000000000065e+01
1.186400000000000077e+01
1.186599999999999966e+01
1.186999999999999922e+01
1.186800000000000033e+01
1.186500000000000021e+01
1.186800000000000033e+01
1.186599999999999966e+01
1.186200000000000010e+01
1.186200000000000010e+01
1.186400000000000077e+01
1.186100000000000065e+01
1.185999999999999943e+01
1.186200000000000010e+01
1.185999999999999943e+01
1.185699999999999932e+01
1.186200000000000010e+01
1.186200000000000010e+01
1.185800000000000054e+01
1.185800000000000054e+01
1.185999999999999943e+01
1.185599999999999987e+01
1.185699999999999932e+01
1.185299999999999976e+01
1.185800000000000054e+01
1.185599999999999987e+01
1.185299999999999976e+01
1.185800000000000054e+01
1.185399999999999920e+01
1.185100000000000087e+01
1.184800000000000075e+01
1.185399999999999920e+01
1.185699999999999932e+01
1.185200000000000031e+01
1.185699999999999932e+01
1.185100000000000087e+01
1.185299999999999976e+01
1.185299999999999976e+01
1.185599999999999987e+01
1.185399999999999920e+01
1.185299999999999976e+01
1.185399999999999920e+01
1.185599999999999987e+01
1.185100000000000087e+01
1.185299999999999976e+01
1.185299999999999976e+01
1.185200000000000031e+01
1.185200000000000031e+01
1.184600000000000009e+01
1.184600000000000009e+01
1.184699999999999953e+01
1.185100000000000087e+01
1.184600000000000009e+01
1.184999999999999964e+01
1.184500000000000064e+01
1.184999999999999964e+01
1.184600000000000009e+01
1.184999999999999964e+01
1.184999999999999964e+01
1.184699999999999953e+01
1.184999999999999964e+01
1.184699999999999953e+01
1.185100000000000087e+01
1.184600000000000009e+01
1.184999999999999964e+01
1.184600000000000009e+01
1.184999999999999964e+01
1.184600000000000009e+01
1.184999999999999964e+01
1.184699999999999953e+01
1.184600000000000009e+01
1.184600000000000009e+01
1.184299999999999997e+01
1.184200000000000053e+01
1.184299999999999997e+01
1.184699999999999953e+01
1.184600000000000009e+01
1.184299999999999997e+01
1.184600000000000009e+01
1.184299999999999997e+01
1.184299999999999997e+01
1.184900000000000020e+01
1.184600000000000009e+01
1.184699999999999953e+01
1.184500000000000064e+01
1.184600000000000009e+01
1.184699999999999953e+01
1.184299999999999997e+01
1.184500000000000064e+01
1.184299999999999997e+01
