1.183461252785342893e-01
1.191222570532915331e-01
1.198296836982968433e-01
1.176961602671118545e-01
1.098377397027119062e-01
1.187514667918329048e-01
1.117674310864025938e-01
1.101918878547627212e-01
1.049691609449551893e-01
1.012965964343598008e-01
1.034600890715998561e-01
1.086331762271525447e-01
1.077865472965013616e-01
1.083265019323105816e-01
1.083587696642404341e-01
1.145687645687645667e-01
1.080443500825666453e-01
1.117305458768873411e-01
1.168429811006775204e-01
1.146217712177121789e-01
1.205119089939566263e-01
1.172978748664371407e-01
1.255326500057583894e-01
1.211136890951276107e-01
1.152790484903934154e-01
1.208084519981626054e-01
1.217128228996974676e-01
1.270133456051541765e-01
1.230554910610633795e-01
1.278883550674902725e-01
1.171981776765375904e-01
1.305051439139983949e-01
1.287276914219919466e-01
1.188722669735328002e-01
1.328106986396126454e-01
1.192899408284023716e-01
