2.036000000000000000e+03
2.081000000000000000e+03
1.991000000000000000e+03
2.018000000000000000e+03
2.069000000000000000e+03
2.149000000000000000e+03
2.103000000000000000e+03
2.101000000000000000e+03
2.145000000000000000e+03
2.163000000000000000e+03
2.185000000000000000e+03
2.077000000000000000e+03
2.217000000000000000e+03
2.183000000000000000e+03
2.161000000000000000e+03
2.151000000000000000e+03
2.167000000000000000e+03
2.148000000000000000e+03
2.125000000000000000e+03
2.254000000000000000e+03
2.118000000000000000e+03
2.039000000000000000e+03
2.156000000000000000e+03
2.123000000000000000e+03
2.165000000000000000e+03
2.245000000000000000e+03
2.187000000000000000e+03
2.309000000000000000e+03
2.193000000000000000e+03
2.165000000000000000e+03
2.265000000000000000e+03
2.258000000000000000e+03
2.347000000000000000e+03
2.231000000000000000e+03
2.275000000000000000e+03
2.187000000000000000e+03
2.198000000000000000e+03
2.185000000000000000e+03
2.201000000000000000e+03
2.191000000000000000e+03
2.222000000000000000e+03
2.230000000000000000e+03
2.264000000000000000e+03
2.186000000000000000e+03
2.262000000000000000e+03
2.228000000000000000e+03
2.278000000000000000e+03
2.167000000000000000e+03
2.192000000000000000e+03
2.245000000000000000e+03
2.223000000000000000e+03
2.332000000000000000e+03
2.298000000000000000e+03
2.276000000000000000e+03
2.224000000000000000e+03
2.320000000000000000e+03
2.276000000000000000e+03
2.164000000000000000e+03
2.237000000000000000e+03
2.274000000000000000e+03
2.280000000000000000e+03
2.206000000000000000e+03
2.275000000000000000e+03
2.259000000000000000e+03
2.259000000000000000e+03
2.309000000000000000e+03
2.219000000000000000e+03
2.175000000000000000e+03
2.292000000000000000e+03
2.315000000000000000e+03
2.231000000000000000e+03
2.345000000000000000e+03
2.269000000000000000e+03
2.266000000000000000e+03
2.231000000000000000e+03
2.214000000000000000e+03
2.212000000000000000e+03
2.152000000000000000e+03
2.306000000000000000e+03
2.230000000000000000e+03
2.155000000000000000e+03
2.215000000000000000e+03
2.289000000000000000e+03
2.208000000000000000e+03
2.157000000000000000e+03
2.256000000000000000e+03
2.200000000000000000e+03
2.256000000000000000e+03
2.234000000000000000e+03
2.260000000000000000e+03
2.215000000000000000e+03
2.297000000000000000e+03
2.103000000000000000e+03
2.258000000000000000e+03
2.204000000000000000e+03
2.225000000000000000e+03
2.208000000000000000e+03
2.300000000000000000e+03
2.285000000000000000e+03
2.175000000000000000e+03
2.144000000000000000e+03
2.228000000000000000e+03
2.223000000000000000e+03
2.216000000000000000e+03
2.284000000000000000e+03
2.308000000000000000e+03
2.195000000000000000e+03
2.208000000000000000e+03
2.328000000000000000e+03
2.258000000000000000e+03
2.241000000000000000e+03
2.332000000000000000e+03
2.261000000000000000e+03
2.249000000000000000e+03
2.290000000000000000e+03
2.260000000000000000e+03
2.308000000000000000e+03
2.226000000000000000e+03
2.284000000000000000e+03
2.263000000000000000e+03
2.173000000000000000e+03
2.265000000000000000e+03
2.424000000000000000e+03
2.292000000000000000e+03
2.347000000000000000e+03
2.201000000000000000e+03
2.345000000000000000e+03
2.238000000000000000e+03
2.211000000000000000e+03
2.299000000000000000e+03
2.282000000000000000e+03
2.241000000000000000e+03
2.276000000000000000e+03
2.275000000000000000e+03
2.333000000000000000e+03
2.212000000000000000e+03
2.246000000000000000e+03
2.295000000000000000e+03
2.220000000000000000e+03
2.243000000000000000e+03
2.259000000000000000e+03
2.275000000000000000e+03
2.263000000000000000e+03
2.333000000000000000e+03
2.305000000000000000e+03
2.247000000000000000e+03
2.283000000000000000e+03
2.322000000000000000e+03
2.244000000000000000e+03
2.291000000000000000e+03
2.243000000000000000e+03
2.254000000000000000e+03
2.316000000000000000e+03
2.263000000000000000e+03
2.235000000000000000e+03
2.314000000000000000e+03
2.254000000000000000e+03
2.318000000000000000e+03
2.228000000000000000e+03
2.213000000000000000e+03
2.259000000000000000e+03
2.325000000000000000e+03
2.250000000000000000e+03
2.287000000000000000e+03
2.188000000000000000e+03
2.285000000000000000e+03
2.234000000000000000e+03
2.252000000000000000e+03
2.350000000000000000e+03
2.212000000000000000e+03
2.335000000000000000e+03
2.288000000000000000e+03
2.260000000000000000e+03
2.263000000000000000e+03
2.286000000000000000e+03
2.272000000000000000e+03
2.240000000000000000e+03
2.264000000000000000e+03
2.277000000000000000e+03
2.309000000000000000e+03
2.230000000000000000e+03
2.236000000000000000e+03
2.239000000000000000e+03
2.258000000000000000e+03
2.327000000000000000e+03
2.305000000000000000e+03
2.238000000000000000e+03
2.253000000000000000e+03
2.317000000000000000e+03
2.221000000000000000e+03
2.236000000000000000e+03
2.224000000000000000e+03
2.341000000000000000e+03
2.191000000000000000e+03
2.198000000000000000e+03
2.353000000000000000e+03
2.299000000000000000e+03
2.168000000000000000e+03
2.271000000000000000e+03
2.321000000000000000e+03
