1.250099999999999945e+01
1.249799999999999933e+01
1.249300000000000033e+01
1.249600000000000044e+01
1.249499999999999922e+01
1.249600000000000044e+01
1.250099999999999945e+01
1.250500000000000078e+01
1.250099999999999945e+01
1.250500000000000078e+01
1.250099999999999945e+01
1.250399999999999956e+01
1.250000000000000000e+01
1.249799999999999933e+01
1.250099999999999945e+01
1.249699999999999989e+01
1.249799999999999933e+01
1.249300000000000033e+01
1.249300000000000033e+01
1.249600000000000044e+01
1.249099999999999966e+01
1.248499999999999943e+01
1.248499999999999943e+01
1.248399999999999999e+01
1.248099999999999987e+01
1.248099999999999987e+01
1.248099999999999987e+01
1.248099999999999987e+01
1.248099999999999987e+01
1.247799999999999976e+01
1.248099999999999987e+01
1.247799999999999976e+01
1.247899999999999920e+01
1.247899999999999920e+01
1.247799999999999976e+01
1.247799999999999976e+01
1.247600000000000087e+01
1.247799999999999976e+01
1.247799999999999976e+01
1.247600000000000087e+01
1.247600000000000087e+01
1.247499999999999964e+01
1.247100000000000009e+01
1.247600000000000087e+01
1.247499999999999964e+01
1.247499999999999964e+01
1.247199999999999953e+01
1.247499999999999964e+01
1.247499999999999964e+01
1.247000000000000064e+01
1.247000000000000064e+01
1.247100000000000009e+01
1.247199999999999953e+01
1.247000000000000064e+01
1.247000000000000064e+01
1.247000000000000064e+01
1.247000000000000064e+01
1.247000000000000064e+01
1.247000000000000064e+01
1.247000000000000064e+01
1.247000000000000064e+01
1.246400000000000041e+01
1.246700000000000053e+01
1.246700000000000053e+01
1.246700000000000053e+01
1.246700000000000053e+01
1.246700000000000053e+01
1.247000000000000064e+01
1.246700000000000053e+01
1.247000000000000064e+01
1.247000000000000064e+01
1.246599999999999930e+01
1.247000000000000064e+01
1.246700000000000053e+01
1.246599999999999930e+01
1.246799999999999997e+01
1.246599999999999930e+01
1.246700000000000053e+01
1.246599999999999930e+01
1.246599999999999930e+01
1.246299999999999919e+01
1.246199999999999974e+01
1.246199999999999974e+01
1.246700000000000053e+01
1.246400000000000041e+01
1.246100000000000030e+01
1.246400000000000041e+01
1.246400000000000041e+01
1.246400000000000041e+01
1.246100000000000030e+01
1.246199999999999974e+01
1.246199999999999974e+01
1.246100000000000030e+01
1.246299999999999919e+01
1.246199999999999974e+01
1.246299999999999919e+01
