2.177000000000000000e+03
1.596000000000000000e+03
1.723000000000000000e+03
2.455000000000000000e+03
1.973000000000000000e+03
2.046000000000000000e+03
1.630000000000000000e+03
2.202000000000000000e+03
2.038000000000000000e+03
2.258000000000000000e+03
1.959000000000000000e+03
1.929000000000000000e+03
1.988000000000000000e+03
2.098000000000000000e+03
1.861000000000000000e+03
2.170000000000000000e+03
2.092000000000000000e+03
2.002000000000000000e+03
2.482000000000000000e+03
3.081000000000000000e+03
2.692000000000000000e+03
1.724000000000000000e+03
1.986000000000000000e+03
1.720000000000000000e+03
2.071000000000000000e+03
1.695000000000000000e+03
2.683000000000000000e+03
2.865000000000000000e+03
0.000000000000000000e+00
0.000000000000000000e+00
0.000000000000000000e+00
0.000000000000000000e+00
0.000000000000000000e+00
0.000000000000000000e+00
0.000000000000000000e+00
0.000000000000000000e+00
0.000000000000000000e+00
0.000000000000000000e+00
0.000000000000000000e+00
0.000000000000000000e+00
0.000000000000000000e+00
0.000000000000000000e+00
0.000000000000000000e+00
0.000000000000000000e+00
0.000000000000000000e+00
0.000000000000000000e+00
0.000000000000000000e+00
0.000000000000000000e+00
0.000000000000000000e+00
0.000000000000000000e+00
0.000000000000000000e+00
0.000000000000000000e+00
0.000000000000000000e+00
0.000000000000000000e+00
0.000000000000000000e+00
0.000000000000000000e+00
0.000000000000000000e+00
0.000000000000000000e+00
0.000000000000000000e+00
0.000000000000000000e+00
