2.495000000000000000e+03
2.349000000000000000e+03
2.353000000000000000e+03
2.453000000000000000e+03
2.416000000000000000e+03
2.476000000000000000e+03
2.529000000000000000e+03
2.398000000000000000e+03
2.538000000000000000e+03
2.628000000000000000e+03
2.533000000000000000e+03
2.542000000000000000e+03
2.497000000000000000e+03
2.700000000000000000e+03
2.535000000000000000e+03
2.629000000000000000e+03
2.699000000000000000e+03
2.496000000000000000e+03
2.625000000000000000e+03
2.677000000000000000e+03
2.682000000000000000e+03
2.645000000000000000e+03
2.604000000000000000e+03
2.622000000000000000e+03
2.596000000000000000e+03
2.625000000000000000e+03
2.664000000000000000e+03
2.622000000000000000e+03
2.700000000000000000e+03
2.681000000000000000e+03
2.719000000000000000e+03
2.727000000000000000e+03
2.633000000000000000e+03
2.542000000000000000e+03
2.585000000000000000e+03
2.605000000000000000e+03
2.679000000000000000e+03
2.667000000000000000e+03
2.569000000000000000e+03
2.542000000000000000e+03
2.521000000000000000e+03
2.578000000000000000e+03
2.524000000000000000e+03
2.650000000000000000e+03
2.665000000000000000e+03
2.653000000000000000e+03
2.675000000000000000e+03
2.673000000000000000e+03
2.603000000000000000e+03
2.633000000000000000e+03
2.633000000000000000e+03
2.474000000000000000e+03
2.633000000000000000e+03
2.629000000000000000e+03
2.753000000000000000e+03
2.670000000000000000e+03
2.683000000000000000e+03
2.658000000000000000e+03
2.742000000000000000e+03
2.601000000000000000e+03
2.699000000000000000e+03
2.647000000000000000e+03
2.697000000000000000e+03
2.733000000000000000e+03
2.678000000000000000e+03
2.679000000000000000e+03
2.729000000000000000e+03
2.612000000000000000e+03
2.634000000000000000e+03
2.584000000000000000e+03
2.629000000000000000e+03
2.658000000000000000e+03
2.685000000000000000e+03
2.683000000000000000e+03
2.661000000000000000e+03
2.698000000000000000e+03
2.727000000000000000e+03
2.630000000000000000e+03
2.723000000000000000e+03
2.718000000000000000e+03
2.765000000000000000e+03
2.634000000000000000e+03
2.705000000000000000e+03
2.779000000000000000e+03
2.780000000000000000e+03
2.730000000000000000e+03
2.681000000000000000e+03
2.723000000000000000e+03
2.649000000000000000e+03
2.680000000000000000e+03
2.658000000000000000e+03
2.737000000000000000e+03
2.692000000000000000e+03
2.711000000000000000e+03
2.569000000000000000e+03
2.541000000000000000e+03
2.626000000000000000e+03
2.685000000000000000e+03
2.621000000000000000e+03
2.645000000000000000e+03
