2.563457250595092773e+00
2.553274393081665039e+00
2.461661100387573242e+00
2.468816518783569336e+00
2.505212545394897461e+00
2.529105424880981445e+00
2.540102005004882812e+00
2.434995174407958984e+00
2.504144191741943359e+00
2.500612974166870117e+00
2.637955665588378906e+00
2.670158147811889648e+00
2.598600387573242188e+00
2.629328727722167969e+00
2.551314592361450195e+00
2.559938669204711914e+00
2.611161708831787109e+00
2.628834724426269531e+00
2.596210956573486328e+00
2.585204601287841797e+00
2.496830940246582031e+00
2.635895729064941406e+00
2.468447923660278320e+00
2.526953220367431641e+00
2.558092594146728516e+00
2.585170030593872070e+00
2.602959871292114258e+00
2.545515298843383789e+00
0.000000000000000000e+00
0.000000000000000000e+00
0.000000000000000000e+00
0.000000000000000000e+00
0.000000000000000000e+00
0.000000000000000000e+00
0.000000000000000000e+00
0.000000000000000000e+00
0.000000000000000000e+00
0.000000000000000000e+00
0.000000000000000000e+00
0.000000000000000000e+00
0.000000000000000000e+00
0.000000000000000000e+00
0.000000000000000000e+00
0.000000000000000000e+00
0.000000000000000000e+00
0.000000000000000000e+00
0.000000000000000000e+00
0.000000000000000000e+00
0.000000000000000000e+00
0.000000000000000000e+00
0.000000000000000000e+00
0.000000000000000000e+00
0.000000000000000000e+00
0.000000000000000000e+00
0.000000000000000000e+00
0.000000000000000000e+00
0.000000000000000000e+00
0.000000000000000000e+00
0.000000000000000000e+00
0.000000000000000000e+00
