8.878777272196942960e-02
8.793296089385474468e-02
9.002904162633107443e-02
8.716861081654295185e-02
8.785942492012779881e-02
8.402489626556017277e-02
9.068282653392489845e-02
9.280084077771938444e-02
8.600917431192660334e-02
8.359489432935759967e-02
8.384631713012098697e-02
8.025013027618550787e-02
8.694243438816286196e-02
7.982167498142447859e-02
8.762664367320542602e-02
8.319238900634250145e-02
8.514243354866038449e-02
8.406699592012024935e-02
8.333333333333332871e-02
7.869379014989293097e-02
7.882930997650074156e-02
8.141386264727736022e-02
8.064343163538874315e-02
8.322690506598552640e-02
8.734459674848581157e-02
7.745067004326264271e-02
7.840050377833752970e-02
7.683365039103783045e-02
7.955517536355859176e-02
7.914599956868664798e-02
8.055175318521638761e-02
7.323765301815111928e-02
7.353730542136338588e-02
7.775632775632775051e-02
7.291225095379398613e-02
7.665468386551067825e-02
7.582229816317813398e-02
7.308186883840549208e-02
7.672982309222234343e-02
7.249489850714209427e-02
6.844655190186578475e-02
6.617108156214009107e-02
6.451954656213582107e-02
7.029191695647592220e-02
6.793917825946295397e-02
6.584621857578626392e-02
5.922218746741737122e-02
5.534511784511784299e-02
5.669291338582677087e-02
5.578103860963679744e-02
6.094034486451751359e-02
5.122379427863265472e-02
5.340259740259740290e-02
5.585774058577405721e-02
4.931848923108937688e-02
4.191800429403946121e-02
3.964711987545407185e-02
3.868090843098620502e-02
3.853806681327887756e-02
3.307070288202363512e-02
3.087007083201184082e-02
2.393307211691199712e-02
2.304003336113428016e-02
3.001563314226159476e-02
4.912132119415625608e-02
5.920850802740566798e-02
6.444307185505455948e-02
7.586712773760871664e-02
6.772698546450389712e-02
6.998725573491929031e-02
7.189542483660130157e-02
7.246976119094386548e-02
7.008773719649051548e-02
7.315071303990972051e-02
6.779487179487179993e-02
7.553314423784010523e-02
7.609705730511100163e-02
7.763651521467278271e-02
7.763555000520346028e-02
7.523478971008575045e-02
8.178553104155977804e-02
7.439482470784640478e-02
8.618899273104881076e-02
7.995780590717299630e-02
8.103661044837515148e-02
8.709577435685504632e-02
7.824905975762641575e-02
8.605923021360024905e-02
8.638555452959885417e-02
8.726931498279637267e-02
8.808671858556094136e-02
8.380231249360482748e-02
8.377878289473683626e-02
8.669019933554816815e-02
9.097555880509713977e-02
9.274193548387096864e-02
9.225524661766272561e-02
9.215300093293252170e-02
8.488982161594962883e-02
8.603681480728160580e-02
9.184423218221896001e-02
