1.274799999999999933e+01
1.271899999999999942e+01
1.272199999999999953e+01
1.271400000000000041e+01
1.271299999999999919e+01
1.271299999999999919e+01
1.270800000000000018e+01
1.270800000000000018e+01
1.273300000000000054e+01
1.272600000000000087e+01
1.272799999999999976e+01
1.272899999999999920e+01
1.272899999999999920e+01
1.272799999999999976e+01
1.272899999999999920e+01
1.273300000000000054e+01
1.272899999999999920e+01
1.272799999999999976e+01
1.272899999999999920e+01
1.272799999999999976e+01
1.273000000000000043e+01
1.272600000000000087e+01
1.272899999999999920e+01
1.272400000000000020e+01
1.272799999999999976e+01
1.272600000000000087e+01
1.272400000000000020e+01
1.272899999999999920e+01
1.272899999999999920e+01
1.272600000000000087e+01
1.272799999999999976e+01
1.272600000000000087e+01
1.272199999999999953e+01
1.272400000000000020e+01
1.272199999999999953e+01
1.272100000000000009e+01
1.272400000000000020e+01
1.272600000000000087e+01
1.272100000000000009e+01
1.272799999999999976e+01
1.272199999999999953e+01
1.272199999999999953e+01
1.272199999999999953e+01
1.272400000000000020e+01
1.272199999999999953e+01
1.272499999999999964e+01
1.272499999999999964e+01
1.272199999999999953e+01
1.272400000000000020e+01
1.272499999999999964e+01
1.272499999999999964e+01
1.272499999999999964e+01
1.272499999999999964e+01
1.272600000000000087e+01
1.272600000000000087e+01
1.272499999999999964e+01
1.272600000000000087e+01
1.272899999999999920e+01
1.272400000000000020e+01
1.272600000000000087e+01
1.272899999999999920e+01
1.272499999999999964e+01
1.272600000000000087e+01
1.272799999999999976e+01
1.273000000000000043e+01
1.272899999999999920e+01
1.272499999999999964e+01
1.272899999999999920e+01
1.272899999999999920e+01
1.272899999999999920e+01
1.273300000000000054e+01
1.273300000000000054e+01
1.272899999999999920e+01
1.273300000000000054e+01
1.272799999999999976e+01
1.272899999999999920e+01
1.273000000000000043e+01
1.272799999999999976e+01
1.273099999999999987e+01
1.273099999999999987e+01
1.273300000000000054e+01
1.273099999999999987e+01
1.273300000000000054e+01
1.273300000000000054e+01
1.273300000000000054e+01
1.272499999999999964e+01
1.272499999999999964e+01
1.272400000000000020e+01
1.272400000000000020e+01
1.272499999999999964e+01
1.272799999999999976e+01
1.272499999999999964e+01
1.272300000000000075e+01
1.272400000000000020e+01
1.272799999999999976e+01
1.273000000000000043e+01
1.272799999999999976e+01
1.272499999999999964e+01
1.272799999999999976e+01
1.272899999999999920e+01
1.272300000000000075e+01
