1.460000000000000000e+02
1.740000000000000000e+02
1.680000000000000000e+02
1.650000000000000000e+02
1.720000000000000000e+02
1.850000000000000000e+02
1.760000000000000000e+02
1.850000000000000000e+02
1.760000000000000000e+02
1.670000000000000000e+02
1.640000000000000000e+02
1.970000000000000000e+02
1.990000000000000000e+02
1.760000000000000000e+02
2.040000000000000000e+02
1.920000000000000000e+02
2.130000000000000000e+02
2.190000000000000000e+02
2.180000000000000000e+02
2.350000000000000000e+02
2.010000000000000000e+02
2.010000000000000000e+02
1.870000000000000000e+02
2.300000000000000000e+02
2.140000000000000000e+02
2.270000000000000000e+02
2.110000000000000000e+02
2.440000000000000000e+02
2.650000000000000000e+02
2.450000000000000000e+02
2.280000000000000000e+02
2.340000000000000000e+02
2.400000000000000000e+02
2.610000000000000000e+02
2.830000000000000000e+02
2.830000000000000000e+02
2.780000000000000000e+02
2.950000000000000000e+02
2.770000000000000000e+02
3.260000000000000000e+02
3.330000000000000000e+02
3.640000000000000000e+02
3.400000000000000000e+02
3.730000000000000000e+02
3.960000000000000000e+02
3.800000000000000000e+02
4.010000000000000000e+02
4.200000000000000000e+02
4.130000000000000000e+02
4.710000000000000000e+02
5.170000000000000000e+02
5.160000000000000000e+02
4.710000000000000000e+02
5.740000000000000000e+02
5.420000000000000000e+02
6.240000000000000000e+02
6.370000000000000000e+02
6.820000000000000000e+02
6.710000000000000000e+02
6.770000000000000000e+02
7.600000000000000000e+02
7.670000000000000000e+02
8.050000000000000000e+02
7.430000000000000000e+02
5.020000000000000000e+02
4.120000000000000000e+02
3.820000000000000000e+02
3.410000000000000000e+02
3.380000000000000000e+02
3.200000000000000000e+02
3.080000000000000000e+02
3.180000000000000000e+02
3.040000000000000000e+02
3.040000000000000000e+02
3.170000000000000000e+02
2.710000000000000000e+02
2.820000000000000000e+02
2.420000000000000000e+02
2.380000000000000000e+02
2.560000000000000000e+02
2.470000000000000000e+02
1.880000000000000000e+02
2.140000000000000000e+02
2.070000000000000000e+02
1.960000000000000000e+02
1.870000000000000000e+02
1.660000000000000000e+02
1.970000000000000000e+02
1.800000000000000000e+02
1.690000000000000000e+02
1.770000000000000000e+02
1.790000000000000000e+02
1.670000000000000000e+02
1.650000000000000000e+02
1.580000000000000000e+02
1.490000000000000000e+02
1.320000000000000000e+02
1.570000000000000000e+02
1.530000000000000000e+02
1.470000000000000000e+02
1.380000000000000000e+02
