1.216399999999999970e+01
1.214799999999999969e+01
1.214499999999999957e+01
1.214000000000000057e+01
1.215199999999999925e+01
1.215199999999999925e+01
1.214799999999999969e+01
1.214000000000000057e+01
1.214000000000000057e+01
1.214000000000000057e+01
1.213199999999999967e+01
1.214000000000000057e+01
1.213499999999999979e+01
1.213199999999999967e+01
1.213199999999999967e+01
1.212800000000000011e+01
1.213000000000000078e+01
1.212800000000000011e+01
1.210500000000000043e+01
1.210200000000000031e+01
1.210500000000000043e+01
1.210399999999999920e+01
1.210500000000000043e+01
1.209399999999999942e+01
1.209699999999999953e+01
1.209299999999999997e+01
1.209399999999999942e+01
1.208799999999999919e+01
1.209299999999999997e+01
1.209200000000000053e+01
1.209099999999999930e+01
1.208799999999999919e+01
1.209099999999999930e+01
1.209600000000000009e+01
1.209099999999999930e+01
1.209099999999999930e+01
1.209099999999999930e+01
1.208699999999999974e+01
1.209099999999999930e+01
1.208500000000000085e+01
1.209099999999999930e+01
1.209099999999999930e+01
1.208500000000000085e+01
1.208799999999999919e+01
1.208500000000000085e+01
1.208300000000000018e+01
1.209099999999999930e+01
1.208799999999999919e+01
1.208399999999999963e+01
1.208500000000000085e+01
1.208500000000000085e+01
1.208300000000000018e+01
1.208300000000000018e+01
1.208500000000000085e+01
1.208399999999999963e+01
1.208500000000000085e+01
