1.243999999999999950e+01
1.243699999999999939e+01
1.243200000000000038e+01
1.242900000000000027e+01
1.243200000000000038e+01
1.242999999999999972e+01
1.242900000000000027e+01
1.242500000000000071e+01
1.243699999999999939e+01
1.243599999999999994e+01
1.243699999999999939e+01
1.243200000000000038e+01
1.243200000000000038e+01
1.243599999999999994e+01
1.243599999999999994e+01
1.243200000000000038e+01
1.243399999999999928e+01
1.242999999999999972e+01
1.243200000000000038e+01
1.242399999999999949e+01
1.242399999999999949e+01
1.241699999999999982e+01
1.241699999999999982e+01
1.241999999999999993e+01
1.241699999999999982e+01
1.241999999999999993e+01
1.241600000000000037e+01
1.241600000000000037e+01
1.241300000000000026e+01
1.241600000000000037e+01
1.241600000000000037e+01
1.241499999999999915e+01
1.241499999999999915e+01
1.241499999999999915e+01
1.241499999999999915e+01
1.241099999999999959e+01
1.241699999999999982e+01
1.241200000000000081e+01
1.241300000000000026e+01
1.241600000000000037e+01
1.241300000000000026e+01
1.241000000000000014e+01
1.240799999999999947e+01
1.241099999999999959e+01
1.241200000000000081e+01
1.241099999999999959e+01
1.241099999999999959e+01
1.241200000000000081e+01
1.241200000000000081e+01
1.241099999999999959e+01
1.240799999999999947e+01
1.241000000000000014e+01
1.241000000000000014e+01
1.241200000000000081e+01
1.241099999999999959e+01
1.240799999999999947e+01
1.241200000000000081e+01
1.240799999999999947e+01
1.241099999999999959e+01
1.240799999999999947e+01
1.240799999999999947e+01
1.240799999999999947e+01
1.241300000000000026e+01
1.241099999999999959e+01
1.240799999999999947e+01
1.240600000000000058e+01
1.240799999999999947e+01
1.240799999999999947e+01
1.240799999999999947e+01
1.240600000000000058e+01
1.240799999999999947e+01
1.240600000000000058e+01
1.240399999999999991e+01
1.241099999999999959e+01
1.241000000000000014e+01
1.241000000000000014e+01
1.240700000000000003e+01
1.240799999999999947e+01
1.240799999999999947e+01
1.240799999999999947e+01
1.240300000000000047e+01
1.240399999999999991e+01
1.241000000000000014e+01
1.240799999999999947e+01
1.240000000000000036e+01
1.240399999999999991e+01
1.240399999999999991e+01
1.240700000000000003e+01
1.240799999999999947e+01
1.241000000000000014e+01
1.240799999999999947e+01
1.240300000000000047e+01
1.240600000000000058e+01
1.240600000000000058e+01
1.240600000000000058e+01
1.244100000000000072e+01
