1.406926406926406990e-02
7.555315704263356781e-03
1.457574180114523665e-02
2.287234042553191321e-02
1.261352169525731606e-02
1.234567901234567833e-02
1.716304896516910802e-02
2.407221664994984786e-02
3.013561024610748526e-02
3.261414952333165779e-02
6.135576447303315445e-02
7.312440645773979342e-02
3.027436140018921473e-02
1.933050447901932950e-02
2.233840304182509520e-02
1.746106654082114212e-02
1.603498542274052474e-02
1.918577445016378044e-02
1.562500000000000000e-02
2.536402066697980226e-02
1.892016612828795533e-02
1.694117647058823381e-02
2.059496567505720785e-02
1.729631315430131891e-02
1.948346171273221406e-02
1.807501129688205907e-02
1.332741003998223067e-02
2.169001355625847435e-02
2.095671981776765433e-02
2.268518518518518670e-02
2.583025830258302638e-02
2.735426008968609712e-02
2.326642335766423292e-02
3.483511379470505959e-02
3.445107946715663533e-02
3.925066904549509572e-02
4.050405040504050092e-02
4.880294659300184190e-02
5.080831408775981356e-02
5.057167985927880222e-02
5.051408135896289647e-02
3.859804791481809966e-02
3.499562554680665100e-02
3.026134800550206450e-02
3.311567164179104322e-02
3.469010175763181936e-02
4.389574759945129995e-02
4.076850984067478811e-02
2.041763341067285437e-02
1.553484243231247237e-02
1.509098979138925878e-02
1.371074745687748779e-02
1.057957681692732292e-02
1.669595782073813803e-02
1.409731696225557072e-02
1.332149200710479493e-02
1.321003963011889090e-02
1.311623699683401104e-02
1.142074006395614461e-02
1.460520310360565940e-02
2.428256070640176512e-02
2.002730996813837164e-02
1.659751037344398342e-02
1.588830043331728586e-02
1.704800358905338847e-02
1.168014375561545436e-02
1.506591337099811613e-02
1.378676470588235253e-02
1.685393258426966245e-02
1.772727272727272693e-02
1.736864958749457372e-02
1.769087523277467280e-02
1.422222222222222290e-02
2.765185856754306601e-02
3.515625000000000000e-02
4.444444444444444614e-02
4.000000000000000083e-02
5.474280320906087932e-02
4.658525554047942413e-02
2.432308398347865844e-02
3.319308087891537778e-02
3.234880450070323765e-02
3.696498054474708223e-02
2.417480241748024006e-02
2.119815668202764888e-02
1.671938544961590681e-02
