1.851675748825073242e+00
1.868543624877929688e+00
1.822313547134399414e+00
1.760243892669677734e+00
1.877937793731689453e+00
1.865810632705688477e+00
1.858887672424316406e+00
2.087935924530029297e+00
1.808139801025390625e+00
1.756479501724243164e+00
1.757260799407958984e+00
1.875033855438232422e+00
1.886649847030639648e+00
1.854521036148071289e+00
1.829183578491210938e+00
1.803988218307495117e+00
1.805190801620483398e+00
1.920069932937622070e+00
1.810899019241333008e+00
1.791012525558471680e+00
1.815670728683471680e+00
1.761721611022949219e+00
1.974213838577270508e+00
1.795557022094726562e+00
1.797306060791015625e+00
1.756352186203002930e+00
1.816244840621948242e+00
1.924821853637695312e+00
1.770942926406860352e+00
1.778553724288940430e+00
1.820075511932373047e+00
1.802668809890747070e+00
1.753982067108154297e+00
1.764897823333740234e+00
1.793539762496948242e+00
1.821809053421020508e+00
1.758259773254394531e+00
1.840577363967895508e+00
1.802655935287475586e+00
1.799343109130859375e+00
1.762038230895996094e+00
1.967813253402709961e+00
1.719074964523315430e+00
1.838033676147460938e+00
1.759928226470947266e+00
1.804040670394897461e+00
1.808481454849243164e+00
1.756773233413696289e+00
1.833414793014526367e+00
1.803353548049926758e+00
1.810620546340942383e+00
1.756878852844238281e+00
1.889530420303344727e+00
1.874495506286621094e+00
1.814212560653686523e+00
1.826543331146240234e+00
1.792977333068847656e+00
1.837899446487426758e+00
1.825128793716430664e+00
1.757979393005371094e+00
2.002487182617187500e+00
1.828032016754150391e+00
1.760418653488159180e+00
1.764708042144775391e+00
1.741648674011230469e+00
1.774985074996948242e+00
1.760250568389892578e+00
1.757965087890625000e+00
1.737865209579467773e+00
1.871223449707031250e+00
1.853890180587768555e+00
1.858187913894653320e+00
1.878073215484619141e+00
1.837894678115844727e+00
1.751414060592651367e+00
1.808843374252319336e+00
1.827869892120361328e+00
1.827205896377563477e+00
1.754360198974609375e+00
2.007459163665771484e+00
1.840970516204833984e+00
1.783674716949462891e+00
1.846222162246704102e+00
1.880455970764160156e+00
1.834527969360351562e+00
1.799028396606445312e+00
1.830864906311035156e+00
1.824594974517822266e+00
1.779227018356323242e+00
1.901844263076782227e+00
1.811235904693603516e+00
1.894737720489501953e+00
1.783355236053466797e+00
1.761375665664672852e+00
1.904463768005371094e+00
1.822295427322387695e+00
