5.274725274725274721e-03
8.349568605622042670e-04
7.830853563038371167e-04
1.409774436090225486e-03
3.540305010893246042e-03
7.254464285714285962e-03
5.482456140350876889e-03
1.208459214501510573e-02
9.747182455071581181e-03
5.902870941776227481e-03
7.407407407407407690e-03
1.156737998843261920e-03
1.774308019872249727e-03
1.126044315292408331e-02
8.460236886632825420e-04
1.132578281145902796e-02
2.808988764044944068e-04
1.049868766404199460e-03
7.382169222032935497e-03
1.136794240242516201e-03
3.700962250185047941e-03
8.496395468589082803e-03
3.384094754653130276e-04
0.000000000000000000e+00
0.000000000000000000e+00
0.000000000000000000e+00
0.000000000000000000e+00
0.000000000000000000e+00
0.000000000000000000e+00
0.000000000000000000e+00
0.000000000000000000e+00
0.000000000000000000e+00
0.000000000000000000e+00
0.000000000000000000e+00
0.000000000000000000e+00
0.000000000000000000e+00
0.000000000000000000e+00
0.000000000000000000e+00
0.000000000000000000e+00
0.000000000000000000e+00
0.000000000000000000e+00
0.000000000000000000e+00
0.000000000000000000e+00
0.000000000000000000e+00
0.000000000000000000e+00
0.000000000000000000e+00
0.000000000000000000e+00
0.000000000000000000e+00
0.000000000000000000e+00
0.000000000000000000e+00
0.000000000000000000e+00
0.000000000000000000e+00
0.000000000000000000e+00
0.000000000000000000e+00
0.000000000000000000e+00
0.000000000000000000e+00
0.000000000000000000e+00
0.000000000000000000e+00
0.000000000000000000e+00
0.000000000000000000e+00
