9.716000000000000000e+03
1.041900000000000000e+04
1.112100000000000000e+04
1.156300000000000000e+04
1.158200000000000000e+04
1.159300000000000000e+04
1.157300000000000000e+04
1.149800000000000000e+04
1.185500000000000000e+04
1.167600000000000000e+04
1.167900000000000000e+04
1.169500000000000000e+04
1.156200000000000000e+04
1.189600000000000000e+04
1.196000000000000000e+04
1.190700000000000000e+04
1.169500000000000000e+04
1.175500000000000000e+04
1.141500000000000000e+04
1.148200000000000000e+04
1.149100000000000000e+04
1.157500000000000000e+04
1.174500000000000000e+04
1.170800000000000000e+04
1.169100000000000000e+04
1.173000000000000000e+04
1.163100000000000000e+04
1.150100000000000000e+04
1.143500000000000000e+04
1.137300000000000000e+04
1.165600000000000000e+04
1.158400000000000000e+04
1.157400000000000000e+04
1.183400000000000000e+04
1.154600000000000000e+04
1.165600000000000000e+04
1.180000000000000000e+04
1.155400000000000000e+04
1.153400000000000000e+04
1.164600000000000000e+04
1.185200000000000000e+04
1.171700000000000000e+04
1.172000000000000000e+04
1.166000000000000000e+04
1.169800000000000000e+04
1.160000000000000000e+04
1.170200000000000000e+04
1.195800000000000000e+04
1.189500000000000000e+04
1.190400000000000000e+04
1.178200000000000000e+04
