1.191699999999999982e+01
1.190799999999999947e+01
1.191099999999999959e+01
1.190700000000000003e+01
1.191200000000000081e+01
1.190799999999999947e+01
1.190300000000000047e+01
1.190300000000000047e+01
1.190499999999999936e+01
1.190499999999999936e+01
1.190799999999999947e+01
1.191200000000000081e+01
1.190900000000000070e+01
1.191200000000000081e+01
1.191300000000000026e+01
1.190900000000000070e+01
1.190700000000000003e+01
1.191200000000000081e+01
1.191499999999999915e+01
1.190900000000000070e+01
1.190700000000000003e+01
1.190499999999999936e+01
1.190799999999999947e+01
1.190900000000000070e+01
1.190799999999999947e+01
1.190900000000000070e+01
1.190900000000000070e+01
1.190799999999999947e+01
1.190700000000000003e+01
1.190300000000000047e+01
1.190799999999999947e+01
1.190399999999999991e+01
1.190499999999999936e+01
1.190000000000000036e+01
1.190499999999999936e+01
1.190700000000000003e+01
1.190399999999999991e+01
1.190799999999999947e+01
1.190499999999999936e+01
1.190399999999999991e+01
1.190700000000000003e+01
1.190499999999999936e+01
1.191099999999999959e+01
1.190499999999999936e+01
1.190499999999999936e+01
1.190399999999999991e+01
1.190700000000000003e+01
1.190300000000000047e+01
1.190300000000000047e+01
1.190399999999999991e+01
1.190499999999999936e+01
1.190099999999999980e+01
1.190300000000000047e+01
1.190799999999999947e+01
1.190399999999999991e+01
1.190499999999999936e+01
1.190300000000000047e+01
1.190399999999999991e+01
1.190000000000000036e+01
1.190000000000000036e+01
1.190300000000000047e+01
1.190099999999999980e+01
1.189799999999999969e+01
1.190000000000000036e+01
1.190799999999999947e+01
1.190399999999999991e+01
1.190000000000000036e+01
1.190000000000000036e+01
1.190000000000000036e+01
1.190399999999999991e+01
1.190300000000000047e+01
1.190300000000000047e+01
1.190000000000000036e+01
1.190499999999999936e+01
1.190399999999999991e+01
1.190000000000000036e+01
1.190000000000000036e+01
1.190000000000000036e+01
1.188799999999999990e+01
1.189300000000000068e+01
1.189000000000000057e+01
1.189300000000000068e+01
1.188899999999999935e+01
1.189000000000000057e+01
1.189000000000000057e+01
1.189300000000000068e+01
