1.600000000000000000e+02
1.900000000000000000e+02
2.030000000000000000e+02
2.150000000000000000e+02
2.190000000000000000e+02
2.390000000000000000e+02
2.730000000000000000e+02
2.590000000000000000e+02
3.190000000000000000e+02
3.020000000000000000e+02
3.400000000000000000e+02
3.360000000000000000e+02
4.000000000000000000e+02
3.930000000000000000e+02
3.880000000000000000e+02
4.240000000000000000e+02
4.220000000000000000e+02
4.200000000000000000e+02
4.370000000000000000e+02
4.770000000000000000e+02
4.960000000000000000e+02
5.310000000000000000e+02
5.970000000000000000e+02
6.840000000000000000e+02
7.280000000000000000e+02
7.860000000000000000e+02
8.840000000000000000e+02
1.057000000000000000e+03
1.183000000000000000e+03
1.290000000000000000e+03
1.293000000000000000e+03
8.290000000000000000e+02
5.330000000000000000e+02
4.150000000000000000e+02
3.880000000000000000e+02
3.780000000000000000e+02
3.000000000000000000e+02
3.030000000000000000e+02
3.240000000000000000e+02
2.930000000000000000e+02
2.870000000000000000e+02
2.820000000000000000e+02
2.660000000000000000e+02
2.410000000000000000e+02
2.830000000000000000e+02
2.400000000000000000e+02
2.440000000000000000e+02
2.360000000000000000e+02
2.460000000000000000e+02
2.480000000000000000e+02
2.070000000000000000e+02
