9.000000000000000000e+00
3.650000000000000000e+02
3.280000000000000000e+02
3.860000000000000000e+02
4.800000000000000000e+01
3.370000000000000000e+02
0.000000000000000000e+00
0.000000000000000000e+00
6.900000000000000000e+01
8.000000000000000000e+00
5.160000000000000000e+02
5.440000000000000000e+02
6.030000000000000000e+02
4.590000000000000000e+02
5.070000000000000000e+02
2.640000000000000000e+02
1.700000000000000000e+02
3.970000000000000000e+02
0.000000000000000000e+00
8.000000000000000000e+01
1.490000000000000000e+02
0.000000000000000000e+00
0.000000000000000000e+00
0.000000000000000000e+00
0.000000000000000000e+00
0.000000000000000000e+00
0.000000000000000000e+00
0.000000000000000000e+00
0.000000000000000000e+00
0.000000000000000000e+00
0.000000000000000000e+00
0.000000000000000000e+00
0.000000000000000000e+00
0.000000000000000000e+00
0.000000000000000000e+00
0.000000000000000000e+00
0.000000000000000000e+00
0.000000000000000000e+00
0.000000000000000000e+00
0.000000000000000000e+00
0.000000000000000000e+00
0.000000000000000000e+00
0.000000000000000000e+00
0.000000000000000000e+00
0.000000000000000000e+00
0.000000000000000000e+00
0.000000000000000000e+00
0.000000000000000000e+00
0.000000000000000000e+00
0.000000000000000000e+00
0.000000000000000000e+00
0.000000000000000000e+00
0.000000000000000000e+00
0.000000000000000000e+00
0.000000000000000000e+00
0.000000000000000000e+00
0.000000000000000000e+00
0.000000000000000000e+00
0.000000000000000000e+00
0.000000000000000000e+00
