1.249699999999999989e+01
1.248499999999999943e+01
1.249000000000000021e+01
1.248600000000000065e+01
1.248300000000000054e+01
1.248499999999999943e+01
1.248099999999999987e+01
1.248000000000000043e+01
1.248000000000000043e+01
1.248000000000000043e+01
1.248000000000000043e+01
1.247799999999999976e+01
1.247300000000000075e+01
1.247400000000000020e+01
1.247600000000000087e+01
1.247600000000000087e+01
1.247700000000000031e+01
1.247300000000000075e+01
1.247799999999999976e+01
1.247300000000000075e+01
1.246799999999999997e+01
1.247400000000000020e+01
1.247300000000000075e+01
1.247000000000000064e+01
1.247300000000000075e+01
1.247199999999999953e+01
1.247300000000000075e+01
1.247199999999999953e+01
1.247199999999999953e+01
1.246899999999999942e+01
1.246799999999999997e+01
1.247199999999999953e+01
1.247000000000000064e+01
1.247000000000000064e+01
1.247000000000000064e+01
1.247300000000000075e+01
1.247199999999999953e+01
1.246799999999999997e+01
1.246799999999999997e+01
1.246899999999999942e+01
1.247000000000000064e+01
1.247000000000000064e+01
1.246799999999999997e+01
1.247000000000000064e+01
1.247000000000000064e+01
1.246799999999999997e+01
1.247000000000000064e+01
1.246799999999999997e+01
1.246799999999999997e+01
1.246499999999999986e+01
1.246599999999999930e+01
1.246899999999999942e+01
1.246799999999999997e+01
1.246799999999999997e+01
1.247000000000000064e+01
1.246400000000000041e+01
1.246899999999999942e+01
1.246899999999999942e+01
1.246899999999999942e+01
1.246799999999999997e+01
1.246899999999999942e+01
1.246799999999999997e+01
1.246899999999999942e+01
1.246799999999999997e+01
1.246499999999999986e+01
1.246299999999999919e+01
1.246899999999999942e+01
1.246799999999999997e+01
1.246799999999999997e+01
1.246299999999999919e+01
1.246799999999999997e+01
1.246499999999999986e+01
1.246400000000000041e+01
1.246499999999999986e+01
1.246400000000000041e+01
1.246100000000000030e+01
1.246400000000000041e+01
1.246400000000000041e+01
1.246499999999999986e+01
1.246799999999999997e+01
1.246100000000000030e+01
1.246499999999999986e+01
1.246400000000000041e+01
1.246299999999999919e+01
1.246299999999999919e+01
1.246599999999999930e+01
1.246400000000000041e+01
1.246499999999999986e+01
1.246299999999999919e+01
1.246499999999999986e+01
1.246400000000000041e+01
1.246400000000000041e+01
1.246799999999999997e+01
1.246799999999999997e+01
1.246299999999999919e+01
1.246499999999999986e+01
