1.749976873397827148e+00
1.763916254043579102e+00
1.758400678634643555e+00
1.775051593780517578e+00
1.827425003051757812e+00
1.753330230712890625e+00
1.852127790451049805e+00
1.791050434112548828e+00
1.826366186141967773e+00
1.774253129959106445e+00
1.834002494812011719e+00
1.803427457809448242e+00
1.783542633056640625e+00
1.719763040542602539e+00
1.820359468460083008e+00
1.957072019577026367e+00
1.817499876022338867e+00
1.787736415863037109e+00
1.767207622528076172e+00
1.789003610610961914e+00
1.943489789962768555e+00
1.765464067459106445e+00
1.761481761932373047e+00
1.877387285232543945e+00
1.839385032653808594e+00
1.994697332382202148e+00
1.935312032699584961e+00
1.747540712356567383e+00
1.826323032379150391e+00
1.758351802825927734e+00
1.881157159805297852e+00
1.846481323242187500e+00
1.847450256347656250e+00
1.891193866729736328e+00
1.873169183731079102e+00
1.846624374389648438e+00
1.856862545013427734e+00
1.856590509414672852e+00
1.787391662597656250e+00
1.821768283843994141e+00
1.754505157470703125e+00
1.802193641662597656e+00
1.828303337097167969e+00
1.746188402175903320e+00
1.764244556427001953e+00
2.002297639846801758e+00
1.840573549270629883e+00
1.824400424957275391e+00
1.755562782287597656e+00
1.824448823928833008e+00
1.901136875152587891e+00
1.762660503387451172e+00
1.764286279678344727e+00
1.742445468902587891e+00
1.771933794021606445e+00
1.761736631393432617e+00
1.963249444961547852e+00
1.874652147293090820e+00
1.841789722442626953e+00
1.848216772079467773e+00
2.022116899490356445e+00
1.820240974426269531e+00
1.798730134963989258e+00
1.824538469314575195e+00
1.798869371414184570e+00
1.950198173522949219e+00
1.753766536712646484e+00
1.840835332870483398e+00
1.800114631652832031e+00
1.829305887222290039e+00
1.987455844879150391e+00
1.776120901107788086e+00
1.792058706283569336e+00
1.821070909500122070e+00
1.777117729187011719e+00
2.030858516693115234e+00
1.793688535690307617e+00
1.796686649322509766e+00
1.759238004684448242e+00
1.836299896240234375e+00
1.903794527053833008e+00
1.757469177246093750e+00
1.845905780792236328e+00
1.919479131698608398e+00
1.797496795654296875e+00
1.893291950225830078e+00
1.850294351577758789e+00
1.857314109802246094e+00
1.844700574874877930e+00
1.772691249847412109e+00
1.763289213180541992e+00
1.872389078140258789e+00
1.798395395278930664e+00
1.763480663299560547e+00
1.810110092163085938e+00
1.901642799377441406e+00
