1.080446873229718163e-01
1.011226824053839540e-01
4.307774349901156707e-01
2.324922184436280792e-01
2.082156429184815472e-01
6.644358093382356223e-02
2.952843012477261719e-02
2.598930793589147858e-02
2.373996369600206435e-02
1.988240844623413023e-02
2.654814629331623058e-02
2.474790270382595803e-02
2.485205382790586434e-02
6.303214353841037065e-02
3.274975863832377265e-02
3.330871495680587380e-02
3.478541551071993865e-02
5.117151845533154941e-02
3.533620277200144599e-02
3.151692659510986483e-02
3.548167581387286218e-02
2.913152610792744956e-02
2.615803606988499619e-02
2.735856084661108037e-02
2.391790681927669082e-02
2.415193031160539627e-02
2.291221324424132233e-02
2.100442114551370754e-02
2.045551709082502057e-02
2.519423893768878153e-02
5.099060911352749220e-03
3.665651489128965435e-03
4.300613413418200720e-03
3.176337766695444542e-03
0.000000000000000000e+00
0.000000000000000000e+00
0.000000000000000000e+00
0.000000000000000000e+00
0.000000000000000000e+00
0.000000000000000000e+00
0.000000000000000000e+00
0.000000000000000000e+00
0.000000000000000000e+00
0.000000000000000000e+00
0.000000000000000000e+00
0.000000000000000000e+00
0.000000000000000000e+00
0.000000000000000000e+00
0.000000000000000000e+00
0.000000000000000000e+00
