-1.995619681164629011e-01,4.110372291096935082e-02,7.134865490523636944e-02
1.747587194859934190e-02,5.656210287579237911e-02,1.431562548380847788e-01
-1.624871002796957065e-03,1.380875571427153947e-01,1.288578174749170635e-01
-1.074618031360772274e-01,1.244867170019216679e-01,1.324342786621617030e-02
1.636531102702752372e-01,7.717773443386520549e-02,1.058224104423840517e-01
-2.495601250523025727e-01,1.180067625116335145e-01,4.314682685878398760e-02
1.911806584735934456e-01,1.574327496417811043e-02,1.751964770711367525e-01
-1.287385661828618633e-01,1.483365202774753443e-02,-3.964873226552221436e-02
9.338367680710657481e-02,9.284866048470644118e-02,-4.626003409621580464e-02
2.979400603133591230e-01,7.057518528240715183e-02,-8.123309223201895246e-02
-1.008558197640088971e-01,1.293147175688561246e-01,-6.024840247290774720e-03
-7.419842189838427027e-02,1.186310808785247528e-01,1.408893475034227183e-02
-6.114305434768585457e-02,1.269527501055251473e-01,3.121327170445881150e-02
-2.662842434757972665e-02,1.028335038770512022e-01,4.349235987890209820e-02
8.814439222824321796e-03,1.260232885274621684e-01,1.315636481391357915e-02
-8.396182299902887891e-02,9.796274019121618826e-02,6.291118553691812942e-02
-8.884412867023053217e-02,1.054017873754937024e-01,7.727427788210289306e-02
-1.159003409408379259e-01,8.911175953552202822e-02,-8.486773639636363553e-02
-1.839978328877292513e-01,9.525826684263742627e-02,1.808367792387085837e-01
2.873852916049077222e-01,1.388207575876181099e-01,1.670211357123685680e-01
-8.543641403270862966e-02,1.083853036120386998e-01,5.598722486146912036e-02
-1.279564020744605457e-01,1.499570612214018439e-01,6.278201493252863474e-02
1.081803409708573804e-01,1.666286244059775757e-03,9.856835254238735522e-03
-2.570378081281987637e-02,8.449457800078391534e-02,9.729411041816865557e-02
-9.165481662342711555e-03,5.976570241383362403e-02,3.074182763324792567e-02
-2.068479935810019210e-01,3.986483834200061326e-03,1.902294086017285168e-01
4.630897316012122511e-02,2.619252647057810149e-02,-9.911383205249967021e-02
2.656021063618571598e-01,1.498742733354583301e-01,-8.502872577205053406e-02
-2.736740427835860356e-01,7.624984166212026362e-03,-9.913739433939473822e-02
2.914706397825343465e-01,2.272274174878670394e-02,7.628128274816770027e-02
-6.274889522641660666e-02,2.222772870559248199e-04,3.212786088338781543e-02
-8.002673237596860667e-02,1.123903345603293191e-01,7.615991280838951827e-02
0.000000000000000000e+00,0.000000000000000000e+00,0.000000000000000000e+00
0.000000000000000000e+00,0.000000000000000000e+00,0.000000000000000000e+00
0.000000000000000000e+00,0.000000000000000000e+00,0.000000000000000000e+00
0.000000000000000000e+00,0.000000000000000000e+00,0.000000000000000000e+00
0.000000000000000000e+00,0.000000000000000000e+00,0.000000000000000000e+00
0.000000000000000000e+00,0.000000000000000000e+00,0.000000000000000000e+00
0.000000000000000000e+00,0.000000000000000000e+00,0.000000000000000000e+00
0.000000000000000000e+00,0.000000000000000000e+00,0.000000000000000000e+00
0.000000000000000000e+00,0.000000000000000000e+00,0.000000000000000000e+00
0.000000000000000000e+00,0.000000000000000000e+00,0.000000000000000000e+00
0.000000000000000000e+00,0.000000000000000000e+00,0.000000000000000000e+00
0.000000000000000000e+00,0.000000000000000000e+00,0.000000000000000000e+00
0.000000000000000000e+00,0.000000000000000000e+00,0.000000000000000000e+00
0.000000000000000000e+00,0.000000000000000000e+00,0.000000000000000000e+00
0.000000000000000000e+00,0.000000000000000000e+00,0.000000000000000000e+00
0.000000000000000000e+00,0.000000000000000000e+00,0.000000000000000000e+00
0.000000000000000000e+00,0.000000000000000000e+00,0.000000000000000000e+00
0.000000000000000000e+00,0.000000000000000000e+00,0.000000000000000000e+00
0.000000000000000000e+00,0.000000000000000000e+00,0.000000000000000000e+00
0.000000000000000000e+00,0.000000000000000000e+00,0.000000000000000000e+00
0.000000000000000000e+00,0.000000000000000000e+00,0.000000000000000000e+00
0.000000000000000000e+00,0.000000000000000000e+00,0.000000000000000000e+00
0.000000000000000000e+00,0.000000000000000000e+00,0.000000000000000000e+00
0.000000000000000000e+00,0.000000000000000000e+00,0.000000000000000000e+00
0.000000000000000000e+00,0.000000000000000000e+00,0.000000000000000000e+00
0.000000000000000000e+00,0.000000000000000000e+00,0.000000000000000000e+00
0.000000000000000000e+00,0.000000000000000000e+00,0.000000000000000000e+00
0.000000000000000000e+00,0.000000000000000000e+00,0.000000000000000000e+00
