1.332371332371332373e-01
3.639774859287054493e-02
9.757632987094743207e-03
6.722170829478878173e-02
1.688596491228070151e-01
8.285163776493256749e-02
0.000000000000000000e+00
1.764425369575584046e-01
7.239819004524887525e-02
1.965048543689320304e-01
1.814254859611231230e-01
2.236503856041131000e-01
2.112676056338028130e-01
1.135933358576296905e-03
2.132952691680261026e-01
3.427419354838709409e-02
1.709470304975923005e-01
1.914241960183767355e-01
1.159527326440177308e-01
2.006880733944954240e-03
1.879971077368040588e-01
7.337180544105523228e-02
2.099173553719008156e-01
2.125422455876830596e-01
2.088888888888888740e-02
0.000000000000000000e+00
0.000000000000000000e+00
7.066139061616732997e-02
1.159299416180150089e-01
1.179431859043509473e-01
6.350914962325081292e-02
1.454388984509466520e-01
1.544454628780934924e-01
3.804347826086956763e-02
3.061508488728082421e-03
2.393857271906052464e-02
3.688092729188619662e-02
6.685150955021565422e-02
1.986879100281162269e-01
0.000000000000000000e+00
0.000000000000000000e+00
0.000000000000000000e+00
0.000000000000000000e+00
0.000000000000000000e+00
0.000000000000000000e+00
0.000000000000000000e+00
0.000000000000000000e+00
0.000000000000000000e+00
0.000000000000000000e+00
0.000000000000000000e+00
0.000000000000000000e+00
0.000000000000000000e+00
0.000000000000000000e+00
0.000000000000000000e+00
0.000000000000000000e+00
0.000000000000000000e+00
0.000000000000000000e+00
0.000000000000000000e+00
0.000000000000000000e+00
0.000000000000000000e+00
