2.642000000000000000e+03
2.721000000000000000e+03
3.544000000000000000e+03
2.134000000000000000e+03
3.017000000000000000e+03
2.264000000000000000e+03
2.820000000000000000e+03
3.119000000000000000e+03
2.420000000000000000e+03
2.242000000000000000e+03
2.378000000000000000e+03
2.214000000000000000e+03
2.771000000000000000e+03
3.077000000000000000e+03
2.317000000000000000e+03
2.629000000000000000e+03
2.978000000000000000e+03
2.657000000000000000e+03
2.163000000000000000e+03
2.633000000000000000e+03
3.759000000000000000e+03
3.818000000000000000e+03
2.614000000000000000e+03
2.813000000000000000e+03
2.654000000000000000e+03
2.813000000000000000e+03
2.872000000000000000e+03
2.125000000000000000e+03
2.923000000000000000e+03
0.000000000000000000e+00
0.000000000000000000e+00
0.000000000000000000e+00
0.000000000000000000e+00
0.000000000000000000e+00
0.000000000000000000e+00
0.000000000000000000e+00
0.000000000000000000e+00
0.000000000000000000e+00
0.000000000000000000e+00
0.000000000000000000e+00
0.000000000000000000e+00
0.000000000000000000e+00
0.000000000000000000e+00
0.000000000000000000e+00
0.000000000000000000e+00
0.000000000000000000e+00
0.000000000000000000e+00
0.000000000000000000e+00
0.000000000000000000e+00
0.000000000000000000e+00
0.000000000000000000e+00
0.000000000000000000e+00
0.000000000000000000e+00
0.000000000000000000e+00
0.000000000000000000e+00
0.000000000000000000e+00
0.000000000000000000e+00
0.000000000000000000e+00
0.000000000000000000e+00
0.000000000000000000e+00
