2.100000000000000000e+01
2.100000000000000000e+01
1.900000000000000000e+01
2.900000000000000000e+01
2.300000000000000000e+01
2.700000000000000000e+01
4.200000000000000000e+01
5.500000000000000000e+01
7.600000000000000000e+01
9.100000000000000000e+01
1.270000000000000000e+02
1.460000000000000000e+02
1.550000000000000000e+02
1.780000000000000000e+02
5.300000000000000000e+01
3.500000000000000000e+01
3.200000000000000000e+01
3.600000000000000000e+01
3.900000000000000000e+01
3.300000000000000000e+01
3.200000000000000000e+01
3.000000000000000000e+01
2.200000000000000000e+01
2.800000000000000000e+01
2.300000000000000000e+01
2.200000000000000000e+01
3.300000000000000000e+01
3.400000000000000000e+01
3.300000000000000000e+01
3.200000000000000000e+01
2.500000000000000000e+01
3.000000000000000000e+01
3.300000000000000000e+01
3.100000000000000000e+01
3.200000000000000000e+01
4.200000000000000000e+01
3.300000000000000000e+01
4.900000000000000000e+01
4.300000000000000000e+01
5.900000000000000000e+01
6.500000000000000000e+01
6.100000000000000000e+01
8.100000000000000000e+01
8.600000000000000000e+01
8.900000000000000000e+01
1.050000000000000000e+02
1.150000000000000000e+02
1.270000000000000000e+02
1.940000000000000000e+02
1.950000000000000000e+02
2.100000000000000000e+02
2.230000000000000000e+02
2.200000000000000000e+02
8.800000000000000000e+01
8.700000000000000000e+01
7.200000000000000000e+01
4.500000000000000000e+01
5.400000000000000000e+01
4.200000000000000000e+01
4.300000000000000000e+01
4.500000000000000000e+01
2.900000000000000000e+01
2.500000000000000000e+01
2.900000000000000000e+01
3.100000000000000000e+01
6.000000000000000000e+01
4.600000000000000000e+01
2.900000000000000000e+01
3.400000000000000000e+01
2.500000000000000000e+01
3.200000000000000000e+01
2.200000000000000000e+01
2.300000000000000000e+01
2.300000000000000000e+01
3.800000000000000000e+01
3.200000000000000000e+01
3.600000000000000000e+01
5.900000000000000000e+01
5.000000000000000000e+01
5.000000000000000000e+01
6.000000000000000000e+01
6.100000000000000000e+01
8.300000000000000000e+01
6.500000000000000000e+01
8.000000000000000000e+01
7.200000000000000000e+01
9.200000000000000000e+01
1.320000000000000000e+02
1.600000000000000000e+02
1.720000000000000000e+02
1.340000000000000000e+02
5.100000000000000000e+01
4.700000000000000000e+01
3.800000000000000000e+01
3.900000000000000000e+01
3.600000000000000000e+01
