1.251719394773039840e-01
1.391891891891891830e-01
1.347325660121868607e-01
1.341546885694729629e-01
1.439999999999999891e-01
1.242362525458248490e-01
1.400273224043715736e-01
1.242524916943521657e-01
9.681528662420382791e-02
1.032298923369221050e-01
1.013157894736842063e-01
9.085173501577287203e-02
8.044554455445544761e-02
7.147628590514362723e-02
1.176833025261860705e-01
1.222551928783382758e-01
1.336288790373654223e-01
1.347087378640776656e-01
1.357056694813027764e-01
1.061583577712609944e-01
1.304893350062735213e-01
1.196741854636591412e-01
1.282505910165484542e-01
1.365040148239654028e-01
1.262965222696766365e-01
1.414538310412573607e-01
1.373390557939914158e-01
1.374182034503271810e-01
1.165787932044522607e-01
1.255980861244019031e-01
1.388050694025347032e-01
1.219232970807097860e-01
1.147350029120559056e-01
1.213171577123050293e-01
1.347432024169184228e-01
1.336487285629804900e-01
1.344086021505376261e-01
1.337278106508875686e-01
1.194559432288586631e-01
1.205383265067290766e-01
1.135552913198573100e-01
1.102985984156002464e-01
1.268524007113218666e-01
9.916367980884109590e-02
9.435096153846153633e-02
8.735491753207086374e-02
8.397397989355410985e-02
9.436201780415430507e-02
6.961651917404129697e-02
6.642066420664206883e-02
4.514106583072099999e-02
3.089036947304663744e-02
8.505467800729039560e-03
9.706411024565608781e-02
9.988317757009346209e-02
1.126674786845310583e-01
1.107055961070559646e-01
1.268524007113218666e-01
1.268382352941176405e-01
1.306782825140012372e-01
1.365946632782719106e-01
1.152238805970149244e-01
1.334509112286890176e-01
1.144018583042973325e-01
1.195388349514563131e-01
1.065476190476190438e-01
1.379939209726443738e-01
1.475409836065573743e-01
1.437659033078880488e-01
1.397660818713450381e-01
1.302298173246906332e-01
1.392564587271581666e-01
1.474654377880184331e-01
1.446229913473424111e-01
1.179273377010125051e-01
1.317365269461077959e-01
1.333750782717595396e-01
1.304347826086956486e-01
1.188299817184643448e-01
1.421319796954314818e-01
1.227963525835866210e-01
1.076023391812865465e-01
1.176112126751980569e-01
1.271641791044776093e-01
1.189290161892901654e-01
1.014312383322961975e-01
9.342347879532882093e-02
8.612440191387560340e-02
6.706948640483383073e-02
5.282112845138055290e-02
9.547123623011015414e-02
1.185599006828057106e-01
1.354757403906742264e-01
1.160324391765439750e-01
1.114570361145703625e-01
1.171875000000000000e-01
