1.134700000000000000e+04
1.109000000000000000e+04
1.146100000000000000e+04
1.168700000000000000e+04
1.171600000000000000e+04
1.160600000000000000e+04
1.158700000000000000e+04
1.119100000000000000e+04
1.119800000000000000e+04
1.140600000000000000e+04
1.150400000000000000e+04
1.148500000000000000e+04
1.148200000000000000e+04
1.150500000000000000e+04
1.153600000000000000e+04
1.163800000000000000e+04
1.157500000000000000e+04
1.163400000000000000e+04
1.151700000000000000e+04
1.130600000000000000e+04
1.120100000000000000e+04
1.133500000000000000e+04
1.097700000000000000e+04
1.096400000000000000e+04
1.139900000000000000e+04
1.151200000000000000e+04
1.168200000000000000e+04
1.149500000000000000e+04
1.130800000000000000e+04
1.150000000000000000e+04
1.132800000000000000e+04
1.163400000000000000e+04
1.145600000000000000e+04
1.158500000000000000e+04
1.158500000000000000e+04
1.138600000000000000e+04
1.147900000000000000e+04
1.138300000000000000e+04
1.141400000000000000e+04
1.140700000000000000e+04
1.149200000000000000e+04
1.163000000000000000e+04
1.154300000000000000e+04
1.129900000000000000e+04
1.165600000000000000e+04
1.141700000000000000e+04
1.154600000000000000e+04
1.136500000000000000e+04
1.141600000000000000e+04
1.140500000000000000e+04
1.143800000000000000e+04
1.120200000000000000e+04
1.164400000000000000e+04
1.151800000000000000e+04
1.135800000000000000e+04
1.126900000000000000e+04
1.145600000000000000e+04
1.158200000000000000e+04
1.175900000000000000e+04
1.153600000000000000e+04
1.158500000000000000e+04
1.162400000000000000e+04
1.141800000000000000e+04
1.154900000000000000e+04
1.144700000000000000e+04
1.154400000000000000e+04
1.099600000000000000e+04
1.103400000000000000e+04
1.111800000000000000e+04
1.115700000000000000e+04
1.108300000000000000e+04
1.103800000000000000e+04
1.122400000000000000e+04
1.109000000000000000e+04
1.140900000000000000e+04
1.148900000000000000e+04
1.149000000000000000e+04
1.160500000000000000e+04
1.156300000000000000e+04
1.150300000000000000e+04
1.155100000000000000e+04
