1.850639581680297852e+00
1.816695213317871094e+00
1.993121862411499023e+00
1.784899234771728516e+00
1.822421789169311523e+00
1.741170406341552734e+00
1.761098861694335938e+00
1.784431695938110352e+00
1.802643537521362305e+00
1.803267478942871094e+00
1.756776809692382812e+00
1.808829069137573242e+00
1.806245565414428711e+00
1.764254093170166016e+00
1.748621702194213867e+00
1.771198987960815430e+00
1.825404882431030273e+00
1.873958587646484375e+00
1.750527143478393555e+00
1.801716566085815430e+00
1.814263820648193359e+00
1.751060247421264648e+00
1.747813940048217773e+00
1.817959547042846680e+00
1.815197944641113281e+00
1.999449014663696289e+00
1.779705047607421875e+00
1.844893455505371094e+00
1.751491308212280273e+00
1.757605791091918945e+00
2.018447160720825195e+00
1.815149784088134766e+00
1.782845973968505859e+00
1.699543714523315430e+00
1.831735849380493164e+00
1.814667224884033203e+00
1.784217834472656250e+00
1.755783319473266602e+00
1.793737411499023438e+00
1.819972991943359375e+00
1.848496913909912109e+00
1.798802852630615234e+00
1.754675865173339844e+00
1.753565073013305664e+00
1.985880851745605469e+00
1.863856077194213867e+00
1.829520225524902344e+00
1.756392478942871094e+00
1.743127107620239258e+00
2.008404731750488281e+00
1.816508769989013672e+00
1.760694742202758789e+00
1.756266832351684570e+00
1.789761781692504883e+00
1.736084222793579102e+00
1.753336668014526367e+00
1.735852956771850586e+00
1.798054456710815430e+00
1.817677497863769531e+00
1.756834268569946289e+00
1.793891906738281250e+00
1.731263637542724609e+00
1.718295574188232422e+00
1.820598840713500977e+00
1.787248849868774414e+00
1.808959245681762695e+00
1.858973979949951172e+00
1.781395912170410156e+00
1.783802032470703125e+00
1.815038681030273438e+00
1.829433441162109375e+00
1.837040662765502930e+00
2.013311147689819336e+00
1.826249361038208008e+00
1.765364408493041992e+00
1.724215269088745117e+00
1.783019304275512695e+00
1.699992895126342773e+00
1.803890228271484375e+00
1.790987730026245117e+00
1.827340364456176758e+00
1.873766660690307617e+00
1.755365848541259766e+00
2.888955831527709961e+00
1.823065280914306641e+00
1.818784952163696289e+00
1.759877443313598633e+00
1.807254791259765625e+00
1.809988021850585938e+00
1.762433290481567383e+00
1.716400146484375000e+00
1.852116107940673828e+00
1.828571319580078125e+00
1.919751167297363281e+00
1.847666740417480469e+00
1.822025775909423828e+00
