2.794610032056869531e-01,5.019760937261210330e-03,8.244771091679731212e-02
2.163830451996130999e-01,2.379801645400875243e-02,1.404054243935859148e-01
-7.581784683201861497e-02,4.649838061369212378e-02,-6.477303183874075221e-02
7.946814739965912811e-02,1.074710142856575290e-01,1.344981272341581879e-01
-4.809706062898949641e-02,6.091111175266024358e-02,7.292886702540704591e-02
1.604250771165569023e-01,8.803862379419298556e-02,1.449454330774165023e-02
2.540025862724742955e-02,1.306416304515896076e-01,1.896720594011511440e-01
-2.768827817921813428e-01,4.282576381583440284e-02,-3.827931051833081272e-02
-1.884580973658241954e-01,1.011121447928602507e-01,-9.185476207635050183e-02
-1.598116288764361848e-01,1.454781488366253261e-01,3.842047809316617712e-02
-1.067644498308859269e-01,7.818023813275404299e-02,9.054485125985739513e-02
-1.458929697151830074e-01,5.837138520395541985e-02,1.113917928755673026e-01
-2.114954363040910112e-01,9.888735192363751203e-02,1.100744281161862292e-01
-1.492024235327129023e-01,6.918481156164102419e-02,6.460365107341353719e-02
-7.526721274597927835e-02,8.382989307209999519e-02,3.814266119503689767e-02
-1.120751136300147666e-01,7.987334225537116861e-02,4.842065005464221694e-02
8.693615884557193141e-03,2.182370011074716547e-03,-9.745105138553804280e-02
-2.248929055909147379e-01,4.636757104501948576e-04,1.920871316728889611e-01
-1.433090535297155965e-01,7.192115739086697712e-02,6.025390769080160580e-02
2.780357813929054678e-01,1.440891959712542192e-01,-9.409273413869344294e-02
2.819036350692074033e-01,1.910072688477104305e-02,-9.952064576962348086e-02
-1.479140876432931406e-01,6.837219021088562776e-02,3.218719170653386308e-02
2.569203997505740689e-01,1.449964816568764248e-01,1.844867943843575275e-01
-9.762713320011637275e-02,3.982632910202990074e-03,-5.493012082237597182e-04
-1.163764903310681165e-01,1.967150317725675172e-03,6.560626442280539927e-02
-1.210000932686749742e-01,6.653421991707854366e-02,5.065027915933062452e-02
-1.407115670861952827e-01,4.432736237136832708e-02,3.945124346713535513e-02
-1.629515656921150801e-01,4.770842278741998198e-03,-9.594587813986897584e-02
2.663946088083279928e-02,1.307487905921698307e-03,-1.725901006376216740e-02
-9.809923200002068633e-03,1.459658800323204719e-01,-9.621409570179800808e-02
-2.737355250570688847e-01,1.479454326066330649e-01,-6.113055539487330381e-02
-1.565856891262046302e-02,7.193123814446233943e-02,1.973976096396676538e-01
1.598113628722981905e-01,1.499060026055698269e-01,3.694985945433984509e-02
2.832368503634867252e-01,6.097008365984445122e-02,1.951770750202919957e-01
-2.865541946644460380e-01,8.759219232439127353e-03,6.095632103694834103e-02
0.000000000000000000e+00,0.000000000000000000e+00,0.000000000000000000e+00
0.000000000000000000e+00,0.000000000000000000e+00,0.000000000000000000e+00
0.000000000000000000e+00,0.000000000000000000e+00,0.000000000000000000e+00
0.000000000000000000e+00,0.000000000000000000e+00,0.000000000000000000e+00
0.000000000000000000e+00,0.000000000000000000e+00,0.000000000000000000e+00
0.000000000000000000e+00,0.000000000000000000e+00,0.000000000000000000e+00
0.000000000000000000e+00,0.000000000000000000e+00,0.000000000000000000e+00
0.000000000000000000e+00,0.000000000000000000e+00,0.000000000000000000e+00
0.000000000000000000e+00,0.000000000000000000e+00,0.000000000000000000e+00
0.000000000000000000e+00,0.000000000000000000e+00,0.000000000000000000e+00
0.000000000000000000e+00,0.000000000000000000e+00,0.000000000000000000e+00
0.000000000000000000e+00,0.000000000000000000e+00,0.000000000000000000e+00
0.000000000000000000e+00,0.000000000000000000e+00,0.000000000000000000e+00
0.000000000000000000e+00,0.000000000000000000e+00,0.000000000000000000e+00
0.000000000000000000e+00,0.000000000000000000e+00,0.000000000000000000e+00
0.000000000000000000e+00,0.000000000000000000e+00,0.000000000000000000e+00
0.000000000000000000e+00,0.000000000000000000e+00,0.000000000000000000e+00
0.000000000000000000e+00,0.000000000000000000e+00,0.000000000000000000e+00
0.000000000000000000e+00,0.000000000000000000e+00,0.000000000000000000e+00
0.000000000000000000e+00,0.000000000000000000e+00,0.000000000000000000e+00
0.000000000000000000e+00,0.000000000000000000e+00,0.000000000000000000e+00
0.000000000000000000e+00,0.000000000000000000e+00,0.000000000000000000e+00
0.000000000000000000e+00,0.000000000000000000e+00,0.000000000000000000e+00
0.000000000000000000e+00,0.000000000000000000e+00,0.000000000000000000e+00
0.000000000000000000e+00,0.000000000000000000e+00,0.000000000000000000e+00
