1.006587072869493671e-01
9.703426432479124453e-02
9.918172826184695756e-02
9.703364178846320132e-02
1.017958901744085709e-01
9.591995169498836182e-02
9.971485353840836563e-02
9.201600278309271519e-02
9.388443694643609783e-02
9.035628639945186835e-02
8.699374946485144422e-02
9.123557075673364991e-02
9.107420861442656890e-02
8.305312710154673372e-02
8.620401337792642227e-02
8.432014781221131017e-02
8.687473279179136476e-02
7.903019991492982177e-02
8.059570740254051735e-02
8.317366312489113400e-02
7.684274649725872375e-02
7.542116630669545851e-02
7.066836951894422958e-02
6.012982576016399211e-02
6.398083996236421378e-02
5.038363171355498410e-02
4.410626773278308183e-02
3.477958438396661078e-02
1.451683428071709643e-02
7.034203816055570498e-03
1.398421413864104311e-02
4.635704419889502548e-02
7.940210817349231676e-02
8.213621767787730732e-02
9.215312662393902732e-02
8.707961564859299786e-02
9.211864406779661507e-02
9.407997230396399069e-02
9.710421362926997813e-02
8.749785334020264427e-02
8.783327708403644574e-02
9.166168814542971499e-02
8.771331058020477578e-02
9.176672384219554390e-02
9.659770901008719879e-02
9.491379310344827402e-02
9.767561100666552476e-02
9.483191169091821637e-02
9.567044976881042273e-02
9.685819892473118697e-02
9.387200814802240667e-02
