0.000000000000000000e+00
4.435483870967741986e-03
8.955223880597015448e-03
1.038421599169262691e-03
3.261578604044357288e-04
7.374631268436578069e-03
8.631319358816275447e-03
1.948684637869438048e-03
6.267409470752089047e-03
1.137225170583775575e-03
3.478810879190386007e-03
5.072463768115941657e-03
6.287111421585749559e-03
6.861682918020946612e-03
3.504672897196261638e-03
7.931034482758621273e-03
4.551920341394025994e-03
9.121621621621622128e-03
7.738304607808652903e-03
1.096892138939670885e-03
2.103491796381994072e-03
1.158199526191102877e-02
3.296373988612526056e-03
7.613247049866767903e-03
1.225189904435187559e-03
7.832898172323760110e-04
7.288629737609329329e-04
2.496878901373283314e-04
1.504324934185784094e-03
3.562945368171021535e-03
8.829174664107486414e-03
4.993757802746566846e-03
6.587615283267457024e-03
0.000000000000000000e+00
0.000000000000000000e+00
0.000000000000000000e+00
0.000000000000000000e+00
0.000000000000000000e+00
0.000000000000000000e+00
0.000000000000000000e+00
0.000000000000000000e+00
0.000000000000000000e+00
0.000000000000000000e+00
0.000000000000000000e+00
0.000000000000000000e+00
0.000000000000000000e+00
0.000000000000000000e+00
0.000000000000000000e+00
0.000000000000000000e+00
0.000000000000000000e+00
0.000000000000000000e+00
0.000000000000000000e+00
0.000000000000000000e+00
0.000000000000000000e+00
0.000000000000000000e+00
0.000000000000000000e+00
0.000000000000000000e+00
0.000000000000000000e+00
0.000000000000000000e+00
0.000000000000000000e+00
