1.347207009857612214e-01
1.332580463015245742e-01
1.288913162206444529e-01
1.249309010503040357e-01
1.225806451612903164e-01
1.265616512764801693e-01
1.167377398720682302e-01
9.446764091858037005e-02
9.498680738786278999e-02
8.333333333333332871e-02
8.213041314086609590e-02
1.055168719871451555e-01
7.457457457457457306e-02
5.939086294416243833e-02
1.097067745197168875e-01
1.212560386473429952e-01
1.367827868852458939e-01
1.209876543209876532e-01
1.161953727506426781e-01
1.050779286073403734e-01
1.090998043052837513e-01
1.232534930139720514e-01
1.194322075379344039e-01
1.168451801363193793e-01
1.144374698213423414e-01
1.313035204567079006e-01
1.219143576826196423e-01
1.168963757018887245e-01
1.207988309790550413e-01
1.184144505770195616e-01
1.229674796747967508e-01
1.265508684863523581e-01
1.202594810379241513e-01
1.192705766387383015e-01
1.107317073170731719e-01
1.231380337636544253e-01
9.431210500729217405e-02
1.195219123505976144e-01
1.015549076773566567e-01
9.874759152215799307e-02
1.013346515076618826e-01
9.776264591439688678e-02
1.038589804668889893e-01
8.517971442639094004e-02
8.849129593810445282e-02
9.360301034807150256e-02
8.144126357354393442e-02
7.160253287871407024e-02
5.042436345481777354e-02
3.793626707132018161e-02
1.913439635535307479e-02
5.421389847215377263e-03
8.889956751561749193e-02
9.677419354838709409e-02
1.011933174224343701e-01
1.075638506876227946e-01
1.089438629876308268e-01
1.106833493743984570e-01
1.227488151658767818e-01
1.063929071395240261e-01
1.104294478527607370e-01
1.258016773556980827e-01
1.158974358974358965e-01
1.188949185989146562e-01
1.172654690618762513e-01
9.538002980625931437e-02
1.210224308815858046e-01
1.240544629349470546e-01
1.068249258160237358e-01
1.307609860664523116e-01
1.096873398257303955e-01
1.147218119153126520e-01
1.180698151950718700e-01
1.123829344432882432e-01
1.086637298091042564e-01
1.066212268743914338e-01
1.208847736625514452e-01
1.243496357960457849e-01
1.176470588235294101e-01
1.071240105540897103e-01
1.049922799794132805e-01
1.036082474226804190e-01
1.171310629514963897e-01
1.020803096274794375e-01
1.018945212493599650e-01
8.719211822660098699e-02
8.268482490272373309e-02
4.695304695304695214e-02
6.179196704428424614e-02
1.142857142857142821e-01
1.008902077151335314e-01
9.855072463768116409e-02
9.975669099756691305e-02
1.116856256463288483e-01
1.152856407617087048e-01
1.062034739454094240e-01
