0.000000000000000000e+00
5.241935483870967943e-02
7.970149253731342864e-02
8.982346832814122606e-02
3.261578604044357288e-04
1.187315634218289034e-01
7.768187422934648423e-02
1.432283208834037036e-01
1.371866295264624058e-01
1.895375284306292582e-02
1.489563567362428842e-01
1.833333333333333204e-01
1.837233670974502409e-01
1.798483206933911283e-01
5.646417445482865977e-02
1.831034482758620574e-01
8.108108108108108558e-02
1.574324324324324342e-01
1.997889553288779430e-01
1.623400365630713049e-01
2.250736222128733588e-01
6.528033693077125998e-02
6.682649086005394701e-02
2.059383326988960816e-01
4.900759617740749587e-04
3.916449086161879513e-03
0.000000000000000000e+00
0.000000000000000000e+00
1.628431741256111398e-01
1.809184481393507626e-01
1.101727447216890587e-01
8.114856429463171428e-02
7.180500658761528043e-02
0.000000000000000000e+00
0.000000000000000000e+00
0.000000000000000000e+00
0.000000000000000000e+00
0.000000000000000000e+00
0.000000000000000000e+00
0.000000000000000000e+00
0.000000000000000000e+00
0.000000000000000000e+00
0.000000000000000000e+00
0.000000000000000000e+00
0.000000000000000000e+00
0.000000000000000000e+00
0.000000000000000000e+00
0.000000000000000000e+00
0.000000000000000000e+00
0.000000000000000000e+00
0.000000000000000000e+00
0.000000000000000000e+00
0.000000000000000000e+00
0.000000000000000000e+00
0.000000000000000000e+00
0.000000000000000000e+00
0.000000000000000000e+00
0.000000000000000000e+00
0.000000000000000000e+00
0.000000000000000000e+00
