8.615384615384615030e-03
8.843967150979153979e-03
5.960264900662252084e-03
7.348029392117568295e-03
1.327944572748267910e-02
1.180857675574891255e-02
1.371571072319201917e-02
2.162478082992402156e-02
2.331288343558282281e-02
4.893350062735257050e-02
5.826472450918302598e-02
4.787878787878788178e-02
7.274969173859432980e-02
8.146766169154229242e-02
2.459016393442622905e-02
1.677651288196524773e-02
1.109165207238762413e-02
1.413644744929317722e-02
1.784576163161249313e-02
9.809932556713672064e-03
1.458465440710209234e-02
1.735895846249225008e-02
1.442910915934755324e-02
1.462522851919561238e-02
9.478672985781991245e-03
1.328502415458937200e-02
1.377245508982035890e-02
9.987515605493133691e-03
2.299564947172156454e-02
9.733939000648929307e-03
1.236858379715522621e-02
1.237623762376237682e-02
1.262019230769230796e-02
1.294697903822441404e-02
1.590106007067137658e-02
1.070528967254408097e-02
1.621958827199001738e-02
2.237414543194530744e-02
2.516129032258064557e-02
2.817824377457404939e-02
2.147820593809222911e-02
3.022825416409623614e-02
3.215831787260358537e-02
3.493191237418590694e-02
2.902843601895734732e-02
4.596273291925465770e-02
4.698795180722891568e-02
5.465838509316769955e-02
6.099815157116451197e-02
8.399754751686082377e-02
1.017857142857142849e-01
9.900373599003735314e-02
4.643962848297213813e-02
2.408187838651414808e-02
2.440512507626601754e-02
1.897533206831119451e-02
2.189781021897810320e-02
2.067336089781452932e-02
1.621958827199001738e-02
1.488833746898263026e-02
1.381909547738693553e-02
1.528117359413202862e-02
1.230012300123001223e-02
1.496110113704368638e-02
1.220256253813300877e-02
1.586294416243654720e-02
3.181272509003601340e-02
2.799285288862417981e-02
1.728395061728394896e-02
1.367308887507768730e-02
7.724301841948900613e-03
8.358208955223879813e-03
7.669616519174041191e-03
8.454106280193236095e-03
9.615384615384615918e-03
1.135005973715651206e-02
1.077199281867145461e-02
1.718845917740945486e-02
2.258064516129032126e-02
2.165605095541401140e-02
2.208201892744479644e-02
2.546148949713558304e-02
1.862197392923650024e-02
3.292446739832149971e-02
3.564484769928710078e-02
3.618817852834740889e-02
4.060913705583756028e-02
4.996837444655281152e-02
6.633906633906633266e-02
5.524861878453038444e-02
2.791878172588832530e-02
1.736972704714640284e-02
1.490757304710793076e-02
1.075268817204301161e-02
1.559575795383655664e-02
1.161290322580645247e-02
