2.213000000000000000e+03
2.181000000000000000e+03
2.025000000000000000e+03
2.115000000000000000e+03
2.160000000000000000e+03
2.252000000000000000e+03
2.336000000000000000e+03
2.342000000000000000e+03
2.243000000000000000e+03
2.412000000000000000e+03
2.296000000000000000e+03
2.315000000000000000e+03
2.357000000000000000e+03
2.333000000000000000e+03
2.393000000000000000e+03
2.336000000000000000e+03
2.348000000000000000e+03
2.405000000000000000e+03
2.331000000000000000e+03
2.363000000000000000e+03
2.388000000000000000e+03
2.420000000000000000e+03
2.397000000000000000e+03
2.355000000000000000e+03
2.453000000000000000e+03
2.356000000000000000e+03
2.378000000000000000e+03
2.337000000000000000e+03
2.356000000000000000e+03
2.501000000000000000e+03
2.441000000000000000e+03
2.336000000000000000e+03
2.340000000000000000e+03
2.465000000000000000e+03
2.386000000000000000e+03
2.414000000000000000e+03
2.412000000000000000e+03
2.425000000000000000e+03
2.471000000000000000e+03
2.368000000000000000e+03
2.402000000000000000e+03
2.394000000000000000e+03
2.360000000000000000e+03
2.375000000000000000e+03
2.475000000000000000e+03
2.388000000000000000e+03
2.389000000000000000e+03
2.390000000000000000e+03
2.373000000000000000e+03
2.339000000000000000e+03
2.341000000000000000e+03
2.356000000000000000e+03
2.412000000000000000e+03
2.355000000000000000e+03
2.364000000000000000e+03
2.446000000000000000e+03
2.402000000000000000e+03
2.469000000000000000e+03
2.463000000000000000e+03
2.393000000000000000e+03
2.428000000000000000e+03
2.371000000000000000e+03
2.338000000000000000e+03
2.469000000000000000e+03
2.326000000000000000e+03
2.392000000000000000e+03
2.413000000000000000e+03
2.315000000000000000e+03
2.442000000000000000e+03
2.486000000000000000e+03
2.320000000000000000e+03
2.490000000000000000e+03
2.436000000000000000e+03
2.363000000000000000e+03
2.322000000000000000e+03
2.323000000000000000e+03
2.346000000000000000e+03
2.409000000000000000e+03
2.412000000000000000e+03
2.366000000000000000e+03
2.412000000000000000e+03
2.387000000000000000e+03
2.468000000000000000e+03
2.437000000000000000e+03
2.300000000000000000e+03
2.396000000000000000e+03
2.446000000000000000e+03
2.460000000000000000e+03
2.458000000000000000e+03
2.362000000000000000e+03
2.315000000000000000e+03
2.398000000000000000e+03
2.371000000000000000e+03
2.384000000000000000e+03
2.462000000000000000e+03
2.408000000000000000e+03
2.479000000000000000e+03
2.348000000000000000e+03
2.368000000000000000e+03
2.428000000000000000e+03
2.390000000000000000e+03
2.377000000000000000e+03
2.295000000000000000e+03
2.416000000000000000e+03
2.423000000000000000e+03
2.364000000000000000e+03
2.382000000000000000e+03
2.489000000000000000e+03
2.380000000000000000e+03
2.352000000000000000e+03
2.366000000000000000e+03
2.339000000000000000e+03
2.381000000000000000e+03
2.396000000000000000e+03
2.419000000000000000e+03
2.409000000000000000e+03
2.393000000000000000e+03
2.429000000000000000e+03
2.381000000000000000e+03
2.405000000000000000e+03
2.413000000000000000e+03
2.401000000000000000e+03
2.500000000000000000e+03
2.477000000000000000e+03
2.337000000000000000e+03
2.396000000000000000e+03
2.442000000000000000e+03
2.442000000000000000e+03
2.430000000000000000e+03
2.412000000000000000e+03
2.387000000000000000e+03
2.432000000000000000e+03
2.370000000000000000e+03
2.476000000000000000e+03
2.373000000000000000e+03
2.420000000000000000e+03
2.424000000000000000e+03
2.352000000000000000e+03
2.364000000000000000e+03
2.244000000000000000e+03
2.376000000000000000e+03
2.406000000000000000e+03
2.395000000000000000e+03
2.459000000000000000e+03
2.405000000000000000e+03
2.485000000000000000e+03
2.445000000000000000e+03
2.345000000000000000e+03
2.360000000000000000e+03
2.416000000000000000e+03
2.368000000000000000e+03
2.400000000000000000e+03
2.482000000000000000e+03
2.355000000000000000e+03
2.458000000000000000e+03
2.453000000000000000e+03
2.379000000000000000e+03
2.338000000000000000e+03
2.427000000000000000e+03
2.323000000000000000e+03
2.482000000000000000e+03
2.449000000000000000e+03
2.437000000000000000e+03
2.434000000000000000e+03
2.348000000000000000e+03
2.417000000000000000e+03
2.434000000000000000e+03
2.364000000000000000e+03
2.411000000000000000e+03
2.410000000000000000e+03
2.402000000000000000e+03
2.437000000000000000e+03
2.411000000000000000e+03
2.353000000000000000e+03
2.395000000000000000e+03
2.430000000000000000e+03
2.397000000000000000e+03
2.382000000000000000e+03
2.431000000000000000e+03
2.477000000000000000e+03
2.390000000000000000e+03
2.373000000000000000e+03
2.386000000000000000e+03
2.368000000000000000e+03
2.412000000000000000e+03
2.353000000000000000e+03
2.348000000000000000e+03
2.345000000000000000e+03
2.406000000000000000e+03
2.362000000000000000e+03
2.336000000000000000e+03
2.270000000000000000e+03
2.423000000000000000e+03
2.348000000000000000e+03
2.383000000000000000e+03
2.340000000000000000e+03
2.289000000000000000e+03
2.447000000000000000e+03
2.374000000000000000e+03
2.343000000000000000e+03
