1.730000000000000000e+02
2.160000000000000000e+02
2.090000000000000000e+02
2.100000000000000000e+02
2.240000000000000000e+02
2.540000000000000000e+02
2.210000000000000000e+02
2.460000000000000000e+02
2.680000000000000000e+02
2.660000000000000000e+02
2.610000000000000000e+02
2.700000000000000000e+02
2.950000000000000000e+02
2.720000000000000000e+02
3.120000000000000000e+02
3.390000000000000000e+02
3.520000000000000000e+02
3.600000000000000000e+02
3.230000000000000000e+02
3.590000000000000000e+02
3.570000000000000000e+02
3.550000000000000000e+02
3.370000000000000000e+02
3.690000000000000000e+02
3.820000000000000000e+02
4.380000000000000000e+02
4.220000000000000000e+02
4.140000000000000000e+02
4.530000000000000000e+02
4.230000000000000000e+02
4.500000000000000000e+02
4.680000000000000000e+02
4.410000000000000000e+02
4.340000000000000000e+02
4.500000000000000000e+02
4.890000000000000000e+02
4.750000000000000000e+02
4.620000000000000000e+02
5.100000000000000000e+02
5.020000000000000000e+02
5.040000000000000000e+02
4.980000000000000000e+02
5.430000000000000000e+02
5.810000000000000000e+02
5.750000000000000000e+02
6.470000000000000000e+02
6.620000000000000000e+02
6.350000000000000000e+02
6.080000000000000000e+02
6.540000000000000000e+02
7.040000000000000000e+02
6.990000000000000000e+02
7.760000000000000000e+02
7.860000000000000000e+02
8.160000000000000000e+02
8.650000000000000000e+02
8.490000000000000000e+02
8.900000000000000000e+02
9.550000000000000000e+02
9.090000000000000000e+02
8.830000000000000000e+02
9.050000000000000000e+02
9.030000000000000000e+02
8.000000000000000000e+02
7.280000000000000000e+02
6.490000000000000000e+02
5.280000000000000000e+02
4.630000000000000000e+02
3.980000000000000000e+02
3.300000000000000000e+02
3.060000000000000000e+02
2.860000000000000000e+02
2.700000000000000000e+02
3.170000000000000000e+02
2.800000000000000000e+02
3.100000000000000000e+02
2.550000000000000000e+02
2.890000000000000000e+02
2.500000000000000000e+02
2.660000000000000000e+02
2.750000000000000000e+02
