1.860000000000000000e+02
1.980000000000000000e+02
1.870000000000000000e+02
1.740000000000000000e+02
1.730000000000000000e+02
1.970000000000000000e+02
1.730000000000000000e+02
1.590000000000000000e+02
1.440000000000000000e+02
1.350000000000000000e+02
1.500000000000000000e+02
1.580000000000000000e+02
1.270000000000000000e+02
1.350000000000000000e+02
1.140000000000000000e+02
1.810000000000000000e+02
1.830000000000000000e+02
1.740000000000000000e+02
1.740000000000000000e+02
1.720000000000000000e+02
1.890000000000000000e+02
1.680000000000000000e+02
1.620000000000000000e+02
1.870000000000000000e+02
1.880000000000000000e+02
2.110000000000000000e+02
1.820000000000000000e+02
1.950000000000000000e+02
1.910000000000000000e+02
1.920000000000000000e+02
1.750000000000000000e+02
1.910000000000000000e+02
1.860000000000000000e+02
1.600000000000000000e+02
1.830000000000000000e+02
1.800000000000000000e+02
1.500000000000000000e+02
1.810000000000000000e+02
1.780000000000000000e+02
1.640000000000000000e+02
1.610000000000000000e+02
1.340000000000000000e+02
1.680000000000000000e+02
1.570000000000000000e+02
1.470000000000000000e+02
1.620000000000000000e+02
1.350000000000000000e+02
1.400000000000000000e+02
1.290000000000000000e+02
1.140000000000000000e+02
1.160000000000000000e+02
8.800000000000000000e+01
6.200000000000000000e+01
1.000000000000000000e+01
1.460000000000000000e+02
1.350000000000000000e+02
1.530000000000000000e+02
1.730000000000000000e+02
1.740000000000000000e+02
1.730000000000000000e+02
2.140000000000000000e+02
1.640000000000000000e+02
1.730000000000000000e+02
1.630000000000000000e+02
1.900000000000000000e+02
1.990000000000000000e+02
1.850000000000000000e+02
1.650000000000000000e+02
1.380000000000000000e+02
1.310000000000000000e+02
1.930000000000000000e+02
1.970000000000000000e+02
1.840000000000000000e+02
2.040000000000000000e+02
1.740000000000000000e+02
1.930000000000000000e+02
1.810000000000000000e+02
1.840000000000000000e+02
1.720000000000000000e+02
1.960000000000000000e+02
1.720000000000000000e+02
1.850000000000000000e+02
1.510000000000000000e+02
1.500000000000000000e+02
1.680000000000000000e+02
1.570000000000000000e+02
1.650000000000000000e+02
1.540000000000000000e+02
1.340000000000000000e+02
1.150000000000000000e+02
8.400000000000000000e+01
1.330000000000000000e+02
1.580000000000000000e+02
1.630000000000000000e+02
1.810000000000000000e+02
1.830000000000000000e+02
