0.000000000000000000e+00
1.300000000000000000e+02
2.670000000000000000e+02
1.730000000000000000e+02
1.000000000000000000e+00
3.220000000000000000e+02
2.520000000000000000e+02
4.410000000000000000e+02
3.940000000000000000e+02
5.000000000000000000e+01
4.710000000000000000e+02
5.060000000000000000e+02
5.260000000000000000e+02
4.980000000000000000e+02
1.450000000000000000e+02
5.310000000000000000e+02
2.850000000000000000e+02
4.660000000000000000e+02
5.680000000000000000e+02
4.440000000000000000e+02
5.350000000000000000e+02
2.480000000000000000e+02
2.230000000000000000e+02
5.410000000000000000e+02
2.000000000000000000e+00
1.500000000000000000e+01
0.000000000000000000e+00
0.000000000000000000e+00
4.330000000000000000e+02
4.570000000000000000e+02
2.870000000000000000e+02
1.950000000000000000e+02
3.270000000000000000e+02
0.000000000000000000e+00
0.000000000000000000e+00
0.000000000000000000e+00
0.000000000000000000e+00
0.000000000000000000e+00
0.000000000000000000e+00
0.000000000000000000e+00
0.000000000000000000e+00
0.000000000000000000e+00
0.000000000000000000e+00
0.000000000000000000e+00
0.000000000000000000e+00
0.000000000000000000e+00
0.000000000000000000e+00
0.000000000000000000e+00
0.000000000000000000e+00
0.000000000000000000e+00
0.000000000000000000e+00
0.000000000000000000e+00
0.000000000000000000e+00
0.000000000000000000e+00
0.000000000000000000e+00
0.000000000000000000e+00
0.000000000000000000e+00
0.000000000000000000e+00
0.000000000000000000e+00
0.000000000000000000e+00
