1.189700000000000024e+01
1.188899999999999935e+01
1.189000000000000057e+01
1.188499999999999979e+01
1.188899999999999935e+01
1.189300000000000068e+01
1.188100000000000023e+01
1.188400000000000034e+01
1.189600000000000080e+01
1.189300000000000068e+01
1.189600000000000080e+01
1.189400000000000013e+01
1.188799999999999990e+01
1.189000000000000057e+01
1.189700000000000024e+01
1.189300000000000068e+01
1.189199999999999946e+01
1.189199999999999946e+01
1.189600000000000080e+01
1.189199999999999946e+01
1.189300000000000068e+01
1.189300000000000068e+01
1.189400000000000013e+01
1.188899999999999935e+01
1.189300000000000068e+01
1.188899999999999935e+01
1.189400000000000013e+01
1.189300000000000068e+01
1.189300000000000068e+01
1.189300000000000068e+01
1.189199999999999946e+01
1.189300000000000068e+01
1.189000000000000057e+01
1.189300000000000068e+01
1.189300000000000068e+01
1.189000000000000057e+01
1.189300000000000068e+01
1.189199999999999946e+01
1.189199999999999946e+01
1.188799999999999990e+01
1.188599999999999923e+01
1.189300000000000068e+01
1.189199999999999946e+01
1.189199999999999946e+01
1.188899999999999935e+01
1.189300000000000068e+01
1.189300000000000068e+01
1.188799999999999990e+01
1.188599999999999923e+01
1.189199999999999946e+01
1.188799999999999990e+01
1.189199999999999946e+01
1.188499999999999979e+01
1.188799999999999990e+01
1.188799999999999990e+01
1.188499999999999979e+01
1.188400000000000034e+01
1.188400000000000034e+01
1.188599999999999923e+01
1.188899999999999935e+01
1.188799999999999990e+01
1.188799999999999990e+01
1.188799999999999990e+01
1.188599999999999923e+01
1.189199999999999946e+01
1.188899999999999935e+01
1.188400000000000034e+01
1.188299999999999912e+01
1.188799999999999990e+01
1.189000000000000057e+01
1.188799999999999990e+01
1.188599999999999923e+01
1.188799999999999990e+01
1.188799999999999990e+01
1.188599999999999923e+01
1.189300000000000068e+01
1.188799999999999990e+01
1.188400000000000034e+01
1.188599999999999923e+01
1.188499999999999979e+01
1.188400000000000034e+01
1.188799999999999990e+01
1.188400000000000034e+01
1.188599999999999923e+01
1.188499999999999979e+01
1.188899999999999935e+01
