1.697045883092394847e-02
1.092544987146529603e-02
1.651842439644218494e-02
1.661129568106312418e-02
1.741293532338308511e-02
2.010376134889753710e-02
2.224969097651421576e-02
3.163771712158808952e-02
3.553615960099750642e-02
6.510416666666667129e-02
7.460815047021943092e-02
7.794561933534743803e-02
8.430054978619425099e-02
1.328671328671328644e-01
3.602484472049689163e-02
3.004572175048987603e-02
2.714113389626055320e-02
2.508038585209003066e-02
2.020820575627679111e-02
2.126366950182259977e-02
2.288188002473716745e-02
2.198455139631610294e-02
1.549907005579665223e-02
1.571946795646916514e-02
2.343255224825839186e-02
2.128953771289537542e-02
1.467889908256880815e-02
1.964395334561080259e-02
1.585288522511096865e-02
1.907692307692307812e-02
2.063106796116504979e-02
2.343292325717633365e-02
2.090800477897251930e-02
2.396259497369958996e-02
2.554744525547445258e-02
2.496954933008526181e-02
3.075030750307503058e-02
2.886977886977886917e-02
2.762430939226519222e-02
3.387703889585947509e-02
3.767942583732057649e-02
4.364326375711574668e-02
5.073859987154785006e-02
5.088902513795217492e-02
6.578947368421052266e-02
6.740878169449597557e-02
7.192870782940802288e-02
8.892921960072595888e-02
1.053276178812002500e-01
1.215365239294710353e-01
1.166056166056166077e-01
1.143035602748282281e-01
1.090133982947624897e-01
4.309806371018113508e-02
4.131736526946108018e-02
3.744628606507059698e-02
2.799285288862417981e-02
2.884012539184952970e-02
2.804878048780487867e-02
2.012987012987012964e-02
2.418379685610640845e-02
1.886792452830188607e-02
2.440550688360450596e-02
1.414514145141451337e-02
2.293862368257904363e-02
2.457002457002456855e-02
3.982576228998133128e-02
3.235294117647059126e-02
2.935665209244222446e-02
1.645569620253164653e-02
1.278149726110773023e-02
1.801801801801801786e-02
1.418002466091245438e-02
1.906519065190651757e-02
1.507246376811594187e-02
2.520478890989287860e-02
2.204531537048377149e-02
3.459530026109660511e-02
2.993280390959071613e-02
3.155940594059405968e-02
4.377311960542540348e-02
5.253042921204355981e-02
4.009575104727707701e-02
5.272618334331935497e-02
4.568210262828535650e-02
5.233990147783251085e-02
5.107692307692307532e-02
7.789740341988600492e-02
9.023941068139963717e-02
7.007575757575756903e-02
4.827586206896551657e-02
2.904820766378244865e-02
2.822085889570552161e-02
2.318486882245271441e-02
2.551337896701929078e-02
2.099580083983203227e-02
