2.507183074951171875e+00
2.538276672363281250e+00
2.475400447845458984e+00
2.457574605941772461e+00
2.500937700271606445e+00
2.562607765197753906e+00
2.529840707778930664e+00
2.479767560958862305e+00
2.539062500000000000e+00
2.455152273178100586e+00
2.500088691711425781e+00
2.586736440658569336e+00
2.480840206146240234e+00
2.515885353088378906e+00
2.598218441009521484e+00
2.503210067749023438e+00
2.568380594253540039e+00
2.614380121231079102e+00
2.637060165405273438e+00
2.565851688385009766e+00
2.574638128280639648e+00
2.464370012283325195e+00
2.593329191207885742e+00
2.511991500854492188e+00
2.591727733612060547e+00
2.475353002548217773e+00
2.514798641204833984e+00
2.577307462692260742e+00
2.590112209320068359e+00
0.000000000000000000e+00
0.000000000000000000e+00
0.000000000000000000e+00
0.000000000000000000e+00
0.000000000000000000e+00
0.000000000000000000e+00
0.000000000000000000e+00
0.000000000000000000e+00
0.000000000000000000e+00
0.000000000000000000e+00
0.000000000000000000e+00
0.000000000000000000e+00
0.000000000000000000e+00
0.000000000000000000e+00
0.000000000000000000e+00
0.000000000000000000e+00
0.000000000000000000e+00
0.000000000000000000e+00
0.000000000000000000e+00
0.000000000000000000e+00
0.000000000000000000e+00
0.000000000000000000e+00
0.000000000000000000e+00
0.000000000000000000e+00
0.000000000000000000e+00
0.000000000000000000e+00
0.000000000000000000e+00
0.000000000000000000e+00
0.000000000000000000e+00
0.000000000000000000e+00
0.000000000000000000e+00
