2.130000000000000000e+02
2.230000000000000000e+02
2.290000000000000000e+02
2.380000000000000000e+02
2.110000000000000000e+02
2.200000000000000000e+02
2.020000000000000000e+02
2.080000000000000000e+02
1.820000000000000000e+02
1.690000000000000000e+02
1.760000000000000000e+02
1.840000000000000000e+02
1.640000000000000000e+02
1.900000000000000000e+02
2.490000000000000000e+02
2.240000000000000000e+02
2.390000000000000000e+02
2.360000000000000000e+02
2.250000000000000000e+02
2.120000000000000000e+02
2.220000000000000000e+02
2.500000000000000000e+02
2.310000000000000000e+02
2.220000000000000000e+02
2.270000000000000000e+02
2.280000000000000000e+02
2.200000000000000000e+02
2.490000000000000000e+02
2.650000000000000000e+02
2.410000000000000000e+02
2.460000000000000000e+02
2.290000000000000000e+02
2.470000000000000000e+02
2.190000000000000000e+02
2.400000000000000000e+02
2.440000000000000000e+02
2.220000000000000000e+02
2.300000000000000000e+02
2.130000000000000000e+02
1.970000000000000000e+02
2.070000000000000000e+02
2.260000000000000000e+02
2.030000000000000000e+02
2.020000000000000000e+02
1.890000000000000000e+02
1.990000000000000000e+02
1.700000000000000000e+02
1.550000000000000000e+02
1.030000000000000000e+02
8.000000000000000000e+01
5.200000000000000000e+01
1.230000000000000000e+02
1.720000000000000000e+02
1.880000000000000000e+02
2.020000000000000000e+02
1.960000000000000000e+02
2.010000000000000000e+02
2.180000000000000000e+02
2.130000000000000000e+02
2.290000000000000000e+02
2.350000000000000000e+02
2.080000000000000000e+02
2.130000000000000000e+02
2.180000000000000000e+02
2.160000000000000000e+02
1.950000000000000000e+02
2.150000000000000000e+02
2.060000000000000000e+02
2.410000000000000000e+02
2.390000000000000000e+02
2.260000000000000000e+02
2.160000000000000000e+02
2.500000000000000000e+02
2.210000000000000000e+02
2.410000000000000000e+02
2.410000000000000000e+02
2.400000000000000000e+02
2.150000000000000000e+02
2.080000000000000000e+02
2.020000000000000000e+02
1.900000000000000000e+02
2.240000000000000000e+02
2.150000000000000000e+02
2.240000000000000000e+02
1.930000000000000000e+02
1.770000000000000000e+02
1.290000000000000000e+02
1.120000000000000000e+02
1.350000000000000000e+02
1.920000000000000000e+02
1.810000000000000000e+02
2.290000000000000000e+02
2.260000000000000000e+02
2.150000000000000000e+02
1.950000000000000000e+02
2.210000000000000000e+02
