8.857715430861723416e-02
8.854831843337590547e-02
9.137271568210794670e-02
8.275580921320831174e-02
8.360927152317880473e-02
7.996768982229401912e-02
8.620007908264136487e-02
9.007506255212677226e-02
8.668242710795902306e-02
8.257229832572297867e-02
9.553888669561784452e-02
8.379228953579857808e-02
8.570284341209451207e-02
6.629629629629629761e-02
2.445759368836291844e-02
6.846709775580069046e-02
5.816969247869581416e-02
7.612179487179486503e-02
8.038095238095238626e-02
8.404930892790436758e-02
8.538404175988068001e-02
8.582230623818525028e-02
8.448540706605223161e-02
9.191456903127383227e-02
7.781201848998459125e-02
7.428571428571428825e-02
8.295795795795796179e-02
8.009153318077803785e-02
6.888888888888888840e-02
8.355091383812010553e-02
8.127988230967267413e-02
7.187385405207187550e-02
6.988226357766806618e-02
7.317073170731706877e-02
6.305609284332688858e-02
6.679462571976967078e-02
6.494960806270996811e-02
5.399325084364454269e-02
5.877773452705332968e-02
4.838709677419354704e-02
4.165013883379611176e-02
5.896043444530643662e-02
6.893819334389857112e-02
7.094339622641510079e-02
8.555347091932458126e-02
7.614021862042970323e-02
7.214953271028037851e-02
8.978675645342311384e-02
8.413369189396849301e-02
6.608431447018610350e-02
8.393467527535131145e-02
8.892481810832660039e-02
8.051652107861755059e-02
9.243058197033092449e-02
8.318198329095531640e-02
7.940074906367040886e-02
8.535221766679090827e-02
8.276899924755455606e-02
8.679795769511305936e-02
8.842752787389465685e-02
9.262689885142645629e-02
8.160181337363052456e-02
6.822395253985910624e-02
6.586169045005488276e-02
9.372666168782674279e-02
7.652108995893990018e-02
8.171491388787101295e-02
8.231240428790198571e-02
7.668944570994684629e-02
9.210526315789473173e-02
8.216051730696082023e-02
8.389766741911211523e-02
8.305400372439478152e-02
7.342527021990309655e-02
8.305148440435926316e-02
8.080059303187546449e-02
6.123945727906123654e-02
6.768060836501901822e-02
6.904149834741094005e-02
8.020603384841795691e-02
7.992766726943942301e-02
7.555049354593773581e-02
8.280961182994454883e-02
7.160849226340409990e-02
8.381294964028776495e-02
7.802197802197802234e-02
7.609101081685938628e-02
7.858979067205287827e-02
8.795771989429973514e-02
8.246268656716418399e-02
7.223476297968396687e-02
7.489952502740226947e-02
8.395245170876670937e-02
7.856879380302471405e-02
9.303230829116387879e-02
7.674144037780401828e-02
7.539984767707540170e-02
7.858472998137802645e-02
8.202975963372757806e-02
8.695652173913043237e-02
