1.188328912466843496e-01
1.191765980498374899e-01
1.247152619589977224e-01
1.272929405225124988e-01
1.291179596174282795e-01
1.193480546792849567e-01
1.036400404448938328e-01
1.138639957828149751e-01
9.138381201044386282e-02
1.088400613183444082e-01
8.176412289395440514e-02
3.230769230769230810e-02
1.008572869389813380e-02
1.092098641167589396e-01
1.107843137254901911e-01
1.119766309639727425e-01
1.070593735390369394e-01
1.106280193236715004e-01
1.054158607350096644e-01
1.121883656509695265e-01
1.129568106312292403e-01
1.132981277004320719e-01
9.888511875908870263e-02
1.125417262756318593e-01
1.226818830242510650e-01
1.199799196787148525e-01
1.153298528713811166e-01
1.227471992206527057e-01
1.075949367088607639e-01
1.203791469194312735e-01
1.084860173577627818e-01
1.144230769230769190e-01
1.083864639529180940e-01
1.103614457831325335e-01
9.827160493827161170e-02
9.541627689429373060e-02
9.458823529411765352e-02
1.016483516483516480e-01
9.466019417475728115e-02
8.925944090240313378e-02
8.118433619866284590e-02
7.932692307692307265e-02
6.138231029482842105e-02
5.686746987951807331e-02
5.842259006815968964e-02
6.119544592030360525e-02
5.856727976766699234e-02
5.506822612085769675e-02
4.057971014492753326e-02
3.765281173594132308e-02
9.784644194756554614e-02
1.151984511132623373e-01
1.014563106796116526e-01
1.111111111111111049e-01
1.082398829839102822e-01
1.227471992206527057e-01
1.301775147928994070e-01
1.210653753026634388e-01
1.257625527921163722e-01
1.113271754982984862e-01
1.141068849301877658e-01
1.255144032921810815e-01
9.646941819990054179e-02
1.117533718689788097e-01
1.097794822627037453e-01
1.119691119691119674e-01
1.271593090211132482e-01
1.045142296368989226e-01
1.123818995524614589e-01
1.164179104477611887e-01
1.361746361746361822e-01
1.155000000000000054e-01
1.058252427184466077e-01
1.119920713577799848e-01
1.030668677727501203e-01
1.105698977106673170e-01
9.901477832512314836e-02
9.783156833081189940e-02
9.979838709677418818e-02
9.121459433509361558e-02
9.433962264150944077e-02
7.279297883324728491e-02
8.589870903674280689e-02
7.871287128712871339e-02
7.861328125000000000e-02
8.171206225680933966e-02
8.935950413223139877e-02
1.161195492405683455e-01
1.083123425692695263e-01
1.186011150532184505e-01
1.320843091334894526e-01
1.118546845124283040e-01
1.106833493743984570e-01
1.090047393364928924e-01
1.061739943872778286e-01
1.117953576504026464e-01
