2.040000000000000000e+02
2.220000000000000000e+02
2.010000000000000000e+02
2.120000000000000000e+02
1.880000000000000000e+02
1.970000000000000000e+02
1.960000000000000000e+02
1.790000000000000000e+02
1.840000000000000000e+02
1.410000000000000000e+02
7.600000000000000000e+01
1.750000000000000000e+02
2.090000000000000000e+02
1.900000000000000000e+02
2.240000000000000000e+02
2.120000000000000000e+02
2.090000000000000000e+02
2.350000000000000000e+02
1.960000000000000000e+02
1.960000000000000000e+02
2.090000000000000000e+02
1.910000000000000000e+02
2.070000000000000000e+02
2.110000000000000000e+02
2.080000000000000000e+02
2.240000000000000000e+02
1.950000000000000000e+02
2.010000000000000000e+02
2.090000000000000000e+02
1.790000000000000000e+02
1.860000000000000000e+02
1.820000000000000000e+02
1.980000000000000000e+02
1.640000000000000000e+02
1.740000000000000000e+02
1.340000000000000000e+02
1.430000000000000000e+02
1.520000000000000000e+02
1.250000000000000000e+02
1.290000000000000000e+02
1.410000000000000000e+02
1.520000000000000000e+02
1.680000000000000000e+02
1.740000000000000000e+02
1.790000000000000000e+02
1.280000000000000000e+02
7.700000000000000000e+01
1.800000000000000000e+02
1.820000000000000000e+02
2.290000000000000000e+02
2.130000000000000000e+02
2.090000000000000000e+02
1.950000000000000000e+02
2.180000000000000000e+02
2.050000000000000000e+02
2.160000000000000000e+02
1.870000000000000000e+02
2.100000000000000000e+02
2.120000000000000000e+02
1.860000000000000000e+02
1.890000000000000000e+02
2.200000000000000000e+02
2.280000000000000000e+02
2.000000000000000000e+02
2.050000000000000000e+02
2.180000000000000000e+02
1.860000000000000000e+02
2.070000000000000000e+02
2.480000000000000000e+02
2.280000000000000000e+02
2.080000000000000000e+02
2.180000000000000000e+02
1.970000000000000000e+02
1.800000000000000000e+02
1.870000000000000000e+02
1.700000000000000000e+02
1.610000000000000000e+02
1.560000000000000000e+02
1.860000000000000000e+02
1.650000000000000000e+02
1.770000000000000000e+02
1.730000000000000000e+02
2.020000000000000000e+02
2.030000000000000000e+02
2.080000000000000000e+02
2.030000000000000000e+02
