2.520000000000000000e+02
2.750000000000000000e+02
2.960000000000000000e+02
2.720000000000000000e+02
2.740000000000000000e+02
2.890000000000000000e+02
2.600000000000000000e+02
2.270000000000000000e+02
2.380000000000000000e+02
1.790000000000000000e+02
1.540000000000000000e+02
5.200000000000000000e+01
1.290000000000000000e+02
2.590000000000000000e+02
2.720000000000000000e+02
2.910000000000000000e+02
2.820000000000000000e+02
2.610000000000000000e+02
2.880000000000000000e+02
2.700000000000000000e+02
2.710000000000000000e+02
2.940000000000000000e+02
2.700000000000000000e+02
2.790000000000000000e+02
2.600000000000000000e+02
2.960000000000000000e+02
2.790000000000000000e+02
2.650000000000000000e+02
2.740000000000000000e+02
2.850000000000000000e+02
2.910000000000000000e+02
2.830000000000000000e+02
2.620000000000000000e+02
2.740000000000000000e+02
2.770000000000000000e+02
2.470000000000000000e+02
2.420000000000000000e+02
2.740000000000000000e+02
2.240000000000000000e+02
2.400000000000000000e+02
2.100000000000000000e+02
2.080000000000000000e+02
1.700000000000000000e+02
1.730000000000000000e+02
1.500000000000000000e+02
9.100000000000000000e+01
5.200000000000000000e+01
6.400000000000000000e+01
2.300000000000000000e+01
9.500000000000000000e+01
2.520000000000000000e+02
2.710000000000000000e+02
2.650000000000000000e+02
2.600000000000000000e+02
2.700000000000000000e+02
2.590000000000000000e+02
2.790000000000000000e+02
2.500000000000000000e+02
3.160000000000000000e+02
2.640000000000000000e+02
2.720000000000000000e+02
2.440000000000000000e+02
2.650000000000000000e+02
3.140000000000000000e+02
2.670000000000000000e+02
2.920000000000000000e+02
2.770000000000000000e+02
2.980000000000000000e+02
3.030000000000000000e+02
2.900000000000000000e+02
3.000000000000000000e+02
2.970000000000000000e+02
2.750000000000000000e+02
2.660000000000000000e+02
2.820000000000000000e+02
2.800000000000000000e+02
2.400000000000000000e+02
2.360000000000000000e+02
2.120000000000000000e+02
2.190000000000000000e+02
2.490000000000000000e+02
2.020000000000000000e+02
1.980000000000000000e+02
1.620000000000000000e+02
1.270000000000000000e+02
2.020000000000000000e+02
2.900000000000000000e+02
2.850000000000000000e+02
2.670000000000000000e+02
2.590000000000000000e+02
2.650000000000000000e+02
2.680000000000000000e+02
2.830000000000000000e+02
2.750000000000000000e+02
2.820000000000000000e+02
2.730000000000000000e+02
