8.057296329453894970e-03
6.415257910706545497e-02
5.879608026131591392e-02
5.142405063291139583e-02
1.195335276967929988e-01
4.759638267491670478e-04
1.969770843490979972e-01
1.455424274973147192e-01
7.747105966162065593e-02
1.178529754959159875e-01
2.303811659192825101e-01
2.362478286045165132e-01
2.129681386249301367e-01
6.583278472679394977e-02
2.201689545934530090e-01
2.071038251366120186e-01
1.835511982570806055e-01
2.078265468006345873e-01
1.530612244897959218e-01
2.389896373056994705e-01
1.287128712871287162e-01
3.598400710795202073e-02
2.151898734177215278e-01
4.391424619640386939e-02
1.262095077829196400e-03
1.174107142857142849e-01
6.185567010309278579e-02
1.649076517150395715e-01
1.725352112676056260e-01
5.052264808362369464e-02
2.054223149113660052e-01
2.368421052631579024e-02
5.280419809773696099e-02
2.167761495704901564e-01
4.923682914820285902e-04
2.043180621379673545e-01
8.435852372583480321e-03
9.859154929577464144e-02
5.365126676602086780e-02
2.408809359944941511e-03
0.000000000000000000e+00
0.000000000000000000e+00
0.000000000000000000e+00
0.000000000000000000e+00
0.000000000000000000e+00
0.000000000000000000e+00
0.000000000000000000e+00
0.000000000000000000e+00
0.000000000000000000e+00
0.000000000000000000e+00
0.000000000000000000e+00
0.000000000000000000e+00
0.000000000000000000e+00
0.000000000000000000e+00
0.000000000000000000e+00
0.000000000000000000e+00
0.000000000000000000e+00
0.000000000000000000e+00
0.000000000000000000e+00
0.000000000000000000e+00
