1.078553615960099743e-01
8.528645833333332871e-02
1.033310673011556824e-01
1.104377104377104318e-01
8.675184936112978473e-02
1.074328544659587797e-01
9.401197604790419160e-02
8.479709267110842330e-02
7.363861386138613463e-02
6.993006993006993521e-02
6.662700773349196359e-02
5.979498861047836261e-02
5.453501722158438786e-02
7.893242475865985819e-02
9.070034443168771554e-02
9.738041002277904312e-02
8.413871517907901831e-02
9.782608695652174335e-02
1.068883610451306365e-01
1.063464837049742651e-01
9.537572254335259514e-02
8.561835478455512294e-02
9.486873508353221851e-02
9.760479041916167442e-02
9.157303370786516739e-02
9.546539379474940079e-02
9.101585437463299844e-02
9.879379666858127684e-02
9.100937672366243847e-02
8.800448430493273966e-02
8.574549426542872610e-02
8.640552995391705127e-02
8.990075890251021662e-02
7.992788461538460898e-02
9.002293577981651529e-02
8.514285714285714513e-02
9.012629161882892981e-02
8.370535714285713691e-02
8.249852681202121674e-02
8.677184466019417786e-02
8.412887828162290971e-02
7.346241457858769530e-02
6.756756756756757132e-02
7.279909706546275339e-02
6.963470319634702810e-02
7.101947308132874892e-02
4.880817253121452759e-02
4.894706886738759560e-02
3.126744835287548901e-02
1.477832512315270866e-02
6.347374495095210734e-03
6.355241716458447099e-02
8.422301304863583082e-02
7.920792079207920888e-02
7.870619946091644836e-02
8.903728436282692948e-02
8.449916060436485354e-02
9.066232356134636128e-02
8.735756918068367238e-02
8.737316798196166634e-02
9.518348623853210844e-02
8.909853249475890857e-02
8.511837655016911419e-02
8.871915393654523918e-02
9.922394678492239828e-02
8.238482384823848925e-02
7.186629526462395834e-02
5.311250713877783969e-02
8.709677419354838745e-02
7.773459189339256004e-02
8.306364617044229015e-02
1.157894736842105254e-01
1.089164785553047438e-01
9.020044543429843464e-02
8.169934640522875935e-02
9.136490250696378823e-02
9.160724081184859480e-02
9.620826259196378627e-02
7.295666483817882242e-02
8.424507658643326513e-02
8.116113744075829917e-02
7.704654895666131209e-02
8.294930875576037033e-02
6.455026455026455223e-02
6.983744732089103291e-02
4.883588869960250184e-02
2.228260869565217364e-02
3.648424543946932053e-02
7.969843834141088212e-02
7.901907356948228989e-02
8.993212669683257887e-02
9.331860850358918158e-02
7.904919845218352781e-02
9.185347184253690733e-02
8.066239316239316726e-02
9.918793503480279050e-02
