8.099352051835853952e-03
1.322599194939620519e-02
9.302325581395348708e-03
1.151410477835348306e-02
1.295896328293736494e-02
2.150537634408602322e-02
2.782236490101658646e-02
4.994511525795828494e-02
4.878048780487805047e-02
5.704189803129732644e-02
4.285002491280517911e-02
4.442298406566876079e-02
6.042884990253410971e-02
3.852080123266563710e-02
1.874691662555500599e-02
1.993024414549078235e-02
1.233299075025693671e-02
1.681957186544342370e-02
2.056432329029172709e-02
1.852731591448930973e-02
1.609756097560975652e-02
1.605839416058394212e-02
1.585728444003964288e-02
1.470588235294117627e-02
1.579215486500254798e-02
1.264591439688715971e-02
1.174168297455968624e-02
2.641509433962264258e-02
1.430549146285186972e-02
1.547116736990154784e-02
2.192164179104477695e-02
1.419110690633869527e-02
1.694915254237288130e-02
1.383587786259542034e-02
2.303921568627451122e-02
1.380952380952380973e-02
1.897435897435897564e-02
3.333333333333333287e-02
2.939711011459890388e-02
2.407221664994984786e-02
2.951475737868934635e-02
3.767972235994050678e-02
3.619441571871768321e-02
4.769230769230769357e-02
4.801239029426948579e-02
4.452226113056528128e-02
5.145530145530145816e-02
5.725971370143149303e-02
7.104984093319194338e-02
8.416833667334669422e-02
1.126543209876543217e-01
6.494165398274986956e-02
4.736275565123788944e-02
4.155567394778902218e-02
3.380876914949815237e-02
3.701825557809330924e-02
2.412868632707774671e-02
1.840168243953732921e-02
1.977107180020811622e-02
1.665799062988027046e-02
2.144351464435146487e-02
1.763085399449035653e-02
1.747173689619732628e-02
1.807851239669421364e-02
1.469098277608915822e-02
3.197524497163486273e-02
2.388059701492537337e-02
2.109492717227523864e-02
2.329192546583850817e-02
1.750875437718859423e-02
1.689189189189189283e-02
1.097256857855361672e-02
1.579215486500254798e-02
1.509250243427458574e-02
1.987083954297069049e-02
2.040816326530612082e-02
2.064330292846855430e-02
2.945581627558661875e-02
2.229930624380574780e-02
2.461389961389961328e-02
2.754677754677754831e-02
3.206412825651302340e-02
2.658486707566462201e-02
2.991662579695929247e-02
3.585461689587426254e-02
5.025641025641025550e-02
7.238883143743536641e-02
8.168442415017757030e-02
5.527123848515864968e-02
2.279792746113989618e-02
2.126556016597510451e-02
2.239920358387257476e-02
1.894521249359959122e-02
1.689545934530094912e-02
1.489470980996404799e-02
2.204724409448818867e-02
