1.519000000000000000e+03
1.417000000000000000e+03
1.444000000000000000e+03
1.336000000000000000e+03
1.478000000000000000e+03
1.425000000000000000e+03
1.453000000000000000e+03
1.460000000000000000e+03
1.538000000000000000e+03
1.538000000000000000e+03
1.582000000000000000e+03
1.539000000000000000e+03
1.581000000000000000e+03
1.582000000000000000e+03
1.477000000000000000e+03
1.453000000000000000e+03
1.530000000000000000e+03
1.599000000000000000e+03
1.566000000000000000e+03
1.558000000000000000e+03
1.605000000000000000e+03
1.536000000000000000e+03
1.571000000000000000e+03
1.584000000000000000e+03
1.521000000000000000e+03
1.594000000000000000e+03
1.585000000000000000e+03
1.554000000000000000e+03
1.637000000000000000e+03
1.574000000000000000e+03
1.528000000000000000e+03
1.560000000000000000e+03
1.551000000000000000e+03
1.585000000000000000e+03
1.617000000000000000e+03
1.649000000000000000e+03
1.562000000000000000e+03
1.603000000000000000e+03
1.552000000000000000e+03
1.493000000000000000e+03
1.566000000000000000e+03
1.578000000000000000e+03
1.526000000000000000e+03
1.562000000000000000e+03
1.549000000000000000e+03
1.532000000000000000e+03
1.536000000000000000e+03
1.636000000000000000e+03
1.523000000000000000e+03
1.549000000000000000e+03
1.520000000000000000e+03
1.508000000000000000e+03
1.658000000000000000e+03
1.601000000000000000e+03
1.518000000000000000e+03
1.564000000000000000e+03
1.611000000000000000e+03
1.555000000000000000e+03
1.587000000000000000e+03
1.577000000000000000e+03
1.570000000000000000e+03
1.604000000000000000e+03
1.553000000000000000e+03
1.575000000000000000e+03
1.516000000000000000e+03
1.485000000000000000e+03
1.521000000000000000e+03
1.598000000000000000e+03
1.541000000000000000e+03
1.564000000000000000e+03
1.568000000000000000e+03
1.631000000000000000e+03
1.640000000000000000e+03
1.547000000000000000e+03
1.598000000000000000e+03
1.612000000000000000e+03
1.680000000000000000e+03
1.609000000000000000e+03
1.563000000000000000e+03
1.596000000000000000e+03
1.535000000000000000e+03
1.544000000000000000e+03
1.594000000000000000e+03
1.571000000000000000e+03
1.527000000000000000e+03
1.591000000000000000e+03
1.579000000000000000e+03
1.605000000000000000e+03
1.606000000000000000e+03
1.518000000000000000e+03
1.616000000000000000e+03
1.566000000000000000e+03
1.572000000000000000e+03
1.537000000000000000e+03
1.580000000000000000e+03
1.574000000000000000e+03
