2.480000000000000000e+02
2.360000000000000000e+02
2.340000000000000000e+02
2.420000000000000000e+02
2.500000000000000000e+02
2.700000000000000000e+02
1.980000000000000000e+02
2.260000000000000000e+02
2.010000000000000000e+02
1.730000000000000000e+02
7.000000000000000000e+01
1.920000000000000000e+02
2.130000000000000000e+02
1.990000000000000000e+02
2.350000000000000000e+02
2.430000000000000000e+02
2.280000000000000000e+02
2.340000000000000000e+02
2.400000000000000000e+02
2.440000000000000000e+02
2.450000000000000000e+02
2.370000000000000000e+02
2.630000000000000000e+02
2.070000000000000000e+02
2.230000000000000000e+02
2.460000000000000000e+02
2.340000000000000000e+02
2.510000000000000000e+02
2.330000000000000000e+02
2.370000000000000000e+02
2.290000000000000000e+02
2.660000000000000000e+02
2.150000000000000000e+02
2.180000000000000000e+02
2.020000000000000000e+02
2.060000000000000000e+02
2.020000000000000000e+02
1.840000000000000000e+02
1.590000000000000000e+02
1.410000000000000000e+02
1.620000000000000000e+02
1.700000000000000000e+02
1.760000000000000000e+02
1.800000000000000000e+02
1.690000000000000000e+02
1.610000000000000000e+02
9.400000000000000000e+01
2.140000000000000000e+02
2.420000000000000000e+02
2.360000000000000000e+02
2.190000000000000000e+02
2.700000000000000000e+02
2.450000000000000000e+02
2.240000000000000000e+02
2.290000000000000000e+02
2.450000000000000000e+02
2.620000000000000000e+02
2.630000000000000000e+02
2.450000000000000000e+02
2.460000000000000000e+02
2.260000000000000000e+02
2.160000000000000000e+02
2.500000000000000000e+02
2.380000000000000000e+02
2.330000000000000000e+02
2.170000000000000000e+02
2.410000000000000000e+02
2.330000000000000000e+02
2.330000000000000000e+02
2.560000000000000000e+02
2.360000000000000000e+02
2.450000000000000000e+02
2.170000000000000000e+02
2.270000000000000000e+02
2.010000000000000000e+02
1.940000000000000000e+02
1.770000000000000000e+02
1.440000000000000000e+02
1.710000000000000000e+02
1.960000000000000000e+02
1.840000000000000000e+02
1.790000000000000000e+02
2.250000000000000000e+02
2.470000000000000000e+02
2.170000000000000000e+02
2.600000000000000000e+02
