2.022019386291503906e+00
1.813616275787353516e+00
1.904564619064331055e+00
1.844948530197143555e+00
1.853524684906005859e+00
1.866726160049438477e+00
1.813415527343750000e+00
1.929283618927001953e+00
1.792186260223388672e+00
1.752714872360229492e+00
1.756999015808105469e+00
1.929765939712524414e+00
1.816339254379272461e+00
1.833809137344360352e+00
1.758009672164916992e+00
1.903383970260620117e+00
1.804581642150878906e+00
1.770763635635375977e+00
1.723935127258300781e+00
1.859021186828613281e+00
1.836678981781005859e+00
1.861621379852294922e+00
1.769231319427490234e+00
1.800680160522460938e+00
1.816202640533447266e+00
2.106645345687866211e+00
1.800683259963989258e+00
1.869651556015014648e+00
1.822552680969238281e+00
1.799364089965820312e+00
1.906411409378051758e+00
1.714911699295043945e+00
1.811483383178710938e+00
1.842221021652221680e+00
1.785402536392211914e+00
1.834685802459716797e+00
1.861957073211669922e+00
1.802364587783813477e+00
1.798742294311523438e+00
1.800571203231811523e+00
1.963028669357299805e+00
1.885657548904418945e+00
1.828626871109008789e+00
1.722106933593750000e+00
1.816010951995849609e+00
1.914852857589721680e+00
1.807039976119995117e+00
1.749418258666992188e+00
1.753617286682128906e+00
1.921686410903930664e+00
1.819945335388183594e+00
1.769554376602172852e+00
1.789659261703491211e+00
1.820638656616210938e+00
1.794015645980834961e+00
1.771167039871215820e+00
1.758764505386352539e+00
1.743761301040649414e+00
1.770495653152465820e+00
1.869106054306030273e+00
1.808298110961914062e+00
1.846761703491210938e+00
1.840668678283691406e+00
1.757156610488891602e+00
1.970642089843750000e+00
1.762009143829345703e+00
1.850859880447387695e+00
1.783581495285034180e+00
1.870738267898559570e+00
1.838590860366821289e+00
1.852303981781005859e+00
1.852035284042358398e+00
1.790723800659179688e+00
1.807333946228027344e+00
1.871187686920166016e+00
1.789648056030273438e+00
1.831532478332519531e+00
1.831261396408081055e+00
1.708609819412231445e+00
2.067282915115356445e+00
1.829790830612182617e+00
1.806470394134521484e+00
1.763000488281250000e+00
1.835051536560058594e+00
1.817184209823608398e+00
1.703374862670898438e+00
1.778921127319335938e+00
1.894815444946289062e+00
1.816829442977905273e+00
2.023973226547241211e+00
1.837838411331176758e+00
1.804112195968627930e+00
1.839138031005859375e+00
1.776498794555664062e+00
1.906150579452514648e+00
1.817670822143554688e+00
