1.783206855227059129e-01,4.202627701365310026e-02,1.959218192211051590e-01
-2.017463502650407858e-01,1.291490350863523651e-01,5.423596929301666147e-02
-1.731564265088286758e-02,3.303632082822977999e-03,-6.049043437461469608e-02
1.111729512000705911e-01,1.709231628968072361e-02,-3.497795695230991597e-02
3.008742465202718375e-03,1.406653252780017127e-01,1.486361726155936980e-01
-1.303257174163123533e-01,8.010403361242993125e-02,1.366062076012559690e-01
-8.132548348210780209e-02,5.026116924591819690e-02,-4.142896904270457203e-03
-2.779524940501600927e-01,1.098432150589298550e-01,-9.259595616891959369e-02
1.999228076635676810e-01,9.222270252695397019e-02,1.034974525425419456e-01
2.629528186295143066e-01,6.614353420146946994e-02,3.953597027476918324e-02
-1.628249742310073356e-01,4.104751801229021557e-02,3.472966364174662202e-02
-1.567515447173675747e-01,6.858528300166387426e-02,2.985398676283673725e-02
-2.371214949322354992e-01,4.381074821229710703e-02,-8.068774880392010074e-03
-2.907470684798958427e-01,6.564602170217580246e-02,9.204806850793678663e-02
-1.273633266911394224e-01,6.093173200721369032e-02,2.241361223419681414e-02
-2.231985288744078588e-01,2.226047515695042753e-03,-1.874352243945741348e-02
1.975856017416183774e-01,1.489651583800988000e-01,-9.357922374219652950e-02
-1.507058078696398296e-01,4.097990751276983580e-04,1.529797827619792383e-01
-7.989945234341558344e-02,7.445760084692819303e-02,3.837636994414922453e-02
-1.584472002534902391e-01,5.268782817228751664e-02,1.215913099111877449e-02
-2.664984670393879540e-01,1.203088411042643399e-02,-9.132458302320896337e-02
-9.846634036888021746e-02,6.939485974772999742e-03,3.636366001346919008e-02
-2.650208715911903101e-01,1.415600631413054256e-01,1.904496183955245725e-01
-1.683334419604723131e-01,5.698177879811991420e-02,-1.468859425653265549e-03
-2.938907165154087120e-01,1.436590572782797713e-03,3.126152769977497137e-02
-1.685844160342566400e-01,6.164987764387584723e-02,8.331479460686991301e-03
-1.287078624436643892e-02,7.220213947944854882e-02,-9.879522169484668270e-02
2.773348393536942402e-01,1.463603291770884662e-01,1.907188885652405796e-01
-1.714728759199022623e-01,4.281265588005973843e-02,2.855969965832719226e-03
-1.741044203553546998e-01,3.884129638816651020e-02,1.922953621205994446e-03
-1.718980775074522571e-01,4.508683711699422447e-02,1.966400514484513418e-01
-1.665472104526222186e-01,5.043978367904038834e-02,2.306392572889726100e-02
2.937850437752347887e-01,8.776639716440690769e-03,1.151746778101801483e-01
-2.899855964854934354e-01,6.221571339704495829e-03,1.956013346703350531e-01
0.000000000000000000e+00,0.000000000000000000e+00,0.000000000000000000e+00
0.000000000000000000e+00,0.000000000000000000e+00,0.000000000000000000e+00
0.000000000000000000e+00,0.000000000000000000e+00,0.000000000000000000e+00
0.000000000000000000e+00,0.000000000000000000e+00,0.000000000000000000e+00
0.000000000000000000e+00,0.000000000000000000e+00,0.000000000000000000e+00
0.000000000000000000e+00,0.000000000000000000e+00,0.000000000000000000e+00
0.000000000000000000e+00,0.000000000000000000e+00,0.000000000000000000e+00
0.000000000000000000e+00,0.000000000000000000e+00,0.000000000000000000e+00
0.000000000000000000e+00,0.000000000000000000e+00,0.000000000000000000e+00
0.000000000000000000e+00,0.000000000000000000e+00,0.000000000000000000e+00
0.000000000000000000e+00,0.000000000000000000e+00,0.000000000000000000e+00
0.000000000000000000e+00,0.000000000000000000e+00,0.000000000000000000e+00
0.000000000000000000e+00,0.000000000000000000e+00,0.000000000000000000e+00
0.000000000000000000e+00,0.000000000000000000e+00,0.000000000000000000e+00
0.000000000000000000e+00,0.000000000000000000e+00,0.000000000000000000e+00
0.000000000000000000e+00,0.000000000000000000e+00,0.000000000000000000e+00
0.000000000000000000e+00,0.000000000000000000e+00,0.000000000000000000e+00
0.000000000000000000e+00,0.000000000000000000e+00,0.000000000000000000e+00
0.000000000000000000e+00,0.000000000000000000e+00,0.000000000000000000e+00
0.000000000000000000e+00,0.000000000000000000e+00,0.000000000000000000e+00
0.000000000000000000e+00,0.000000000000000000e+00,0.000000000000000000e+00
0.000000000000000000e+00,0.000000000000000000e+00,0.000000000000000000e+00
0.000000000000000000e+00,0.000000000000000000e+00,0.000000000000000000e+00
0.000000000000000000e+00,0.000000000000000000e+00,0.000000000000000000e+00
0.000000000000000000e+00,0.000000000000000000e+00,0.000000000000000000e+00
0.000000000000000000e+00,0.000000000000000000e+00,0.000000000000000000e+00
