8.955223880597014408e-02
1.001353179972936380e-01
9.211732355637029801e-02
9.485458612975392056e-02
8.340727595385979964e-02
8.502373759171341638e-02
8.585194918966272681e-02
7.785993910395824780e-02
7.941303409581355888e-02
6.300268096514745342e-02
3.282937365010799025e-02
7.264425072644251080e-02
9.039792387543252317e-02
8.478357875948237810e-02
9.756097560975610095e-02
8.814968814968815458e-02
8.647083160943318247e-02
9.836751778987024020e-02
8.503253796095444628e-02
8.277027027027027140e-02
8.889834113143343930e-02
7.776872964169381786e-02
8.808510638297872841e-02
8.865546218487395380e-02
8.858603066439522944e-02
9.743366681165724352e-02
8.358336905272181760e-02
8.371511870054143545e-02
8.781512605042016140e-02
7.659392383397518878e-02
7.908163265306122902e-02
7.865168539325842478e-02
8.418367346938775142e-02
7.102641836292766797e-02
7.471017604121940603e-02
5.778352738249245557e-02
5.975762641036356376e-02
6.462585034013605678e-02
5.133470225872689696e-02
5.515177426250534448e-02
6.111833550065019771e-02
6.370494551550712203e-02
7.017543859649122417e-02
7.435897435897435848e-02
8.088567555354722605e-02
5.218100285364859342e-02
3.425266903914590821e-02
7.922535211267606181e-02
7.702073635209479019e-02
1.005709266578831834e-01
8.845514950166112611e-02
9.284762327854287345e-02
8.193277310924369783e-02
9.167367535744322393e-02
9.221772379667116104e-02
8.988764044943819975e-02
8.237885462555065430e-02
9.090909090909091161e-02
9.189423493714780899e-02
7.931769722814499546e-02
7.978049810046433654e-02
9.615384615384615918e-02
9.476309226932667917e-02
8.442380751371886261e-02
8.602601762484263226e-02
9.356223175965665273e-02
7.958921694480103337e-02
8.907056798623064209e-02
1.051738761662425747e-01
9.743589743589743668e-02
8.444985789687373123e-02
9.356223175965665273e-02
8.621444201312909728e-02
7.880910683012258555e-02
8.431018935978358553e-02
7.112970711297071646e-02
6.927710843373494076e-02
6.464981351015333666e-02
7.792207792207792028e-02
7.027257240204429212e-02
7.378074197582326632e-02
7.604395604395604302e-02
9.046126287505597274e-02
8.605341246290801327e-02
8.356769787063077215e-02
8.757549611734254114e-02
