1.220500000000000007e+01
1.220599999999999952e+01
1.220400000000000063e+01
1.219699999999999918e+01
1.220100000000000051e+01
1.219800000000000040e+01
1.219699999999999918e+01
1.220100000000000051e+01
1.218900000000000006e+01
1.219500000000000028e+01
1.219100000000000072e+01
1.218399999999999928e+01
1.218299999999999983e+01
1.218099999999999916e+01
1.218299999999999983e+01
1.217800000000000082e+01
1.217800000000000082e+01
1.217800000000000082e+01
1.217200000000000060e+01
1.217399999999999949e+01
1.217200000000000060e+01
1.216699999999999982e+01
1.217099999999999937e+01
1.216999999999999993e+01
1.216799999999999926e+01
1.216999999999999993e+01
1.216300000000000026e+01
1.215700000000000003e+01
1.215700000000000003e+01
1.215399999999999991e+01
1.215799999999999947e+01
1.215700000000000003e+01
1.215700000000000003e+01
1.215000000000000036e+01
1.215399999999999991e+01
0.000000000000000000e+00
0.000000000000000000e+00
0.000000000000000000e+00
0.000000000000000000e+00
0.000000000000000000e+00
0.000000000000000000e+00
0.000000000000000000e+00
0.000000000000000000e+00
0.000000000000000000e+00
0.000000000000000000e+00
0.000000000000000000e+00
0.000000000000000000e+00
0.000000000000000000e+00
0.000000000000000000e+00
0.000000000000000000e+00
0.000000000000000000e+00
0.000000000000000000e+00
0.000000000000000000e+00
0.000000000000000000e+00
0.000000000000000000e+00
0.000000000000000000e+00
0.000000000000000000e+00
0.000000000000000000e+00
0.000000000000000000e+00
0.000000000000000000e+00
