9.345794392523363789e-03
1.247311827956989333e-02
7.725321888412016967e-03
1.282599401453612606e-02
1.478040540540540536e-02
1.715686274509804071e-02
1.991869918699187142e-02
2.951735141603510290e-02
3.009353395689304614e-02
4.194433555468443653e-02
8.110333470564018432e-02
3.670086819258090022e-02
1.742574257425742734e-02
1.820340324495449066e-02
1.774659513000412595e-02
1.346389228886168965e-02
1.433994095318430993e-02
1.264789881680946498e-02
1.554404145077720178e-02
1.636073423782920949e-02
1.688260698861405659e-02
1.375404530744336537e-02
2.163265306122448897e-02
1.332794830371566985e-02
1.818181818181818094e-02
1.838529176658672964e-02
1.778656126482213579e-02
1.618634030793525413e-02
2.077823951643369832e-02
2.130131680867544675e-02
2.082482645977950034e-02
2.464646464646464558e-02
2.354349561053471762e-02
2.362835402482979519e-02
3.178206583427922727e-02
3.470031545741324858e-02
3.716744913928012733e-02
5.039062500000000139e-02
5.428460643660333595e-02
5.199698568198944659e-02
5.612037413582757206e-02
3.967951163677985171e-02
3.473762010347376111e-02
3.696572968810165477e-02
3.387096774193548709e-02
5.310778914240755350e-02
6.703039750584567635e-02
1.955521472392638196e-02
1.817463453180561198e-02
1.772351319417093257e-02
1.391650099403578603e-02
1.383946223803875046e-02
1.272657153875819507e-02
1.474103585657370562e-02
1.291079812206572842e-02
1.322115384615384602e-02
1.058408467267738136e-02
1.650943396226415075e-02
1.470003972983710723e-02
2.193857199840446720e-02
2.341269841269841279e-02
2.194229987809833554e-02
1.067746686303387357e-02
8.980866848887153822e-03
1.503164556962025347e-02
1.342281879194630843e-02
1.299228583028826621e-02
1.290322580645161289e-02
1.568012544100352845e-02
8.527131782945736316e-03
1.538461538461538547e-02
1.310563939634630699e-02
2.084122773777946289e-02
2.205592753052382921e-02
3.389154704944178503e-02
3.966346153846153633e-02
3.843008994276369411e-02
4.927975739196360783e-02
3.412698412698412370e-02
3.132075471698113345e-02
3.767535070140280717e-02
3.335980937251786793e-02
1.915559030492572368e-02
1.462865716429107357e-02
1.845308205732234044e-02
1.498127340823970054e-02
