7.922000000000000000e+03
8.466000000000000000e+03
8.543000000000000000e+03
8.763000000000000000e+03
8.847000000000000000e+03
8.807000000000000000e+03
8.959000000000000000e+03
8.767000000000000000e+03
9.086000000000000000e+03
8.779000000000000000e+03
8.850000000000000000e+03
8.838000000000000000e+03
9.006000000000000000e+03
9.137000000000000000e+03
8.961000000000000000e+03
9.029000000000000000e+03
9.155000000000000000e+03
9.049000000000000000e+03
8.772000000000000000e+03
8.951000000000000000e+03
8.804000000000000000e+03
8.836000000000000000e+03
8.891000000000000000e+03
8.888000000000000000e+03
8.801000000000000000e+03
9.009000000000000000e+03
8.834000000000000000e+03
9.138000000000000000e+03
9.021000000000000000e+03
9.240000000000000000e+03
9.081000000000000000e+03
9.305000000000000000e+03
9.111000000000000000e+03
9.050000000000000000e+03
9.190000000000000000e+03
9.246000000000000000e+03
9.210000000000000000e+03
8.893000000000000000e+03
8.879000000000000000e+03
8.993000000000000000e+03
9.003000000000000000e+03
8.764000000000000000e+03
8.875000000000000000e+03
8.949000000000000000e+03
8.929000000000000000e+03
8.705000000000000000e+03
8.856000000000000000e+03
8.883000000000000000e+03
8.871000000000000000e+03
8.746000000000000000e+03
8.881000000000000000e+03
8.757000000000000000e+03
8.807000000000000000e+03
8.956000000000000000e+03
8.982000000000000000e+03
9.128000000000000000e+03
8.919000000000000000e+03
9.039000000000000000e+03
8.849000000000000000e+03
9.115000000000000000e+03
8.709000000000000000e+03
