1.090000000000000000e+02
1.092000000000000028e+02
1.094000000000000057e+02
1.095999999999999943e+02
1.097999999999999972e+02
1.100000000000000000e+02
1.102000000000000028e+02
1.104000000000000057e+02
1.105999999999999943e+02
1.107999999999999972e+02
1.110000000000000000e+02
1.112000000000000028e+02
1.114000000000000057e+02
1.115999999999999943e+02
1.117999999999999972e+02
1.120000000000000000e+02
1.122000000000000028e+02
1.124000000000000057e+02
1.125999999999999943e+02
1.127999999999999972e+02
1.130000000000000000e+02
1.132000000000000028e+02
1.134000000000000057e+02
1.135999999999999943e+02
1.137999999999999972e+02
1.140000000000000000e+02
1.142000000000000028e+02
1.144000000000000057e+02
1.145999999999999943e+02
1.147999999999999972e+02
1.150000000000000000e+02
1.152000000000000028e+02
1.154000000000000057e+02
1.155999999999999943e+02
1.157999999999999972e+02
1.160000000000000000e+02
1.162000000000000028e+02
1.164000000000000057e+02
1.165999999999999943e+02
1.167999999999999972e+02
1.170000000000000000e+02
1.172000000000000028e+02
1.174000000000000057e+02
1.175999999999999943e+02
1.177999999999999972e+02
1.180000000000000000e+02
1.182000000000000028e+02
1.184000000000000057e+02
1.185999999999999943e+02
1.187999999999999972e+02
1.190000000000000000e+02
