7.257694074414332286e-02
1.253132832080200432e-01
2.901915264074289048e-03
3.217922606924643325e-02
9.883426254434871105e-02
9.335288367546432098e-02
4.233128834355828068e-02
8.128973660308810856e-02
1.344455348380765580e-01
6.288751107174490873e-02
1.562021439509954090e-01
2.011404872991187087e-01
1.941649899396378220e-01
1.835081029551954290e-01
2.041912950026867346e-01
4.470046082949308969e-02
0.000000000000000000e+00
2.162837162837162874e-01
1.289282836422240078e-02
5.809802012333657728e-02
3.714710252600296990e-03
1.769141531322505900e-01
2.099697885196374625e-01
2.133720930232558266e-01
1.762433606953162646e-01
6.371681415929203451e-02
1.192694744688781172e-02
8.376963350785341170e-03
0.000000000000000000e+00
0.000000000000000000e+00
0.000000000000000000e+00
0.000000000000000000e+00
0.000000000000000000e+00
0.000000000000000000e+00
0.000000000000000000e+00
0.000000000000000000e+00
0.000000000000000000e+00
0.000000000000000000e+00
0.000000000000000000e+00
0.000000000000000000e+00
0.000000000000000000e+00
0.000000000000000000e+00
0.000000000000000000e+00
0.000000000000000000e+00
0.000000000000000000e+00
0.000000000000000000e+00
0.000000000000000000e+00
0.000000000000000000e+00
0.000000000000000000e+00
0.000000000000000000e+00
0.000000000000000000e+00
0.000000000000000000e+00
0.000000000000000000e+00
0.000000000000000000e+00
0.000000000000000000e+00
0.000000000000000000e+00
0.000000000000000000e+00
0.000000000000000000e+00
0.000000000000000000e+00
0.000000000000000000e+00
