2.495691776275634766e+00
2.492206335067749023e+00
2.454729795455932617e+00
2.562500476837158203e+00
2.473020076751708984e+00
2.421312808990478516e+00
2.488039970397949219e+00
2.431680440902709961e+00
2.481691122055053711e+00
2.495874881744384766e+00
2.598037958145141602e+00
2.637491703033447266e+00
2.661653518676757812e+00
2.617399215698242188e+00
2.656182050704956055e+00
2.580733537673950195e+00
2.632732868194580078e+00
2.562473297119140625e+00
2.593847990036010742e+00
2.622126340866088867e+00
2.605768442153930664e+00
2.626896619796752930e+00
2.631524324417114258e+00
2.530081748962402344e+00
2.645968198776245117e+00
2.562644481658935547e+00
2.619455814361572266e+00
2.607215404510498047e+00
2.570024251937866211e+00
2.617763996124267578e+00
2.532474756240844727e+00
2.627593040466308594e+00
2.633757114410400391e+00
2.628927469253540039e+00
2.711975336074829102e+00
2.678935289382934570e+00
2.724839210510253906e+00
0.000000000000000000e+00
0.000000000000000000e+00
0.000000000000000000e+00
0.000000000000000000e+00
0.000000000000000000e+00
0.000000000000000000e+00
0.000000000000000000e+00
0.000000000000000000e+00
0.000000000000000000e+00
0.000000000000000000e+00
0.000000000000000000e+00
0.000000000000000000e+00
0.000000000000000000e+00
0.000000000000000000e+00
0.000000000000000000e+00
0.000000000000000000e+00
0.000000000000000000e+00
0.000000000000000000e+00
0.000000000000000000e+00
0.000000000000000000e+00
0.000000000000000000e+00
0.000000000000000000e+00
0.000000000000000000e+00
