2.292245307190882986e-01
1.327740097286192467e-01
9.135828579142961370e-02
8.867432379212016047e-02
4.117415800498178124e-02
2.411440135266570972e-02
5.031847201953838777e-02
1.929753120533961308e-02
2.191156401593842562e-02
4.875454568359013918e-02
1.813082605117261048e-02
1.142177209097446772e-02
6.705218673412012553e-03
1.014215322467345443e-02
1.121133084937468369e-03
1.011818018616750942e-02
1.765165373039220137e-02
1.205383268261737278e-02
1.644380654952561430e-02
2.368934935263830588e-02
1.429215468231219421e-02
2.708826880284502525e-03
1.487459985107271801e-03
4.115012878547286493e-04
0.000000000000000000e+00
0.000000000000000000e+00
0.000000000000000000e+00
0.000000000000000000e+00
0.000000000000000000e+00
0.000000000000000000e+00
0.000000000000000000e+00
0.000000000000000000e+00
0.000000000000000000e+00
0.000000000000000000e+00
0.000000000000000000e+00
0.000000000000000000e+00
0.000000000000000000e+00
0.000000000000000000e+00
0.000000000000000000e+00
0.000000000000000000e+00
0.000000000000000000e+00
0.000000000000000000e+00
0.000000000000000000e+00
0.000000000000000000e+00
0.000000000000000000e+00
0.000000000000000000e+00
0.000000000000000000e+00
0.000000000000000000e+00
0.000000000000000000e+00
0.000000000000000000e+00
