1.130000000000000000e+02
1.390000000000000000e+02
1.360000000000000000e+02
1.380000000000000000e+02
1.870000000000000000e+02
1.720000000000000000e+02
1.710000000000000000e+02
2.030000000000000000e+02
2.250000000000000000e+02
2.110000000000000000e+02
2.130000000000000000e+02
2.320000000000000000e+02
2.510000000000000000e+02
2.620000000000000000e+02
2.830000000000000000e+02
3.060000000000000000e+02
3.540000000000000000e+02
3.860000000000000000e+02
4.040000000000000000e+02
3.850000000000000000e+02
4.220000000000000000e+02
4.690000000000000000e+02
4.580000000000000000e+02
4.680000000000000000e+02
4.540000000000000000e+02
4.860000000000000000e+02
5.250000000000000000e+02
5.290000000000000000e+02
5.520000000000000000e+02
5.270000000000000000e+02
5.960000000000000000e+02
5.600000000000000000e+02
5.940000000000000000e+02
5.610000000000000000e+02
5.730000000000000000e+02
5.750000000000000000e+02
5.910000000000000000e+02
6.530000000000000000e+02
6.640000000000000000e+02
6.430000000000000000e+02
6.690000000000000000e+02
6.650000000000000000e+02
7.160000000000000000e+02
7.520000000000000000e+02
7.840000000000000000e+02
7.950000000000000000e+02
8.860000000000000000e+02
7.580000000000000000e+02
4.000000000000000000e+02
3.020000000000000000e+02
2.830000000000000000e+02
2.610000000000000000e+02
2.480000000000000000e+02
1.990000000000000000e+02
2.080000000000000000e+02
2.240000000000000000e+02
2.030000000000000000e+02
2.210000000000000000e+02
1.840000000000000000e+02
1.890000000000000000e+02
1.930000000000000000e+02
