5.373717635564240203e-03
8.898305084745762941e-03
9.653356735410267495e-03
7.888349514563106762e-03
1.259650548557497002e-02
1.703577512776831369e-03
1.072881982981871950e-02
5.963302752293578313e-03
1.125244618395303264e-02
0.000000000000000000e+00
1.369863013698630061e-02
1.117942984907769645e-02
1.114206128133704739e-02
1.189245087900723911e-02
1.026811180832857932e-02
1.322626358053849774e-02
9.447331128956069565e-03
1.008064516129032230e-02
4.904146232724030004e-03
2.959674435812060730e-03
1.519119958093242614e-02
7.008086253369271920e-03
7.299270072992700489e-03
1.473872264403751700e-02
5.768222338751966514e-03
6.318006318006317602e-03
8.486562942008486418e-03
5.128205128205128201e-04
3.904071388733965434e-03
1.106382978723404256e-02
6.286484059272563589e-03
8.959681433549028864e-03
0.000000000000000000e+00
0.000000000000000000e+00
0.000000000000000000e+00
0.000000000000000000e+00
0.000000000000000000e+00
0.000000000000000000e+00
0.000000000000000000e+00
0.000000000000000000e+00
0.000000000000000000e+00
0.000000000000000000e+00
0.000000000000000000e+00
0.000000000000000000e+00
0.000000000000000000e+00
0.000000000000000000e+00
0.000000000000000000e+00
0.000000000000000000e+00
0.000000000000000000e+00
0.000000000000000000e+00
0.000000000000000000e+00
0.000000000000000000e+00
0.000000000000000000e+00
0.000000000000000000e+00
0.000000000000000000e+00
0.000000000000000000e+00
0.000000000000000000e+00
0.000000000000000000e+00
0.000000000000000000e+00
0.000000000000000000e+00
