1.277200000000000024e+01
1.274699999999999989e+01
1.274200000000000088e+01
1.274300000000000033e+01
1.274200000000000088e+01
1.274099999999999966e+01
1.274300000000000033e+01
1.274099999999999966e+01
1.273600000000000065e+01
1.274099999999999966e+01
1.273700000000000010e+01
1.273399999999999999e+01
1.273600000000000065e+01
1.273700000000000010e+01
1.273700000000000010e+01
1.273199999999999932e+01
1.273600000000000065e+01
1.273300000000000054e+01
1.273399999999999999e+01
1.273700000000000010e+01
1.273600000000000065e+01
1.273399999999999999e+01
1.273300000000000054e+01
1.273700000000000010e+01
1.273399999999999999e+01
1.273399999999999999e+01
1.273000000000000043e+01
1.273700000000000010e+01
1.273199999999999932e+01
1.273399999999999999e+01
1.273199999999999932e+01
1.273399999999999999e+01
1.273000000000000043e+01
1.273000000000000043e+01
1.273600000000000065e+01
1.272799999999999976e+01
1.272899999999999920e+01
1.273199999999999932e+01
1.273000000000000043e+01
1.273000000000000043e+01
1.273000000000000043e+01
