4.542013626040878119e-03
7.717750826901874014e-03
8.182844243792324751e-03
7.966260543580131609e-03
8.949287371561153587e-03
1.325088339222614932e-03
1.418439716312056833e-03
1.025969862135299795e-02
7.851239669421488168e-03
1.784121320249777059e-03
1.682085786375105054e-03
4.516711833785004332e-04
9.382894261999277438e-03
2.307442313942151615e-02
1.467414760466119981e-02
1.331304678585013349e-02
1.007387508394895839e-03
1.016183665788483216e-02
2.311604253351826153e-03
1.595138625142423008e-02
1.330140994945464179e-03
7.857517024620220419e-04
8.416220351951032852e-03
4.621400639886242417e-03
1.883948756593820670e-03
7.820831852115179075e-03
6.963788300835654617e-04
1.882352941176470640e-03
7.526513855627779866e-03
0.000000000000000000e+00
0.000000000000000000e+00
0.000000000000000000e+00
0.000000000000000000e+00
0.000000000000000000e+00
0.000000000000000000e+00
0.000000000000000000e+00
0.000000000000000000e+00
0.000000000000000000e+00
0.000000000000000000e+00
0.000000000000000000e+00
0.000000000000000000e+00
0.000000000000000000e+00
0.000000000000000000e+00
0.000000000000000000e+00
0.000000000000000000e+00
0.000000000000000000e+00
0.000000000000000000e+00
0.000000000000000000e+00
0.000000000000000000e+00
0.000000000000000000e+00
0.000000000000000000e+00
0.000000000000000000e+00
0.000000000000000000e+00
0.000000000000000000e+00
0.000000000000000000e+00
0.000000000000000000e+00
0.000000000000000000e+00
0.000000000000000000e+00
0.000000000000000000e+00
0.000000000000000000e+00
