3.000000000000000000e+00
2.500000000000000000e+01
3.270000000000000000e+02
2.350000000000000000e+02
4.410000000000000000e+02
1.200000000000000000e+02
2.300000000000000000e+02
1.110000000000000000e+02
1.260000000000000000e+02
2.870000000000000000e+02
5.010000000000000000e+02
4.460000000000000000e+02
1.930000000000000000e+02
5.530000000000000000e+02
5.000000000000000000e+02
5.550000000000000000e+02
3.300000000000000000e+02
1.090000000000000000e+02
5.670000000000000000e+02
0.000000000000000000e+00
0.000000000000000000e+00
5.560000000000000000e+02
0.000000000000000000e+00
4.780000000000000000e+02
3.400000000000000000e+02
6.020000000000000000e+02
5.470000000000000000e+02
1.530000000000000000e+02
3.340000000000000000e+02
1.280000000000000000e+02
1.190000000000000000e+02
3.180000000000000000e+02
3.000000000000000000e+00
0.000000000000000000e+00
1.520000000000000000e+02
0.000000000000000000e+00
0.000000000000000000e+00
0.000000000000000000e+00
0.000000000000000000e+00
0.000000000000000000e+00
0.000000000000000000e+00
0.000000000000000000e+00
0.000000000000000000e+00
0.000000000000000000e+00
0.000000000000000000e+00
0.000000000000000000e+00
0.000000000000000000e+00
0.000000000000000000e+00
0.000000000000000000e+00
0.000000000000000000e+00
0.000000000000000000e+00
0.000000000000000000e+00
0.000000000000000000e+00
0.000000000000000000e+00
0.000000000000000000e+00
0.000000000000000000e+00
0.000000000000000000e+00
0.000000000000000000e+00
0.000000000000000000e+00
0.000000000000000000e+00
