6.081081081081081419e-03
9.272467902995721115e-03
6.109979633401221855e-03
8.608321377331419957e-03
5.767844268204758151e-03
5.726556907659269627e-03
5.035971223021582302e-03
8.771929824561403022e-03
5.952380952380952051e-03
1.187150837988826778e-02
1.634877384196185141e-02
1.920529801324503266e-02
4.746632456703014924e-02
2.239789196310935579e-02
6.439150032195749794e-03
8.695652173913043584e-03
5.677785663591199648e-03
8.124576844955992000e-03
8.980115458627325672e-03
5.372733378106111721e-03
8.928571428571428076e-03
1.014884979702300460e-02
4.755434782608695954e-03
1.319261213720316663e-02
5.208333333333333044e-03
2.699055330634277886e-03
1.154891304347826012e-02
8.000000000000000167e-03
8.807588075880758149e-03
1.007387508394895839e-02
7.184846505551926651e-03
5.968169761273209133e-03
6.493506493506493935e-03
1.020408163265306041e-02
1.298701298701298787e-02
8.091706001348617991e-03
1.223438506117192556e-02
1.297016861219195925e-02
1.600556715379262279e-02
1.255783212161269008e-02
1.785714285714285615e-02
1.855533465871438137e-02
2.095238095238095150e-02
3.090792015453960179e-02
2.772526780088216750e-02
2.457002457002456855e-02
2.626262626262626174e-02
1.492537313432835792e-02
3.223767383059418512e-02
3.119032463399108723e-02
5.402087170042971231e-02
2.422360248447204961e-02
8.186397984886649437e-03
8.084577114427860325e-03
1.397712833545108023e-02
7.490636704119850268e-03
2.501563477173233269e-03
3.875968992248061962e-03
6.285355122564425037e-03
8.441558441558440901e-03
8.911521323997454239e-03
8.392511297611362706e-03
7.766990291262135596e-03
8.360128617363344131e-03
8.016032064128255849e-03
8.807588075880758149e-03
5.524861878453038444e-03
1.087695445275322845e-02
5.794270833333333565e-02
1.300390117035110475e-02
1.213592233009708719e-02
1.283618581907090481e-02
1.184538653366583490e-02
8.614976805831677312e-03
8.217446270543615067e-03
6.702412868632707903e-03
1.316655694535878891e-02
4.495825305073859572e-03
1.046435578809679599e-02
1.439299123904881107e-02
1.840101522842639559e-02
1.390728476821192008e-02
1.613944480309877430e-02
1.901140684410646334e-02
1.574803149606299191e-02
2.398903358464701818e-02
2.347417840375586734e-02
2.554278416347382022e-02
1.541554959785522774e-02
5.245901639344262291e-03
5.714285714285714281e-03
6.468305304010349595e-03
7.817589576547231620e-03
5.201560468140442248e-03
3.992015968063871920e-03
4.694835680751173815e-03
