2.000000000000000000e+01
1.500000000000000000e+01
1.900000000000000000e+01
2.600000000000000000e+01
1.800000000000000000e+01
3.100000000000000000e+01
4.600000000000000000e+01
7.500000000000000000e+01
9.500000000000000000e+01
1.280000000000000000e+02
1.410000000000000000e+02
2.690000000000000000e+02
2.500000000000000000e+02
5.200000000000000000e+01
3.000000000000000000e+01
3.800000000000000000e+01
3.400000000000000000e+01
3.400000000000000000e+01
3.300000000000000000e+01
3.500000000000000000e+01
3.400000000000000000e+01
3.200000000000000000e+01
3.800000000000000000e+01
3.100000000000000000e+01
2.100000000000000000e+01
3.000000000000000000e+01
2.500000000000000000e+01
2.700000000000000000e+01
3.500000000000000000e+01
3.000000000000000000e+01
3.500000000000000000e+01
5.000000000000000000e+01
5.100000000000000000e+01
5.800000000000000000e+01
3.900000000000000000e+01
5.300000000000000000e+01
5.800000000000000000e+01
8.200000000000000000e+01
7.700000000000000000e+01
8.600000000000000000e+01
9.400000000000000000e+01
1.020000000000000000e+02
1.320000000000000000e+02
1.540000000000000000e+02
1.530000000000000000e+02
1.580000000000000000e+02
2.650000000000000000e+02
2.770000000000000000e+02
3.010000000000000000e+02
3.070000000000000000e+02
9.600000000000000000e+01
8.400000000000000000e+01
6.000000000000000000e+01
5.400000000000000000e+01
6.000000000000000000e+01
4.700000000000000000e+01
4.400000000000000000e+01
3.100000000000000000e+01
3.600000000000000000e+01
3.100000000000000000e+01
4.900000000000000000e+01
6.000000000000000000e+01
4.600000000000000000e+01
3.500000000000000000e+01
3.200000000000000000e+01
3.500000000000000000e+01
4.000000000000000000e+01
2.700000000000000000e+01
3.100000000000000000e+01
1.900000000000000000e+01
2.400000000000000000e+01
2.200000000000000000e+01
2.400000000000000000e+01
5.800000000000000000e+01
5.700000000000000000e+01
4.100000000000000000e+01
6.100000000000000000e+01
6.100000000000000000e+01
9.500000000000000000e+01
8.900000000000000000e+01
9.600000000000000000e+01
1.100000000000000000e+02
1.170000000000000000e+02
1.660000000000000000e+02
2.120000000000000000e+02
1.770000000000000000e+02
6.900000000000000000e+01
5.600000000000000000e+01
6.400000000000000000e+01
4.300000000000000000e+01
4.000000000000000000e+01
3.600000000000000000e+01
3.400000000000000000e+01
4.700000000000000000e+01
2.200000000000000000e+01
1.700000000000000000e+01
