1.264425489212242862e-02
1.338873499538319536e-02
1.379912663755458561e-02
1.562366601212328114e-02
1.421440054150097283e-02
1.770212765957446949e-02
1.705452406956229489e-02
1.736745886654478960e-02
1.824632539280283960e-02
2.202311170658181189e-02
2.178183992483129910e-02
2.579499323410013381e-02
2.758620689655172376e-02
3.071148268213615487e-02
3.098078197481776014e-02
3.390818961926184844e-02
3.884311417521439658e-02
3.960396039603960444e-02
4.082318353632927166e-02
4.012922972283625156e-02
4.391100702576112430e-02
4.449590604581920433e-02
5.086300341866088759e-02
5.223140495867768796e-02
5.322152108933909248e-02
5.164670658682634502e-02
5.525227460711331501e-02
5.768913795945277562e-02
5.424719831086568383e-02
6.321269211700544788e-02
6.474878444084278262e-02
7.230514096185737538e-02
7.975409155105092629e-02
9.343687374749498620e-02
1.016892456932597388e-01
1.108243130724396314e-01
1.148648648648648712e-01
1.257383966244725870e-01
1.350127603523503805e-01
1.316893138735111546e-01
9.834730928926158078e-02
4.018332105736967252e-02
3.181968843221743420e-02
3.168546781685467606e-02
2.706792199058507056e-02
2.389661058278468725e-02
2.370760619031939478e-02
2.364394993045897120e-02
2.008762503099941962e-02
2.025048796356538824e-02
2.012371134020618513e-02
2.019022192557984319e-02
1.897943894114709207e-02
1.888511554708854553e-02
1.818479685452162667e-02
1.789116209724177925e-02
