1.847333431243896484e+00
1.873319625854492188e+00
1.841508150100708008e+00
1.839401721954345703e+00
1.865708827972412109e+00
1.857250452041625977e+00
1.755581378936767578e+00
1.918594121932983398e+00
1.790807008743286133e+00
1.753978490829467773e+00
1.882499217987060547e+00
1.919061899185180664e+00
1.775464534759521484e+00
1.857032299041748047e+00
1.763314723968505859e+00
1.825941085815429688e+00
1.806883335113525391e+00
1.774889469146728516e+00
1.895650148391723633e+00
1.929019927978515625e+00
1.786386251449584961e+00
1.841598510742187500e+00
1.874213695526123047e+00
1.794154644012451172e+00
1.839560031890869141e+00
1.758222341537475586e+00
1.885684490203857422e+00
1.827397346496582031e+00
1.869801282882690430e+00
1.787455558776855469e+00
1.801647424697875977e+00
1.840193748474121094e+00
1.868419647216796875e+00
1.847748517990112305e+00
1.867201089859008789e+00
1.841440677642822266e+00
1.837850570678710938e+00
1.785364627838134766e+00
1.891365289688110352e+00
1.841202259063720703e+00
1.846735954284667969e+00
1.761351108551025391e+00
1.771615028381347656e+00
1.890840530395507812e+00
1.874874591827392578e+00
1.893925189971923828e+00
1.784720182418823242e+00
1.788694620132446289e+00
1.841760873794555664e+00
1.801817655563354492e+00
1.813441276550292969e+00
1.770711898803710938e+00
1.765823602676391602e+00
1.846349954605102539e+00
1.872116565704345703e+00
1.747652530670166016e+00
1.757647514343261719e+00
1.801136970520019531e+00
1.782797098159790039e+00
1.822559356689453125e+00
1.805237293243408203e+00
1.830079078674316406e+00
1.828901767730712891e+00
1.805888175964355469e+00
1.761992931365966797e+00
1.876740455627441406e+00
1.885274648666381836e+00
1.838097810745239258e+00
1.942176103591918945e+00
1.796011447906494141e+00
1.885310649871826172e+00
1.868389368057250977e+00
1.812986135482788086e+00
1.921049356460571289e+00
1.852972030639648438e+00
1.902696847915649414e+00
1.819563150405883789e+00
1.757098913192749023e+00
1.756626605987548828e+00
1.811222076416015625e+00
1.833566188812255859e+00
1.955950975418090820e+00
1.782023191452026367e+00
2.107626914978027344e+00
1.815804719924926758e+00
1.750636577606201172e+00
1.758993864059448242e+00
1.778957843780517578e+00
1.933449029922485352e+00
1.757372856140136719e+00
1.861509084701538086e+00
1.813288688659667969e+00
1.755477905273437500e+00
1.797967672348022461e+00
1.740225553512573242e+00
1.783544063568115234e+00
