-9.448606748269638977e-03,1.269070475117726471e-01,-6.802726653652582667e-02
2.194675946494348273e-01,6.014699636533907268e-02,-1.171584818918469661e-02
-2.657442998236410059e-01,2.740559664065671253e-02,1.795108323677549189e-01
1.037230260756754063e-01,1.074505253023964879e-01,1.568463790224869647e-01
-7.035522356802836885e-02,4.194505219362980319e-02,5.700191764591502896e-02
3.254605665272330972e-02,1.450153499165183699e-02,1.392624251289145687e-01
2.773153596232170170e-01,1.432519255510733280e-01,-8.858050758137697711e-02
-2.067735614248870646e-01,4.974928859804230580e-02,-3.680263763966726276e-03
1.510330965588329577e-01,9.053113682937777296e-02,2.868849155022060171e-02
-1.208808623872617838e-01,8.586305474816550987e-02,8.555412044155724649e-02
-4.846571411941547058e-02,7.851682893194235346e-02,6.174894512046877337e-02
-1.038190584196656274e-01,9.180125678428469049e-02,3.267534094306523418e-02
-1.952968691000382950e-01,1.263151761105315574e-01,4.590312737325544235e-02
-2.673551478388172531e-01,1.476137479902071559e-01,1.840994569840163353e-01
-1.554334910080246435e-01,7.798500335544993056e-02,4.557210619234580706e-02
-2.916476105991696599e-01,1.406565880684858827e-01,-4.847082982387743849e-02
-6.627166328914990689e-02,1.324072203026322725e-01,4.817493759821661614e-02
-1.070858282297023067e-01,9.633125262473421491e-02,6.593729438331139003e-02
-3.421267497729152396e-02,3.407908293416810237e-03,-8.089616820963635435e-02
2.865663435344316112e-01,6.325677833635904700e-04,1.839519507492121397e-01
-1.297233155977193519e-01,7.362561523582537848e-02,5.751952134795010330e-02
-2.721734566404319100e-01,9.122411324426644985e-02,6.503975779038670413e-02
-1.138233625116563674e-01,6.473901965395494063e-02,1.825914200717242142e-02
-9.178349762982887516e-02,7.427527577638123879e-02,4.701889885626867049e-02
-2.948109821709539169e-01,1.620827960051821276e-03,-9.674704541466064289e-02
2.881525101879300332e-01,1.431674830982732349e-01,1.954905002041937567e-01
2.443874473573126038e-01,5.242204245850791422e-03,-9.831845535757013921e-02
-1.275562165247984270e-02,7.385933387905768699e-02,1.790136377595354655e-01
-6.908266766489445931e-02,6.462862244869750639e-02,-9.006409666461301367e-02
1.619614662805857197e-03,2.176215430630262251e-04,1.171039252367161998e-02
-2.686843548952690397e-01,1.880702777646907310e-03,5.622637392800716727e-02
-1.804390603503883694e-01,1.471169174936829693e-01,7.333042052010008138e-02
-1.033899882371636658e-01,1.423250953385165885e-01,-8.980742413183667727e-04
1.184681249843088091e-01,1.489629286489101145e-01,3.626479692484324557e-02
2.824057321107001362e-01,7.214602593076442638e-02,1.544210309588653074e-01
-2.921866575440644209e-01,7.579192973324365423e-02,-9.873094129383441775e-02
2.006553909501015975e-01,2.276764952748837854e-03,4.807326132355732584e-02
-1.891857982979566755e-02,1.402693599032499572e-01,1.972061967732271215e-01
-1.183729662358570522e-01,9.994159118119487484e-02,-6.234133137501887689e-03
0.000000000000000000e+00,0.000000000000000000e+00,0.000000000000000000e+00
0.000000000000000000e+00,0.000000000000000000e+00,0.000000000000000000e+00
0.000000000000000000e+00,0.000000000000000000e+00,0.000000000000000000e+00
0.000000000000000000e+00,0.000000000000000000e+00,0.000000000000000000e+00
0.000000000000000000e+00,0.000000000000000000e+00,0.000000000000000000e+00
0.000000000000000000e+00,0.000000000000000000e+00,0.000000000000000000e+00
0.000000000000000000e+00,0.000000000000000000e+00,0.000000000000000000e+00
0.000000000000000000e+00,0.000000000000000000e+00,0.000000000000000000e+00
0.000000000000000000e+00,0.000000000000000000e+00,0.000000000000000000e+00
0.000000000000000000e+00,0.000000000000000000e+00,0.000000000000000000e+00
0.000000000000000000e+00,0.000000000000000000e+00,0.000000000000000000e+00
0.000000000000000000e+00,0.000000000000000000e+00,0.000000000000000000e+00
0.000000000000000000e+00,0.000000000000000000e+00,0.000000000000000000e+00
0.000000000000000000e+00,0.000000000000000000e+00,0.000000000000000000e+00
0.000000000000000000e+00,0.000000000000000000e+00,0.000000000000000000e+00
0.000000000000000000e+00,0.000000000000000000e+00,0.000000000000000000e+00
0.000000000000000000e+00,0.000000000000000000e+00,0.000000000000000000e+00
0.000000000000000000e+00,0.000000000000000000e+00,0.000000000000000000e+00
0.000000000000000000e+00,0.000000000000000000e+00,0.000000000000000000e+00
0.000000000000000000e+00,0.000000000000000000e+00,0.000000000000000000e+00
0.000000000000000000e+00,0.000000000000000000e+00,0.000000000000000000e+00
