1.871000000000000000e+03
1.926000000000000000e+03
1.928000000000000000e+03
1.963000000000000000e+03
1.918000000000000000e+03
1.947000000000000000e+03
1.918000000000000000e+03
1.947000000000000000e+03
2.027000000000000000e+03
2.018000000000000000e+03
2.057000000000000000e+03
2.044000000000000000e+03
1.951000000000000000e+03
2.026000000000000000e+03
2.046000000000000000e+03
1.916000000000000000e+03
1.960000000000000000e+03
1.989000000000000000e+03
2.032000000000000000e+03
2.065000000000000000e+03
2.125000000000000000e+03
2.058000000000000000e+03
1.927000000000000000e+03
2.089000000000000000e+03
2.008000000000000000e+03
2.037000000000000000e+03
1.956000000000000000e+03
2.014000000000000000e+03
2.166000000000000000e+03
1.930000000000000000e+03
1.985000000000000000e+03
1.949000000000000000e+03
2.060000000000000000e+03
2.056000000000000000e+03
1.933000000000000000e+03
1.944000000000000000e+03
2.000000000000000000e+03
1.989000000000000000e+03
1.946000000000000000e+03
2.009000000000000000e+03
2.102000000000000000e+03
2.007000000000000000e+03
1.921000000000000000e+03
1.941000000000000000e+03
1.957000000000000000e+03
1.937000000000000000e+03
2.003000000000000000e+03
1.974000000000000000e+03
1.987000000000000000e+03
1.937000000000000000e+03
1.898000000000000000e+03
2.004000000000000000e+03
1.928000000000000000e+03
1.974000000000000000e+03
1.944000000000000000e+03
2.042000000000000000e+03
1.922000000000000000e+03
1.968000000000000000e+03
1.970000000000000000e+03
1.994000000000000000e+03
2.038000000000000000e+03
2.005000000000000000e+03
1.992000000000000000e+03
1.933000000000000000e+03
1.994000000000000000e+03
2.026000000000000000e+03
1.984000000000000000e+03
2.010000000000000000e+03
2.003000000000000000e+03
2.001000000000000000e+03
2.078000000000000000e+03
2.032000000000000000e+03
2.033000000000000000e+03
2.020000000000000000e+03
2.094000000000000000e+03
2.125000000000000000e+03
2.015000000000000000e+03
2.052000000000000000e+03
2.027000000000000000e+03
2.055000000000000000e+03
2.052000000000000000e+03
2.016000000000000000e+03
1.898000000000000000e+03
2.021000000000000000e+03
2.066000000000000000e+03
1.984000000000000000e+03
2.042000000000000000e+03
1.923000000000000000e+03
2.040000000000000000e+03
2.003000000000000000e+03
1.954000000000000000e+03
2.010000000000000000e+03
1.957000000000000000e+03
1.933000000000000000e+03
2.036000000000000000e+03
2.050000000000000000e+03
