2.730000000000000000e+02
2.140000000000000000e+02
2.170000000000000000e+02
2.510000000000000000e+02
2.540000000000000000e+02
2.260000000000000000e+02
2.170000000000000000e+02
2.010000000000000000e+02
1.910000000000000000e+02
1.560000000000000000e+02
5.400000000000000000e+01
1.430000000000000000e+02
2.100000000000000000e+02
2.500000000000000000e+02
2.280000000000000000e+02
2.370000000000000000e+02
2.550000000000000000e+02
2.410000000000000000e+02
2.470000000000000000e+02
2.510000000000000000e+02
2.500000000000000000e+02
2.430000000000000000e+02
2.720000000000000000e+02
2.410000000000000000e+02
2.230000000000000000e+02
2.530000000000000000e+02
2.800000000000000000e+02
2.650000000000000000e+02
2.590000000000000000e+02
2.520000000000000000e+02
2.370000000000000000e+02
2.480000000000000000e+02
2.460000000000000000e+02
2.490000000000000000e+02
2.330000000000000000e+02
2.210000000000000000e+02
2.040000000000000000e+02
1.860000000000000000e+02
1.740000000000000000e+02
1.940000000000000000e+02
1.840000000000000000e+02
1.610000000000000000e+02
1.650000000000000000e+02
1.490000000000000000e+02
1.480000000000000000e+02
1.260000000000000000e+02
7.000000000000000000e+01
2.170000000000000000e+02
2.320000000000000000e+02
2.320000000000000000e+02
2.810000000000000000e+02
2.340000000000000000e+02
2.650000000000000000e+02
2.410000000000000000e+02
2.660000000000000000e+02
2.640000000000000000e+02
2.580000000000000000e+02
2.550000000000000000e+02
2.460000000000000000e+02
2.390000000000000000e+02
2.400000000000000000e+02
2.270000000000000000e+02
2.400000000000000000e+02
2.560000000000000000e+02
2.890000000000000000e+02
2.530000000000000000e+02
2.790000000000000000e+02
2.670000000000000000e+02
2.800000000000000000e+02
2.450000000000000000e+02
2.600000000000000000e+02
2.550000000000000000e+02
2.710000000000000000e+02
2.420000000000000000e+02
2.470000000000000000e+02
2.220000000000000000e+02
2.010000000000000000e+02
2.030000000000000000e+02
1.770000000000000000e+02
1.600000000000000000e+02
1.640000000000000000e+02
1.940000000000000000e+02
1.990000000000000000e+02
2.160000000000000000e+02
2.560000000000000000e+02
2.490000000000000000e+02
