1.270053475935828957e-01
1.381716678297278400e-01
1.320361362056984011e-01
1.350390902629708678e-01
1.379537953795379468e-01
1.294037940379403895e-01
1.347184986595174327e-01
1.240053050397877943e-01
1.038615179760319640e-01
1.015364061456245776e-01
6.021104903786467927e-02
7.199511897498474255e-02
7.370393504059961909e-02
5.975049244911358887e-02
1.175726927939317323e-01
1.311166875784190722e-01
1.216560509554140135e-01
1.218147917961466681e-01
1.311970979443772556e-01
1.143889223359422086e-01
1.073044602456367097e-01
1.261595547309833087e-01
1.307506053268765178e-01
1.356968215158924074e-01
1.341070277240490050e-01
1.272949816401468814e-01
1.310837118754055730e-01
1.184803605924018011e-01
1.298535964353914607e-01
1.381703470031545866e-01
1.302149178255372908e-01
1.222151495862507931e-01
1.280487804878048808e-01
1.130076515597410181e-01
1.231249999999999983e-01
1.243718592964824093e-01
1.271282633371169091e-01
9.479227618490344842e-02
9.807572936064555547e-02
1.230480949406620866e-01
1.105495893872394247e-01
1.181249999999999939e-01
9.562500000000000167e-02
8.322744599745870997e-02
9.266409266409265932e-02
9.044259140474662784e-02
8.400247066090178738e-02
8.265497808390732948e-02
7.385998715478483967e-02
5.334987593052108873e-02
2.037147992810066019e-02
9.090909090909090468e-03
5.514705882352941534e-03
6.645367412140575081e-02
8.841463414634145868e-02
9.199522102747909047e-02
9.645909645909646335e-02
1.244555071561916637e-01
1.132075471698113234e-01
1.100861008610086039e-01
1.269254467036352307e-01
1.155234657039711232e-01
1.251588310038119489e-01
1.143039591315453407e-01
1.145958986731001189e-01
1.058612440191387533e-01
1.155778894472361817e-01
1.239925604463732178e-01
1.247612985359643489e-01
1.394601542416452344e-01
1.290322580645161255e-01
1.280487804878048808e-01
1.363636363636363535e-01
1.370916079436258761e-01
1.340602950609365018e-01
1.095208462974486679e-01
1.224489795918367319e-01
9.473684210526316096e-02
1.166144200626959282e-01
1.109685695958948087e-01
9.987893462469733807e-02
9.652996845425868000e-02
1.076345431789737239e-01
1.035337879727216415e-01
1.007067137809187218e-01
9.865196078431372195e-02
8.438287153652393457e-02
8.318372232196290239e-02
4.723430702299565020e-02
3.664596273291925721e-02
4.784053156146179236e-02
1.117318435754189876e-01
1.216381418092909589e-01
1.147748890298034286e-01
9.853121175030599144e-02
1.308176100628930805e-01
