2.540670730799384214e-01,1.194998525407846984e-01,1.674877275584326919e-01
3.559439284423038252e-03,8.187935272771064421e-02,9.043587969823130290e-03
-1.086950160650576036e-01,3.645873859982166898e-02,5.901193677378763214e-02
2.146866749539150798e-01,1.033851441100778062e-01,1.302245047518778009e-01
-4.511240600970189973e-03,5.200991190675496867e-02,-9.366799004389475547e-02
-2.476163913636169611e-01,1.203399915144968829e-01,-4.616181254678995011e-02
1.292185219182536149e-01,6.373579188294888065e-02,4.826818827462883710e-02
-1.413122226468552789e-01,4.739262468892289741e-03,9.835098671141109805e-02
6.341315827203253264e-02,1.816843981453312995e-02,-3.522080790858986288e-02
-1.898475147629519744e-01,1.483038334443662620e-01,1.832139204340827165e-01
-2.208886572721844299e-01,3.960456445137629233e-02,3.171302760206479165e-02
-2.670429014576296556e-01,5.796716584057715060e-02,8.102083989242367390e-02
-2.067693771510746292e-01,2.860122823779259402e-02,-1.654856319827392730e-02
-1.787773766048194879e-01,2.439860984368349972e-02,3.816346903896900011e-02
-1.491663308809609567e-01,5.000149094254822263e-02,1.063725752875738229e-02
-1.567043661744388638e-01,6.361802115886942832e-02,-2.088976862795446920e-02
1.631390065643162357e-01,3.420967282054216806e-03,1.760397189519485039e-01
2.723205309109916761e-01,1.494672407006232551e-01,-8.661395898287149731e-02
2.940527588315426377e-01,1.456819530809242216e-02,-5.439268918311954831e-02
-7.378541550281364492e-02,5.659125936286832359e-02,3.039690391106464329e-03
-1.456864069742268009e-01,6.264736549190044745e-02,1.234232832058887452e-02
-2.713514070285502067e-01,1.627868941305424212e-03,1.955008531241700098e-01
-2.002865569900272869e-01,5.377254667776514008e-02,-5.603037889859566190e-03
-8.723711638625986087e-02,9.759767850099071440e-02,-5.395191143050103583e-02
-8.394845993018473784e-02,1.258532222859001237e-01,2.721455473063699726e-02
-2.024799753507486033e-01,7.272292825033352393e-02,-9.789600633750582259e-02
-6.387399818704475596e-02,1.499930407493651197e-01,-3.824011048287656589e-02
-1.307389082729782936e-01,9.054075619572002354e-02,-6.018121163332917911e-03
-1.092176406016542312e-01,8.116232681657882531e-02,-1.638710825756584111e-02
-1.524923575946727505e-01,1.059780860704879341e-01,2.879908125596841728e-02
-9.623270073998488328e-02,1.073675200102989580e-03,-8.465522754384270654e-02
-4.377802602492791850e-02,8.116417395112505984e-02,1.984258629001713070e-01
-2.821110196470099640e-01,1.380192391340653857e-01,3.787070981923718049e-02
-1.181353351675891172e-01,4.371952470946668945e-02,-6.976874240146577200e-03
-4.392531369557234333e-02,1.088519925846363201e-01,1.025771555804907975e-01
-2.894108493493371403e-01,2.532995663848044369e-03,7.234667017516963061e-02
-2.234544572519420180e-02,3.508147010542119783e-03,9.381085613399545164e-02
-2.784278054585769269e-01,6.547555333759930325e-03,-9.661937821586803754e-02
7.744060651577233667e-02,1.498880810813384701e-01,7.920424534082184942e-02
-1.000500397930496332e-01,8.593259038507748693e-02,7.303226620035732641e-02
-5.612477374659444185e-02,4.000383212728346807e-03,1.706707913705267921e-01
2.674160318641565781e-01,8.607355765737000411e-03,7.694228162033511786e-02
2.948947194110846381e-01,8.811857390201786877e-02,-6.805744966382382133e-02
1.429630377084789572e-02,7.039852831697696045e-02,1.264179069262915123e-01
0.000000000000000000e+00,0.000000000000000000e+00,0.000000000000000000e+00
0.000000000000000000e+00,0.000000000000000000e+00,0.000000000000000000e+00
0.000000000000000000e+00,0.000000000000000000e+00,0.000000000000000000e+00
0.000000000000000000e+00,0.000000000000000000e+00,0.000000000000000000e+00
0.000000000000000000e+00,0.000000000000000000e+00,0.000000000000000000e+00
0.000000000000000000e+00,0.000000000000000000e+00,0.000000000000000000e+00
0.000000000000000000e+00,0.000000000000000000e+00,0.000000000000000000e+00
0.000000000000000000e+00,0.000000000000000000e+00,0.000000000000000000e+00
0.000000000000000000e+00,0.000000000000000000e+00,0.000000000000000000e+00
0.000000000000000000e+00,0.000000000000000000e+00,0.000000000000000000e+00
0.000000000000000000e+00,0.000000000000000000e+00,0.000000000000000000e+00
0.000000000000000000e+00,0.000000000000000000e+00,0.000000000000000000e+00
0.000000000000000000e+00,0.000000000000000000e+00,0.000000000000000000e+00
0.000000000000000000e+00,0.000000000000000000e+00,0.000000000000000000e+00
0.000000000000000000e+00,0.000000000000000000e+00,0.000000000000000000e+00
0.000000000000000000e+00,0.000000000000000000e+00,0.000000000000000000e+00
