1.076856274424663473e-01
1.008978195810175255e-01
1.026315789473684209e-01
1.034630183839247569e-01
1.059322033898305038e-01
1.153353267834258816e-01
8.874943971313312141e-02
9.775086505190311303e-02
8.322981366459626662e-02
7.333615938957185887e-02
2.903359601824968828e-02
8.084210526315789569e-02
9.122055674518200763e-02
8.522483940042827055e-02
1.002132196162046907e-01
1.054229934924078155e-01
9.689757756056098514e-02
9.987195902688859872e-02
9.942004971002485481e-02
1.029535864978902981e-01
1.048801369863013727e-01
1.005515485787017438e-01
1.142484795829713240e-01
9.179600886917960167e-02
9.806508355321019721e-02
1.053533190578158502e-01
9.923664122137404453e-02
1.071276141698676854e-01
9.831223628691983241e-02
1.020671834625322960e-01
1.004385964912280771e-01
1.097359735973597317e-01
9.199828840393667329e-02
9.404659188955996618e-02
8.275297009422367955e-02
8.512396694214875714e-02
8.395677472984205969e-02
7.615894039735099375e-02
6.725888324873095792e-02
5.934343434343434392e-02
6.375442739079102694e-02
6.874241811564900384e-02
7.166123778501629071e-02
7.528230865746549094e-02
7.133811734909244195e-02
6.611909650924024939e-02
3.900414937759336120e-02
9.067796610169491511e-02
9.918032786885246088e-02
9.644462607274213728e-02
8.927843456991439719e-02
1.157308186883840573e-01
1.026392961876832904e-01
9.079854073773814538e-02
9.553608677513558689e-02
1.025104602510460289e-01
1.081750619322873613e-01
1.064346418454067134e-01
1.001635322976287823e-01
1.048146570089475982e-01
9.479865771812080733e-02
9.254498714652956148e-02
1.063377286261165400e-01
1.011474713132171632e-01
9.860347016504443507e-02
9.163851351351351426e-02
1.032119914346895095e-01
9.898045879354290533e-02
1.066849816849816807e-01
1.104876996115666810e-01
1.009841677364142071e-01
1.061065396275443912e-01
9.253731343283581878e-02
9.574019401096584003e-02
8.295501444490301080e-02
8.362068965517241437e-02
7.535121328224776704e-02
6.035205364626990837e-02
7.178841309823677519e-02
8.562691131498470498e-02
7.866609662248824630e-02
7.279381862545750148e-02
9.441879983214435113e-02
1.008163265306122464e-01
8.978071990070335406e-02
1.079734219269102985e-01
