3.080000000000000000e+02
2.380000000000000000e+02
2.490000000000000000e+02
2.660000000000000000e+02
2.570000000000000000e+02
2.300000000000000000e+02
2.350000000000000000e+02
2.590000000000000000e+02
2.370000000000000000e+02
1.960000000000000000e+02
2.010000000000000000e+02
2.040000000000000000e+02
1.560000000000000000e+02
7.100000000000000000e+01
2.250000000000000000e+02
2.300000000000000000e+02
2.500000000000000000e+02
2.790000000000000000e+02
2.400000000000000000e+02
2.810000000000000000e+02
2.410000000000000000e+02
2.630000000000000000e+02
2.420000000000000000e+02
2.620000000000000000e+02
2.520000000000000000e+02
2.400000000000000000e+02
2.540000000000000000e+02
2.610000000000000000e+02
2.380000000000000000e+02
2.460000000000000000e+02
2.350000000000000000e+02
2.340000000000000000e+02
2.110000000000000000e+02
2.320000000000000000e+02
2.640000000000000000e+02
2.320000000000000000e+02
2.400000000000000000e+02
2.080000000000000000e+02
2.210000000000000000e+02
2.220000000000000000e+02
2.230000000000000000e+02
2.250000000000000000e+02
2.030000000000000000e+02
2.010000000000000000e+02
1.920000000000000000e+02
1.960000000000000000e+02
1.550000000000000000e+02
1.670000000000000000e+02
1.140000000000000000e+02
6.600000000000000000e+01
2.500000000000000000e+01
5.000000000000000000e+00
1.940000000000000000e+02
2.110000000000000000e+02
2.290000000000000000e+02
2.360000000000000000e+02
2.290000000000000000e+02
2.660000000000000000e+02
2.740000000000000000e+02
2.630000000000000000e+02
2.800000000000000000e+02
2.760000000000000000e+02
2.700000000000000000e+02
2.380000000000000000e+02
2.470000000000000000e+02
2.290000000000000000e+02
2.240000000000000000e+02
2.500000000000000000e+02
2.670000000000000000e+02
2.950000000000000000e+02
2.400000000000000000e+02
2.660000000000000000e+02
2.940000000000000000e+02
2.580000000000000000e+02
2.560000000000000000e+02
2.600000000000000000e+02
2.460000000000000000e+02
2.350000000000000000e+02
2.170000000000000000e+02
2.280000000000000000e+02
1.870000000000000000e+02
2.470000000000000000e+02
2.320000000000000000e+02
2.220000000000000000e+02
2.350000000000000000e+02
1.790000000000000000e+02
1.890000000000000000e+02
1.210000000000000000e+02
1.010000000000000000e+02
1.350000000000000000e+02
2.160000000000000000e+02
2.450000000000000000e+02
2.100000000000000000e+02
2.170000000000000000e+02
2.390000000000000000e+02
2.440000000000000000e+02
