9.400000000000000000e+01
8.800000000000000000e+01
1.120000000000000000e+02
1.350000000000000000e+02
1.150000000000000000e+02
1.160000000000000000e+02
1.110000000000000000e+02
9.200000000000000000e+01
1.140000000000000000e+02
1.220000000000000000e+02
1.050000000000000000e+02
1.260000000000000000e+02
1.530000000000000000e+02
1.640000000000000000e+02
2.880000000000000000e+02
3.500000000000000000e+02
3.770000000000000000e+02
3.360000000000000000e+02
2.720000000000000000e+02
2.670000000000000000e+02
2.280000000000000000e+02
1.610000000000000000e+02
1.360000000000000000e+02
1.170000000000000000e+02
9.500000000000000000e+01
8.900000000000000000e+01
9.500000000000000000e+01
1.020000000000000000e+02
7.900000000000000000e+01
8.000000000000000000e+01
8.400000000000000000e+01
