0.000000000000000000e+00
5.343511450381679441e-03
1.092233009708737899e-02
7.682458386683738497e-03
2.913328477785870514e-03
1.849568434032059210e-03
8.202833706189410420e-03
1.293661060802069962e-03
9.966777408637873120e-03
5.933117583603020849e-03
2.444987775061124684e-03
2.463054187192118254e-03
4.587155963302752548e-03
8.818342151675484519e-03
9.489916963226572438e-03
6.773101112723754064e-03
7.678676904902539783e-03
3.015681544028950452e-03
5.827505827505827501e-04
7.122507122507122862e-04
1.231367465975372576e-02
1.581027667984189703e-03
1.118729700469144744e-02
4.172461752433936043e-03
9.696969696969696961e-03
4.777830864787386937e-03
1.002865329512894060e-02
6.257110352673492595e-03
8.547008547008547868e-03
5.269320843091334673e-03
8.515167642362958533e-03
9.939260077305356669e-03
1.106301106301106271e-02
1.458789204959883316e-03
9.113924050632911736e-03
0.000000000000000000e+00
0.000000000000000000e+00
0.000000000000000000e+00
0.000000000000000000e+00
0.000000000000000000e+00
0.000000000000000000e+00
0.000000000000000000e+00
0.000000000000000000e+00
0.000000000000000000e+00
0.000000000000000000e+00
0.000000000000000000e+00
0.000000000000000000e+00
0.000000000000000000e+00
0.000000000000000000e+00
0.000000000000000000e+00
0.000000000000000000e+00
0.000000000000000000e+00
0.000000000000000000e+00
0.000000000000000000e+00
0.000000000000000000e+00
0.000000000000000000e+00
0.000000000000000000e+00
0.000000000000000000e+00
0.000000000000000000e+00
0.000000000000000000e+00
