5.932762030323005670e-03
1.442672741078208053e-02
4.397537379067722497e-03
1.200960768614891920e-02
1.336477987421383698e-02
1.529051987767584067e-02
1.746724890829694232e-02
2.619414483821263379e-02
3.323029366306028132e-02
5.149884704073789260e-02
7.460437076111529897e-02
6.419939577039275591e-02
4.232804232804232569e-02
2.004454342984409929e-02
2.106741573033707807e-02
7.942238267148014549e-03
1.162790697674418589e-02
1.431639226914817493e-02
1.197183098591549262e-02
1.513067400275103225e-02
1.942446043165467484e-02
1.862891207153502190e-02
1.017441860465116352e-02
1.266713581984517910e-02
1.544943820224719058e-02
1.187980433263452137e-02
2.084831056793673768e-02
1.693719124911785556e-02
2.368987796123474612e-02
1.771793054571225989e-02
1.950867052023121453e-02
2.259887005649717506e-02
2.491349480968858138e-02
3.249097472924187407e-02
3.814510097232610281e-02
4.867872044506258572e-02
4.185742315238718397e-02
4.135079255685734229e-02
4.639889196675900385e-02
2.859185132237312271e-02
3.205574912891986233e-02
3.103913630229419851e-02
2.596537949400799100e-02
3.500761035007610156e-02
2.763636363636363599e-02
1.776830135039090403e-02
1.616458486407053655e-02
1.088534107402031915e-02
1.107828655834564198e-02
3.571428571428571230e-02
4.687500000000000000e-02
1.774308019872249814e-02
9.413468501086170309e-03
1.057827926657263669e-02
1.221264367816092024e-02
8.391608391608391601e-03
1.055594651653764954e-02
8.339124391938845804e-03
9.651076466221231512e-03
8.968609865470851886e-03
1.086956521739130405e-02
6.382978723404254991e-03
1.243953006219765053e-02
1.270903010033444872e-02
1.279317697228144965e-02
5.113221329437546078e-03
1.184307920059215341e-02
1.991150442477876079e-02
1.568894952251023364e-02
1.116538729937194621e-02
1.548672566371681394e-02
2.153625269203158707e-02
1.105379513633013983e-02
3.950953678474114494e-02
4.350877192982455927e-02
6.504646175839885747e-02
6.205420827389443450e-02
3.254437869822485174e-02
2.729885057471264503e-02
2.775850104094378795e-02
1.740947075208913730e-02
2.402826855123674915e-02
2.458423716558206726e-02
1.959306706857573410e-02
1.407407407407407392e-02
1.419446415897799782e-02
