1.990000000000000000e+02
1.740000000000000000e+02
1.950000000000000000e+02
2.050000000000000000e+02
1.490000000000000000e+02
1.930000000000000000e+02
2.090000000000000000e+02
1.820000000000000000e+02
2.220000000000000000e+02
2.000000000000000000e+02
1.860000000000000000e+02
1.930000000000000000e+02
2.000000000000000000e+02
1.930000000000000000e+02
2.020000000000000000e+02
1.640000000000000000e+02
1.650000000000000000e+02
8.200000000000000000e+01
1.500000000000000000e+02
1.720000000000000000e+02
2.090000000000000000e+02
2.140000000000000000e+02
1.840000000000000000e+02
1.930000000000000000e+02
1.740000000000000000e+02
1.620000000000000000e+02
1.570000000000000000e+02
1.920000000000000000e+02
1.780000000000000000e+02
1.940000000000000000e+02
1.620000000000000000e+02
1.680000000000000000e+02
1.410000000000000000e+02
1.590000000000000000e+02
1.720000000000000000e+02
1.530000000000000000e+02
1.150000000000000000e+02
6.200000000000000000e+01
1.160000000000000000e+02
1.720000000000000000e+02
1.800000000000000000e+02
1.690000000000000000e+02
1.970000000000000000e+02
2.160000000000000000e+02
1.860000000000000000e+02
1.590000000000000000e+02
2.030000000000000000e+02
1.900000000000000000e+02
1.940000000000000000e+02
2.040000000000000000e+02
1.870000000000000000e+02
1.970000000000000000e+02
1.930000000000000000e+02
1.820000000000000000e+02
1.150000000000000000e+02
1.730000000000000000e+02
1.930000000000000000e+02
1.960000000000000000e+02
2.000000000000000000e+02
1.790000000000000000e+02
1.790000000000000000e+02
2.030000000000000000e+02
1.840000000000000000e+02
2.290000000000000000e+02
1.990000000000000000e+02
1.830000000000000000e+02
1.850000000000000000e+02
1.970000000000000000e+02
1.910000000000000000e+02
2.120000000000000000e+02
1.850000000000000000e+02
2.060000000000000000e+02
1.910000000000000000e+02
1.600000000000000000e+02
1.530000000000000000e+02
1.420000000000000000e+02
1.420000000000000000e+02
1.750000000000000000e+02
1.840000000000000000e+02
1.940000000000000000e+02
1.850000000000000000e+02
