1.099200000000000088e+01
1.099099999999999966e+01
1.099099999999999966e+01
1.099300000000000033e+01
1.098199999999999932e+01
1.099099999999999966e+01
1.098900000000000077e+01
1.098900000000000077e+01
1.098000000000000043e+01
1.098399999999999999e+01
1.098399999999999999e+01
1.098399999999999999e+01
1.097899999999999920e+01
1.098300000000000054e+01
1.098399999999999999e+01
1.098399999999999999e+01
1.098300000000000054e+01
1.097899999999999920e+01
1.098000000000000043e+01
1.098000000000000043e+01
1.097799999999999976e+01
1.097899999999999920e+01
1.097899999999999920e+01
1.097600000000000087e+01
1.097499999999999964e+01
1.097899999999999920e+01
1.097600000000000087e+01
1.097600000000000087e+01
1.097899999999999920e+01
1.097499999999999964e+01
1.097199999999999953e+01
1.097799999999999976e+01
1.097400000000000020e+01
1.097499999999999964e+01
1.097600000000000087e+01
1.097499999999999964e+01
1.097199999999999953e+01
1.097400000000000020e+01
1.097799999999999976e+01
1.097600000000000087e+01
1.097100000000000009e+01
1.098000000000000043e+01
1.097899999999999920e+01
1.097199999999999953e+01
1.097499999999999964e+01
1.097199999999999953e+01
1.097199999999999953e+01
1.097100000000000009e+01
1.097199999999999953e+01
1.097199999999999953e+01
1.096799999999999997e+01
1.097600000000000087e+01
1.096799999999999997e+01
1.096700000000000053e+01
1.097100000000000009e+01
1.097000000000000064e+01
1.097100000000000009e+01
1.097400000000000020e+01
1.096799999999999997e+01
1.097199999999999953e+01
1.096799999999999997e+01
1.096599999999999930e+01
1.097199999999999953e+01
1.096799999999999997e+01
1.096799999999999997e+01
1.096799999999999997e+01
1.096799999999999997e+01
1.096799999999999997e+01
1.096700000000000053e+01
1.096700000000000053e+01
1.096299999999999919e+01
1.096700000000000053e+01
1.096700000000000053e+01
1.096700000000000053e+01
1.096799999999999997e+01
1.097000000000000064e+01
1.096799999999999997e+01
1.097000000000000064e+01
1.096299999999999919e+01
1.096599999999999930e+01
1.096700000000000053e+01
