1.878966808319091797e+00
1.781286478042602539e+00
1.802236080169677734e+00
1.778062820434570312e+00
1.870949983596801758e+00
1.829962968826293945e+00
1.749131441116333008e+00
1.771516561508178711e+00
1.878792285919189453e+00
1.837542295455932617e+00
1.750209808349609375e+00
1.794283628463745117e+00
1.801405191421508789e+00
1.770615339279174805e+00
1.767518758773803711e+00
1.809288740158081055e+00
1.979753017425537109e+00
1.796944856643676758e+00
1.745482444763183594e+00
1.797234535217285156e+00
1.837542295455932617e+00
2.021402359008789062e+00
1.795725822448730469e+00
1.804764032363891602e+00
1.816379070281982422e+00
1.758115053176879883e+00
1.970271110534667969e+00
1.803807258605957031e+00
1.854445457458496094e+00
1.757588386535644531e+00
1.753427505493164062e+00
1.891661405563354492e+00
1.844696998596191406e+00
1.753322124481201172e+00
1.777307033538818359e+00
1.815359592437744141e+00
1.768762350082397461e+00
1.764129638671875000e+00
1.798919916152954102e+00
1.756523370742797852e+00
1.970489740371704102e+00
1.769523620605468750e+00
1.803453207015991211e+00
1.914363622665405273e+00
1.834500789642333984e+00
1.838780879974365234e+00
1.796573877334594727e+00
1.846830844879150391e+00
1.819593191146850586e+00
1.759313344955444336e+00
1.901064634323120117e+00
1.814824581146240234e+00
1.767208576202392578e+00
1.868843317031860352e+00
1.792711973190307617e+00
1.942130327224731445e+00
1.817449331283569336e+00
1.791940689086914062e+00
1.831181049346923828e+00
1.763693571090698242e+00
2.017197132110595703e+00
1.849963188171386719e+00
1.832905054092407227e+00
1.804398059844970703e+00
1.763114929199218750e+00
1.899809598922729492e+00
1.847378015518188477e+00
1.852858543395996094e+00
1.758852481842041016e+00
1.793754577636718750e+00
1.845147371292114258e+00
1.832668542861938477e+00
1.753252267837524414e+00
1.788595438003540039e+00
1.809980392456054688e+00
1.752286672592163086e+00
1.851562023162841797e+00
1.797575950622558594e+00
1.769892215728759766e+00
1.834295272827148438e+00
1.789672374725341797e+00
1.823056697845458984e+00
1.752685070037841797e+00
1.844355583190917969e+00
2.014789819717407227e+00
1.770893335342407227e+00
