1.484000000000000000e+03
1.328000000000000000e+03
1.308000000000000000e+03
1.106000000000000000e+03
1.270000000000000000e+03
1.316000000000000000e+03
1.349000000000000000e+03
1.282000000000000000e+03
1.379000000000000000e+03
1.299000000000000000e+03
1.344000000000000000e+03
1.373000000000000000e+03
1.477000000000000000e+03
1.371000000000000000e+03
1.415000000000000000e+03
1.386000000000000000e+03
1.446000000000000000e+03
1.463000000000000000e+03
1.347000000000000000e+03
1.410000000000000000e+03
1.435000000000000000e+03
1.412000000000000000e+03
1.437000000000000000e+03
1.380000000000000000e+03
1.453000000000000000e+03
1.370000000000000000e+03
1.412000000000000000e+03
1.477000000000000000e+03
1.469000000000000000e+03
1.385000000000000000e+03
1.428000000000000000e+03
1.425000000000000000e+03
1.460000000000000000e+03
1.382000000000000000e+03
1.477000000000000000e+03
1.435000000000000000e+03
1.527000000000000000e+03
1.451000000000000000e+03
1.431000000000000000e+03
1.399000000000000000e+03
1.442000000000000000e+03
1.517000000000000000e+03
1.487000000000000000e+03
1.493000000000000000e+03
1.481000000000000000e+03
1.385000000000000000e+03
1.465000000000000000e+03
1.438000000000000000e+03
1.451000000000000000e+03
1.469000000000000000e+03
1.448000000000000000e+03
1.555000000000000000e+03
1.466000000000000000e+03
1.369000000000000000e+03
1.461000000000000000e+03
1.443000000000000000e+03
1.492000000000000000e+03
1.480000000000000000e+03
1.530000000000000000e+03
1.426000000000000000e+03
1.430000000000000000e+03
1.563000000000000000e+03
1.436000000000000000e+03
1.457000000000000000e+03
1.431000000000000000e+03
1.426000000000000000e+03
1.438000000000000000e+03
1.423000000000000000e+03
1.402000000000000000e+03
1.417000000000000000e+03
1.510000000000000000e+03
1.465000000000000000e+03
1.428000000000000000e+03
1.479000000000000000e+03
1.473000000000000000e+03
1.522000000000000000e+03
1.339000000000000000e+03
1.502000000000000000e+03
1.438000000000000000e+03
1.408000000000000000e+03
1.423000000000000000e+03
1.492000000000000000e+03
1.492000000000000000e+03
1.395000000000000000e+03
1.478000000000000000e+03
1.516000000000000000e+03
1.557000000000000000e+03
1.528000000000000000e+03
1.489000000000000000e+03
1.462000000000000000e+03
1.499000000000000000e+03
1.454000000000000000e+03
1.484000000000000000e+03
1.414000000000000000e+03
1.405000000000000000e+03
1.537000000000000000e+03
1.526000000000000000e+03
1.432000000000000000e+03
1.474000000000000000e+03
1.442000000000000000e+03
1.532000000000000000e+03
1.493000000000000000e+03
1.405000000000000000e+03
1.465000000000000000e+03
1.423000000000000000e+03
1.446000000000000000e+03
1.452000000000000000e+03
1.476000000000000000e+03
1.353000000000000000e+03
1.497000000000000000e+03
1.394000000000000000e+03
1.412000000000000000e+03
1.404000000000000000e+03
1.407000000000000000e+03
1.476000000000000000e+03
1.408000000000000000e+03
1.372000000000000000e+03
1.501000000000000000e+03
1.421000000000000000e+03
1.441000000000000000e+03
1.402000000000000000e+03
1.427000000000000000e+03
1.424000000000000000e+03
1.497000000000000000e+03
1.491000000000000000e+03
1.441000000000000000e+03
1.444000000000000000e+03
1.460000000000000000e+03
1.405000000000000000e+03
1.513000000000000000e+03
1.435000000000000000e+03
1.522000000000000000e+03
1.488000000000000000e+03
1.446000000000000000e+03
1.501000000000000000e+03
1.429000000000000000e+03
1.448000000000000000e+03
1.483000000000000000e+03
1.476000000000000000e+03
1.508000000000000000e+03
1.424000000000000000e+03
1.444000000000000000e+03
1.516000000000000000e+03
1.476000000000000000e+03
1.478000000000000000e+03
1.438000000000000000e+03
1.430000000000000000e+03
1.456000000000000000e+03
1.500000000000000000e+03
1.472000000000000000e+03
1.444000000000000000e+03
1.488000000000000000e+03
1.493000000000000000e+03
1.605000000000000000e+03
1.527000000000000000e+03
1.372000000000000000e+03
1.422000000000000000e+03
1.494000000000000000e+03
1.535000000000000000e+03
1.428000000000000000e+03
1.379000000000000000e+03
1.396000000000000000e+03
1.421000000000000000e+03
1.507000000000000000e+03
1.436000000000000000e+03
1.442000000000000000e+03
1.393000000000000000e+03
1.415000000000000000e+03
1.489000000000000000e+03
1.545000000000000000e+03
1.488000000000000000e+03
1.456000000000000000e+03
1.469000000000000000e+03
1.419000000000000000e+03
1.422000000000000000e+03
1.443000000000000000e+03
1.569000000000000000e+03
1.522000000000000000e+03
1.455000000000000000e+03
1.403000000000000000e+03
1.576000000000000000e+03
1.430000000000000000e+03
1.517000000000000000e+03
1.493000000000000000e+03
1.479000000000000000e+03
1.455000000000000000e+03
1.477000000000000000e+03
1.443000000000000000e+03
1.510000000000000000e+03
1.525000000000000000e+03
1.399000000000000000e+03
1.526000000000000000e+03
1.614000000000000000e+03
1.474000000000000000e+03
1.469000000000000000e+03
1.474000000000000000e+03
1.511000000000000000e+03
1.519000000000000000e+03
1.517000000000000000e+03
1.480000000000000000e+03
