6.260000000000000000e+02
6.500000000000000000e+02
6.290000000000000000e+02
7.020000000000000000e+02
6.970000000000000000e+02
6.810000000000000000e+02
6.440000000000000000e+02
7.210000000000000000e+02
6.820000000000000000e+02
6.630000000000000000e+02
6.710000000000000000e+02
7.340000000000000000e+02
6.810000000000000000e+02
6.430000000000000000e+02
6.320000000000000000e+02
6.450000000000000000e+02
5.970000000000000000e+02
6.420000000000000000e+02
6.270000000000000000e+02
6.990000000000000000e+02
6.260000000000000000e+02
6.350000000000000000e+02
6.480000000000000000e+02
5.860000000000000000e+02
6.160000000000000000e+02
5.970000000000000000e+02
5.690000000000000000e+02
5.430000000000000000e+02
5.500000000000000000e+02
4.970000000000000000e+02
5.690000000000000000e+02
5.550000000000000000e+02
5.330000000000000000e+02
5.070000000000000000e+02
5.450000000000000000e+02
5.180000000000000000e+02
5.130000000000000000e+02
4.680000000000000000e+02
4.980000000000000000e+02
4.210000000000000000e+02
4.520000000000000000e+02
4.550000000000000000e+02
4.220000000000000000e+02
4.220000000000000000e+02
4.350000000000000000e+02
3.660000000000000000e+02
3.460000000000000000e+02
3.100000000000000000e+02
3.060000000000000000e+02
2.570000000000000000e+02
2.370000000000000000e+02
1.440000000000000000e+02
1.790000000000000000e+02
3.120000000000000000e+02
4.640000000000000000e+02
5.500000000000000000e+02
5.460000000000000000e+02
6.070000000000000000e+02
6.270000000000000000e+02
6.690000000000000000e+02
6.550000000000000000e+02
6.250000000000000000e+02
6.020000000000000000e+02
6.310000000000000000e+02
6.480000000000000000e+02
6.740000000000000000e+02
7.380000000000000000e+02
6.990000000000000000e+02
6.400000000000000000e+02
6.660000000000000000e+02
6.630000000000000000e+02
