1.097000000000000064e+01
1.096799999999999997e+01
1.097199999999999953e+01
1.097199999999999953e+01
1.096799999999999997e+01
1.096700000000000053e+01
1.096799999999999997e+01
1.096499999999999986e+01
1.096499999999999986e+01
1.096799999999999997e+01
1.096799999999999997e+01
1.096299999999999919e+01
1.096599999999999930e+01
1.096799999999999997e+01
1.096599999999999930e+01
1.096499999999999986e+01
1.096700000000000053e+01
1.096599999999999930e+01
1.096499999999999986e+01
1.095899999999999963e+01
1.096499999999999986e+01
1.096599999999999930e+01
1.096199999999999974e+01
1.096700000000000053e+01
1.097000000000000064e+01
1.096700000000000053e+01
1.096199999999999974e+01
1.096299999999999919e+01
1.096599999999999930e+01
1.096599999999999930e+01
1.096599999999999930e+01
1.096299999999999919e+01
1.096700000000000053e+01
1.096100000000000030e+01
1.096799999999999997e+01
1.095899999999999963e+01
1.096100000000000030e+01
1.096299999999999919e+01
1.096299999999999919e+01
1.096199999999999974e+01
1.096299999999999919e+01
1.096199999999999974e+01
1.096599999999999930e+01
1.096199999999999974e+01
1.095800000000000018e+01
1.096199999999999974e+01
1.096499999999999986e+01
1.096599999999999930e+01
1.096299999999999919e+01
1.096599999999999930e+01
1.096100000000000030e+01
1.096499999999999986e+01
1.096199999999999974e+01
1.096199999999999974e+01
1.096599999999999930e+01
1.096199999999999974e+01
1.096100000000000030e+01
1.096299999999999919e+01
1.096100000000000030e+01
1.096299999999999919e+01
1.096199999999999974e+01
1.095899999999999963e+01
1.096100000000000030e+01
1.096199999999999974e+01
1.096599999999999930e+01
1.096100000000000030e+01
1.096299999999999919e+01
1.096199999999999974e+01
1.096499999999999986e+01
1.096499999999999986e+01
1.096299999999999919e+01
1.095500000000000007e+01
1.096100000000000030e+01
1.095400000000000063e+01
1.095899999999999963e+01
1.096100000000000030e+01
1.096199999999999974e+01
1.095800000000000018e+01
1.096100000000000030e+01
1.096499999999999986e+01
1.095899999999999963e+01
