3.130644190246839598e-02
1.646992692523889801e-01
4.352617079889806867e-02
8.991825613079018620e-02
1.311475409836065642e-01
9.404815992730576613e-02
1.449356463346390678e-01
1.150479366402667736e-01
1.371826371826371793e-01
1.130926489778164359e-02
1.671785870996050916e-01
1.509433962264150886e-01
8.993055555555555525e-02
1.825431989366415597e-01
2.053522665210267550e-01
1.959798994974874253e-01
1.551003344481605428e-01
1.610852055955913631e-01
1.491193737769080097e-01
1.544554455445544539e-01
1.592613964223889289e-01
5.318039624608967425e-02
6.022304832713754746e-02
1.731684110371075058e-01
1.474117243743572163e-02
7.210626185958254886e-02
4.823848238482384559e-02
8.670181605155242999e-02
3.003003003003002977e-03
0.000000000000000000e+00
0.000000000000000000e+00
0.000000000000000000e+00
0.000000000000000000e+00
0.000000000000000000e+00
0.000000000000000000e+00
0.000000000000000000e+00
0.000000000000000000e+00
0.000000000000000000e+00
0.000000000000000000e+00
0.000000000000000000e+00
0.000000000000000000e+00
0.000000000000000000e+00
0.000000000000000000e+00
0.000000000000000000e+00
0.000000000000000000e+00
0.000000000000000000e+00
0.000000000000000000e+00
0.000000000000000000e+00
0.000000000000000000e+00
0.000000000000000000e+00
0.000000000000000000e+00
0.000000000000000000e+00
0.000000000000000000e+00
0.000000000000000000e+00
0.000000000000000000e+00
0.000000000000000000e+00
0.000000000000000000e+00
0.000000000000000000e+00
0.000000000000000000e+00
0.000000000000000000e+00
