7.421150278293135553e-03
9.518143961927424609e-03
6.795608991113434236e-03
7.161125319693094869e-03
8.933263268523384398e-03
4.995004995004995001e-03
5.378973105134474478e-03
5.478087649402390777e-03
9.218825812712275886e-03
1.260300533204071656e-02
1.779535343549184384e-02
2.078412848370335408e-02
2.022471910112359425e-02
2.772727272727272887e-02
2.961980548187444912e-02
3.847915712322492326e-02
3.621825023518344261e-02
3.626220362622036009e-02
1.968864468864468809e-02
2.209197475202885619e-02
1.945701357466063375e-02
1.713756368689207943e-02
8.791208791208791201e-03
1.760722347629796805e-02
1.600711427301022838e-02
2.157639806252752146e-02
2.723363592928810389e-02
2.624309392265193261e-02
1.844843897824030229e-02
1.906577693040991534e-02
9.220839096357768758e-03
7.220216606498195203e-03
9.927797833935018620e-03
1.073345259391770938e-02
1.226415094339622716e-02
1.732563305197689849e-02
3.055947343676539835e-02
3.290917068889864100e-02
3.302509907529722899e-02
4.197967300044189165e-02
4.982668977469670996e-02
4.066543438077634132e-02
3.194888178913737886e-02
2.359346642468239733e-02
2.255985267034990929e-02
2.358722358722358664e-02
2.896007020623080422e-02
3.818508535489667510e-02
3.451288772389689979e-02
2.926383173296753445e-02
2.465262214253697778e-02
3.176733780760626624e-02
1.703056768558951911e-02
1.710587147480351414e-02
9.391771019677997226e-03
7.766103243490178436e-03
4.809794490599038005e-03
9.408602150537634726e-03
8.429458740017745783e-03
1.020861074123391096e-02
9.776536312849162108e-03
7.079646017699114946e-03
1.159554730983302327e-02
1.252796420581655558e-02
1.164874551971326229e-02
8.707009142359599732e-03
9.283819628647214592e-03
7.226738934056006931e-03
5.429864253393664950e-03
7.213706041478809387e-03
8.289703315881327000e-03
1.084990958408679936e-02
1.479157328552218806e-02
1.076658053402239530e-02
1.255411255411255367e-02
2.183406113537117790e-02
2.259105578607653250e-02
3.799185888738127598e-02
5.402971634398919670e-02
9.176915799432355803e-02
2.918724741805119038e-02
