2.110000000000000000e+02
1.920000000000000000e+02
1.770000000000000000e+02
2.020000000000000000e+02
2.010000000000000000e+02
1.940000000000000000e+02
2.170000000000000000e+02
1.820000000000000000e+02
1.900000000000000000e+02
1.370000000000000000e+02
9.800000000000000000e+01
1.390000000000000000e+02
1.330000000000000000e+02
1.540000000000000000e+02
1.670000000000000000e+02
1.970000000000000000e+02
1.870000000000000000e+02
2.060000000000000000e+02
1.790000000000000000e+02
1.840000000000000000e+02
1.670000000000000000e+02
1.840000000000000000e+02
2.130000000000000000e+02
2.170000000000000000e+02
1.890000000000000000e+02
1.800000000000000000e+02
1.830000000000000000e+02
1.940000000000000000e+02
1.830000000000000000e+02
1.640000000000000000e+02
1.800000000000000000e+02
1.600000000000000000e+02
1.770000000000000000e+02
1.720000000000000000e+02
1.400000000000000000e+02
1.490000000000000000e+02
1.540000000000000000e+02
1.570000000000000000e+02
1.970000000000000000e+02
1.600000000000000000e+02
1.750000000000000000e+02
1.360000000000000000e+02
1.510000000000000000e+02
1.790000000000000000e+02
1.950000000000000000e+02
1.810000000000000000e+02
1.830000000000000000e+02
1.660000000000000000e+02
1.950000000000000000e+02
1.550000000000000000e+02
1.110000000000000000e+02
1.800000000000000000e+02
1.840000000000000000e+02
1.920000000000000000e+02
1.930000000000000000e+02
1.810000000000000000e+02
2.000000000000000000e+02
1.850000000000000000e+02
2.150000000000000000e+02
1.840000000000000000e+02
1.840000000000000000e+02
2.100000000000000000e+02
2.120000000000000000e+02
2.070000000000000000e+02
1.900000000000000000e+02
1.840000000000000000e+02
2.150000000000000000e+02
1.800000000000000000e+02
1.990000000000000000e+02
1.920000000000000000e+02
1.780000000000000000e+02
1.800000000000000000e+02
1.850000000000000000e+02
1.800000000000000000e+02
1.580000000000000000e+02
1.480000000000000000e+02
1.240000000000000000e+02
1.460000000000000000e+02
2.020000000000000000e+02
1.900000000000000000e+02
1.760000000000000000e+02
1.940000000000000000e+02
1.840000000000000000e+02
1.940000000000000000e+02
2.080000000000000000e+02
1.880000000000000000e+02
