1.585288522511096865e-02
1.440922190201729056e-02
7.790368271954673830e-03
6.333567909922589549e-03
1.464128843338213803e-02
2.285714285714285712e-02
2.166064981949458387e-02
3.116343490304709224e-02
4.686373467916365998e-02
6.736842105263157743e-02
8.445040214477211871e-02
3.609625668449197716e-02
3.381962864721485551e-02
2.571041948579161004e-02
2.070808283233132804e-02
1.345895020188425315e-02
1.514108740536820354e-02
1.273458445040214458e-02
1.794871794871794740e-02
1.594387755102040852e-02
2.156334231805930035e-02
2.149093351242444688e-02
1.829268292682926719e-02
1.487491548343475301e-02
1.885474860335195624e-02
1.350482315112540126e-02
2.300405953991880789e-02
1.304945054945054993e-02
1.950235373234700600e-02
1.666666666666666644e-02
1.346153846153846229e-02
2.159244264507422309e-02
2.290076335877862593e-02
3.111111111111111022e-02
4.265402843601896060e-02
4.030576789437109037e-02
5.013927576601671238e-02
5.013927576601671238e-02
4.136572554169402199e-02
4.378622021893110311e-02
3.073770491803278632e-02
3.677419354838709631e-02
4.076086956521739191e-02
4.010695187165775472e-02
3.873015873015873273e-02
2.613941018766756039e-02
1.644736842105263067e-02
1.605351170568561706e-02
1.672240802675585211e-02
3.263546798029556828e-02
3.548387096774193589e-02
1.920614596670934537e-02
1.615074024226110377e-02
1.326595072646873097e-02
7.152145643693107874e-03
4.644990046449900233e-03
1.168831168831168874e-02
9.032258064516129892e-03
1.037613488975356636e-02
6.072874493927125569e-03
9.247027741083223978e-03
9.302325581395348708e-03
1.437908496732026066e-02
8.742434431741762449e-03
1.175702155453951618e-02
1.184990125082291054e-02
1.122853368560105744e-02
1.557210561949898438e-02
1.499659168370824809e-02
1.673101673101673112e-02
1.191969887076537067e-02
1.865423051299133772e-02
3.461789679947746556e-02
3.478810879190386007e-02
5.394736842105263275e-02
9.993830968537939508e-02
3.645505971087366348e-02
3.342070773263433603e-02
3.817816476892163524e-02
2.751196172248803959e-02
2.114029468289558081e-02
1.700457815565729197e-02
2.414231257941550080e-02
2.012987012987012964e-02
1.457541191381495592e-02
1.468710089399744533e-02
