2.275510787963867188e+00
2.243608713150024414e+00
2.309888362884521484e+00
2.292271852493286133e+00
2.182970762252807617e+00
2.316907882690429688e+00
2.305247783660888672e+00
2.289940595626831055e+00
2.358600616455078125e+00
2.242624282836914062e+00
2.298506975173950195e+00
2.352197408676147461e+00
2.252414464950561523e+00
2.302582740783691406e+00
2.294441223144531250e+00
2.226254463195800781e+00
2.267467260360717773e+00
2.196618556976318359e+00
2.321943998336791992e+00
2.328125953674316406e+00
2.260546207427978516e+00
2.313239336013793945e+00
2.289434194564819336e+00
2.236839056015014648e+00
2.259982585906982422e+00
2.291511297225952148e+00
2.319646835327148438e+00
2.295192241668701172e+00
2.265584230422973633e+00
2.319543600082397461e+00
2.287262439727783203e+00
2.316415071487426758e+00
2.270451545715332031e+00
2.246859312057495117e+00
2.232753276824951172e+00
2.237283229827880859e+00
2.206610679626464844e+00
2.202096223831176758e+00
2.393395900726318359e+00
2.216440916061401367e+00
2.194690942764282227e+00
2.289665460586547852e+00
2.342951297760009766e+00
2.257297992706298828e+00
2.287793159484863281e+00
2.206498384475708008e+00
2.321877241134643555e+00
2.332731723785400391e+00
2.256293773651123047e+00
2.190153837203979492e+00
2.346570014953613281e+00
2.274424791336059570e+00
2.227586507797241211e+00
2.272588014602661133e+00
2.335715770721435547e+00
2.247819423675537109e+00
2.274182319641113281e+00
2.311517715454101562e+00
2.215529918670654297e+00
2.289207220077514648e+00
2.317111492156982422e+00
2.248411655426025391e+00
2.279386997222900391e+00
2.209357738494873047e+00
2.305440902709960938e+00
2.334890365600585938e+00
2.217424392700195312e+00
2.254359722137451172e+00
2.287436008453369141e+00
2.344784259796142578e+00
2.267146348953247070e+00
2.292368888854980469e+00
2.212554931640625000e+00
2.337074995040893555e+00
2.290345668792724609e+00
2.212073326110839844e+00
2.285889387130737305e+00
2.329794168472290039e+00
2.265475511550903320e+00
2.288833141326904297e+00
2.246544837951660156e+00
