7.780147552490234375e+00
7.735906124114990234e+00
7.735248804092407227e+00
7.777852535247802734e+00
7.706692934036254883e+00
7.767888307571411133e+00
7.688261985778808594e+00
7.765622854232788086e+00
7.786835432052612305e+00
7.781354665756225586e+00
7.785169601440429688e+00
7.649966955184936523e+00
7.711350202560424805e+00
7.737179517745971680e+00
7.768691062927246094e+00
7.723071098327636719e+00
7.703853607177734375e+00
7.694584131240844727e+00
7.708610534667968750e+00
7.736071109771728516e+00
7.764732122421264648e+00
7.688896179199218750e+00
7.742351293563842773e+00
7.923701047897338867e+00
7.744632244110107422e+00
7.722653627395629883e+00
7.731875181198120117e+00
7.753065109252929688e+00
7.736130714416503906e+00
7.723176717758178711e+00
7.676475763320922852e+00
