1.060762100926879448e-01
1.102216748768472948e-01
1.083492670490758397e-01
1.198322348711803459e-01
1.042402826855123726e-01
8.768873403019744606e-02
1.039574719432959232e-01
1.088201603665521211e-01
1.047887323943662019e-01
1.040176114474408303e-01
9.476584022038567201e-02
9.409888357256777913e-02
1.100505334081976483e-01
1.052931132612407450e-01
9.871003925967471171e-02
8.357183743560389622e-02
7.657402155416903611e-02
5.953062392673153652e-02
8.010471204188482353e-02
9.644939056703762115e-02
9.168443496801706449e-02
1.088362068965517265e-01
1.064788732394366250e-01
1.040398450470392949e-01
1.057173678532901812e-01
1.062670299727520445e-01
9.337676438653637334e-02
1.077844311377245540e-01
9.813596491228070151e-02
8.426666666666667027e-02
9.353287012292892111e-02
8.664058133035215659e-02
9.549647314161692491e-02
7.972665148063781682e-02
8.849077090119435163e-02
7.882882882882882858e-02
7.450523864959254783e-02
4.947916666666666435e-02
7.631578947368421184e-02
8.980716253443525587e-02
8.707409410492157609e-02
1.026865671641791072e-01
1.009942438513867086e-01
1.049382716049382658e-01
1.202495745887691425e-01
1.112385321100917424e-01
1.035218783351120608e-01
9.619686800894854117e-02
1.083995459704880787e-01
1.006674082313681884e-01
1.106069200226885985e-01
1.115949918345127967e-01
1.042471042471042469e-01
1.119622863877430818e-01
6.161673261729790768e-02
9.119170984455958473e-02
1.033333333333333326e-01
1.158504476040021075e-01
9.554140127388535686e-02
1.011591148577449945e-01
9.873138444567015892e-02
1.026049973418394490e-01
1.059602649006622516e-01
1.176798661461238155e-01
1.086244541484716192e-01
1.078431372549019662e-01
1.024419297200714757e-01
9.782001117942984436e-02
9.891984081864696465e-02
1.053511705685618721e-01
1.028761061946902589e-01
1.037634408602150504e-01
1.085582998276852368e-01
9.649122807017543324e-02
6.877729257641920779e-02
9.179265658747300105e-02
8.989424206815510576e-02
1.017997750281214864e-01
1.058622652248150248e-01
9.189497716894977353e-02
1.025069637883008339e-01
