1.326105087572977403e-01
1.320673900628212549e-01
1.225059856344772602e-01
1.302935827487659015e-01
1.226761252446183920e-01
1.279530072787638806e-01
1.309447915338518287e-01
1.208927464352138881e-01
1.171875000000000000e-01
1.174290825453616210e-01
9.527326440177252831e-02
8.929458519622454626e-02
8.176809416478837689e-02
8.451404424558786599e-02
9.147557328015952505e-02
9.610263858629872202e-02
1.159494317456263579e-01
1.184651682602756717e-01
1.212395093608779895e-01
1.142176529588766337e-01
1.303238969650599433e-01
1.340561224489796033e-01
1.326806646914852617e-01
1.338532344668882657e-01
1.430240103828682718e-01
1.337480559875583175e-01
1.361713040133350483e-01
1.255146600124766032e-01
1.416298168035375893e-01
1.342778335005015145e-01
1.311515748031495954e-01
