8.746355685131195629e-03
9.764035801464605521e-03
1.229508196721311453e-02
9.716599190283401258e-03
1.188455008488964286e-02
2.241793434747798089e-02
1.528559935639581605e-02
1.394268009295120125e-02
3.491078355314197051e-02
3.780864197530864335e-02
7.498197548666185597e-02
4.351032448377581408e-02
3.954802259887005983e-02
1.818181818181818094e-02
1.854714064914992147e-02
1.583710407239818929e-02
1.230992034757422138e-02
1.761409127301841529e-02
1.630837657524092030e-02
1.986754966887417304e-02
1.254612546125461262e-02
2.521008403361344602e-02
2.396166134185303415e-02
1.717699775952203148e-02
2.267739575713240835e-02
1.336302895322939895e-02
1.291793313069908820e-02
1.436130007558578982e-02
1.403508771929824588e-02
1.383831026948288342e-02
1.430615164520743915e-02
2.145922746781115872e-02
2.486187845303867300e-02
2.414045354791514303e-02
3.127171646977067176e-02
4.133430021754894851e-02
5.551601423487544790e-02
5.083514887436456353e-02
4.274702172389628629e-02
3.981623277182235604e-02
3.655750190403656008e-02
4.535315985130111693e-02
3.935347856640899339e-02
3.586497890295358565e-02
3.764204545454545581e-02
3.644008409250175384e-02
2.130681818181818024e-02
4.328686720469552413e-02
3.068862275449101701e-02
2.074391988555078850e-02
1.461377870563674262e-02
1.366906474820143817e-02
9.246088193456614840e-03
7.352941176470588133e-03
1.708185053380783039e-02
1.339584728734092428e-02
8.752735229759299462e-03
1.210826210826210746e-02
1.335311572700296698e-02
1.151907847372210178e-02
1.298701298701298787e-02
1.541695865451997265e-02
1.562500000000000000e-02
1.279157261098570406e-02
1.562500000000000000e-02
1.357466063348416324e-02
1.519756838905775113e-02
1.292775665399239528e-02
1.039346696362286604e-02
1.066856330014224682e-02
1.281138790035587192e-02
9.482129832239241662e-03
1.843971631205673645e-02
2.025506376594148408e-02
2.466666666666666660e-02
5.030959752321981227e-02
6.823184152604548636e-02
9.154929577464789026e-02
5.040770941438102448e-02
3.538570417551309411e-02
2.755620014503263118e-02
3.264094955489614536e-02
1.426533523537803182e-02
2.061855670103092744e-02
1.535087719298245529e-02
1.917404129793510298e-02
