1.861887454986572266e+00
1.828583240509033203e+00
1.840235710144042969e+00
1.874402046203613281e+00
1.856813430786132812e+00
1.835587501525878906e+00
1.752011299133300781e+00
1.752154827117919922e+00
1.795114040374755859e+00
1.818356037139892578e+00
1.756872177124023438e+00
1.843627452850341797e+00
1.803973436355590820e+00
1.857422351837158203e+00
1.851607561111450195e+00
1.788378000259399414e+00
1.811459064483642578e+00
1.757714748382568359e+00
1.997680187225341797e+00
1.905902385711669922e+00
1.828071355819702148e+00
1.764888048171997070e+00
1.753991603851318359e+00
1.843993663787841797e+00
1.777606487274169922e+00
1.756292581558227539e+00
1.764733314514160156e+00
1.789201021194458008e+00
1.805737495422363281e+00
1.868638992309570312e+00
1.775257587432861328e+00
1.791577339172363281e+00
1.815889835357666016e+00
1.855975866317749023e+00
1.795938968658447266e+00
1.825660705566406250e+00
1.757427453994750977e+00
1.865985393524169922e+00
1.777563095092773438e+00
1.812330007553100586e+00
1.795927524566650391e+00
1.817643642425537109e+00
1.800090312957763672e+00
1.841768980026245117e+00
1.754646062850952148e+00
1.775197744369506836e+00
1.791112661361694336e+00
1.822030305862426758e+00
1.782241821289062500e+00
1.870032310485839844e+00
1.876633167266845703e+00
1.819011449813842773e+00
1.805077552795410156e+00
1.862435340881347656e+00
1.808409214019775391e+00
1.792105674743652344e+00
1.879034519195556641e+00
1.797089815139770508e+00
1.807427644729614258e+00
1.745429754257202148e+00
1.754476785659790039e+00
1.805851697921752930e+00
1.768788337707519531e+00
1.772958517074584961e+00
1.766732454299926758e+00
1.879716396331787109e+00
1.787628650665283203e+00
1.752907514572143555e+00
1.798856258392333984e+00
1.874735116958618164e+00
1.938671350479125977e+00
1.800061702728271484e+00
1.795201778411865234e+00
1.796803951263427734e+00
1.800537586212158203e+00
1.965736389160156250e+00
1.764255046844482422e+00
1.791908740997314453e+00
1.819993257522583008e+00
1.851342439651489258e+00
1.965740680694580078e+00
1.773512840270996094e+00
1.838849067687988281e+00
1.785979509353637695e+00
1.804820537567138672e+00
1.986731767654418945e+00
