1.344759393539881331e-01
1.655277145026575469e-01
1.583113456464380064e-01
1.497197758206565144e-01
1.454402515723270395e-01
1.253822629969418845e-01
1.390101892285298402e-01
1.425269645608628621e-01
1.259659969088098852e-01
1.206764027671022310e-01
8.289374529012810688e-02
7.930513595166163721e-02
1.118669690098261504e-01
1.187824795842613163e-01
1.235955056179775247e-01
1.444043321299638971e-01
1.351744186046511531e-01
1.503221188260558394e-01
1.281690140845070380e-01
1.451169188445667058e-01
1.338129496402877816e-01
1.326378539493293651e-01
1.279069767441860517e-01
1.351161154116819196e-01
1.228932584269662870e-01
1.467505241090146795e-01
1.344356578001437708e-01
1.227946365561044528e-01
1.220387652548456520e-01
1.474131821403260045e-01
1.481213872832369827e-01
1.483050847457627053e-01
1.356401384083044948e-01
1.415162454873646336e-01
1.383694839192221304e-01
1.036161335187760768e-01
1.124918247220405426e-01
1.006202618883528660e-01
1.094182825484764504e-01
1.293781272337383714e-01
1.212543554006968588e-01
1.120107962213225394e-01
1.151797603195739012e-01
1.286149162861491557e-01
1.141818181818181760e-01
1.215351812366737699e-01
1.315209404849375374e-01
1.335268505079825752e-01
1.418020679468242340e-01
1.465773809523809590e-01
9.730113636363636742e-02
1.263307310149041907e-01
1.491672700941346907e-01
1.488011283497884252e-01
1.357758620689655249e-01
1.293706293706293753e-01
1.505981703026038065e-01
1.271716469770673985e-01
1.417965850037119502e-01
1.449925261584454339e-01
1.543478260869565188e-01
1.453900709219858034e-01
1.409813407049066991e-01
1.451505016722408059e-01
1.478322672352523071e-01
1.322132943754565360e-01
1.502590673575129598e-01
1.474926253687315614e-01
1.200545702592087371e-01
1.381716678297278400e-01
1.297935103244837740e-01
1.313711414213926676e-01
1.201179071481208588e-01
1.089918256130790186e-01
1.164912280701754371e-01
9.292351679771265749e-02
7.917261055634806921e-02
1.250000000000000000e-01
1.163793103448275829e-01
1.054823039555864012e-01
1.211699164345403923e-01
1.378091872791519512e-01
1.250903832248734526e-01
1.416729464958553231e-01
1.429629629629629584e-01
1.547196593328601932e-01
