6.177000000000000000e+03
6.281000000000000000e+03
6.571000000000000000e+03
7.019000000000000000e+03
7.257000000000000000e+03
7.258000000000000000e+03
7.381000000000000000e+03
7.288000000000000000e+03
7.375000000000000000e+03
7.570000000000000000e+03
7.561000000000000000e+03
7.339000000000000000e+03
7.368000000000000000e+03
7.289000000000000000e+03
7.612000000000000000e+03
7.665000000000000000e+03
7.523000000000000000e+03
7.161000000000000000e+03
7.187000000000000000e+03
7.136000000000000000e+03
7.111000000000000000e+03
6.892000000000000000e+03
7.177000000000000000e+03
7.025000000000000000e+03
6.853000000000000000e+03
7.127000000000000000e+03
7.154000000000000000e+03
7.201000000000000000e+03
7.090000000000000000e+03
7.205000000000000000e+03
7.297000000000000000e+03
7.380000000000000000e+03
7.025000000000000000e+03
6.977000000000000000e+03
7.007000000000000000e+03
6.982000000000000000e+03
7.000000000000000000e+03
7.010000000000000000e+03
6.928000000000000000e+03
6.877000000000000000e+03
6.918000000000000000e+03
