1.866195678710937500e+00
1.799630641937255859e+00
1.760599851608276367e+00
1.888198375701904297e+00
1.852674961090087891e+00
1.822053432464599609e+00
1.760490894317626953e+00
1.835634231567382812e+00
1.902927398681640625e+00
1.826153039932250977e+00
1.778734683990478516e+00
1.908794164657592773e+00
1.886259794235229492e+00
1.796168327331542969e+00
1.852241039276123047e+00
1.828169345855712891e+00
1.826119899749755859e+00
1.753155708312988281e+00
1.871918201446533203e+00
1.800552129745483398e+00
1.821676254272460938e+00
1.785324573516845703e+00
1.837630271911621094e+00
2.028464555740356445e+00
1.838949441909790039e+00
1.756330728530883789e+00
1.852434635162353516e+00
1.808750867843627930e+00
1.814816474914550781e+00
1.762579202651977539e+00
1.792162656784057617e+00
1.870393037796020508e+00
1.841224193572998047e+00
1.879010677337646484e+00
1.808030605316162109e+00
1.829845190048217773e+00
1.760214090347290039e+00
1.754456758499145508e+00
1.804365158081054688e+00
1.796369075775146484e+00
1.775161743164062500e+00
1.748316287994384766e+00
1.902603864669799805e+00
1.797983169555664062e+00
1.876594543457031250e+00
1.850740432739257812e+00
1.790730237960815430e+00
1.797487258911132812e+00
1.764256000518798828e+00
1.761294364929199219e+00
1.860621690750122070e+00
1.813416719436645508e+00
1.958629846572875977e+00
1.779084920883178711e+00
1.889184951782226562e+00
1.888038635253906250e+00
1.810235261917114258e+00
1.786180734634399414e+00
1.827087640762329102e+00
1.845113515853881836e+00
1.761138439178466797e+00
1.888235807418823242e+00
1.831334590911865234e+00
1.833389043807983398e+00
1.768399000167846680e+00
1.811060905456542969e+00
1.735476255416870117e+00
2.027712583541870117e+00
1.801309108734130859e+00
1.846534252166748047e+00
1.869852542877197266e+00
1.828320026397705078e+00
1.727356433868408203e+00
1.855143308639526367e+00
1.818317413330078125e+00
1.772991418838500977e+00
1.765098094940185547e+00
1.787956476211547852e+00
1.783941745758056641e+00
1.783940315246582031e+00
1.814907789230346680e+00
