7.862346144184878538e-02
8.530183727034121310e-02
7.937910146390711463e-02
8.802507836990595969e-02
8.659460802584172112e-02
8.229607250755287262e-02
7.855574530373261866e-02
8.416014941052876730e-02
7.899918915788253782e-02
8.028578348268346210e-02
7.954006638217164804e-02
8.862593576430813358e-02
8.187064198124549552e-02
7.865443425076452943e-02
7.921784908498370747e-02
8.087774294670846409e-02
7.309010773751224710e-02
7.753623188405797673e-02
7.680999632488055839e-02
8.452237001209189637e-02
7.563126736740365119e-02
7.764734653949620369e-02
7.891852393131165710e-02
7.019645424053665150e-02
7.343824511206485661e-02
7.358560335264389962e-02
6.956840689570852054e-02
6.779026217228464879e-02
6.806930693069307425e-02
6.135802469135802351e-02
7.005663629647869428e-02
6.789821384878884369e-02
6.377123713807131278e-02
6.328007988017972374e-02
6.726734139718587580e-02
6.696832579185520162e-02
6.547543075941289481e-02
5.999230867837456599e-02
6.254709871891483974e-02
5.254618072890664127e-02
5.822491304907896625e-02
5.709624796084828563e-02
5.379222434671765418e-02
5.358049771457592397e-02
5.640560165975103818e-02
4.508499630450849699e-02
4.343459703740899097e-02
3.925044315016459895e-02
3.999477192523853003e-02
3.293605023708830182e-02
3.111461205198897198e-02
1.890259910737726590e-02
2.415654520917678849e-02
4.115552037989710782e-02
5.937300063979526754e-02
6.941814969077370057e-02
7.023411371237457679e-02
7.823173089315633988e-02
8.264136022143139804e-02
8.514700267277586221e-02
8.324860193187595681e-02
8.233434330127782641e-02
7.541024677439558954e-02
8.097010137302707022e-02
8.522951466526371145e-02
8.606819052483719035e-02
9.273686855993967804e-02
8.898790579248885835e-02
8.337675872850443259e-02
8.908507223113965034e-02
8.620465479131451947e-02
