1.888812541961669922e+00
1.820552587509155273e+00
1.872992515563964844e+00
1.829409360885620117e+00
1.793963670730590820e+00
1.819060802459716797e+00
1.713720560073852539e+00
1.794000148773193359e+00
1.780848741531372070e+00
1.837624311447143555e+00
1.762088775634765625e+00
1.789598941802978516e+00
1.746397972106933594e+00
1.834036350250244141e+00
1.765595674514770508e+00
1.810123443603515625e+00
1.829977512359619141e+00
1.753097772598266602e+00
1.850304603576660156e+00
1.899635553359985352e+00
1.798773050308227539e+00
1.762414455413818359e+00
1.726155757904052734e+00
1.844544172286987305e+00
1.759959936141967773e+00
1.754597425460815430e+00
1.755921602249145508e+00
1.796226263046264648e+00
1.827875375747680664e+00
1.762683868408203125e+00
1.860876798629760742e+00
1.795290946960449219e+00
1.860495805740356445e+00
1.749048948287963867e+00
1.804681777954101562e+00
1.848422527313232422e+00
1.871306419372558594e+00
1.754671335220336914e+00
1.779927730560302734e+00
1.811625480651855469e+00
1.749690771102905273e+00
1.759054422378540039e+00
1.800899982452392578e+00
1.826696872711181641e+00
1.765582323074340820e+00
1.852772712707519531e+00
1.798802375793457031e+00
1.836343050003051758e+00
1.801522016525268555e+00
1.877680063247680664e+00
1.973388195037841797e+00
1.811742782592773438e+00
1.761659145355224609e+00
1.758730888366699219e+00
1.888130664825439453e+00
1.915337562561035156e+00
1.763008117675781250e+00
1.793617010116577148e+00
1.799750328063964844e+00
1.781411170959472656e+00
1.753019094467163086e+00
1.912667512893676758e+00
1.841639757156372070e+00
1.802025794982910156e+00
1.840640544891357422e+00
1.792635679244995117e+00
1.841191768646240234e+00
1.758407592773437500e+00
1.773437500000000000e+00
1.867357492446899414e+00
1.758200168609619141e+00
1.780858278274536133e+00
1.845372200012207031e+00
1.795272827148437500e+00
1.992683649063110352e+00
1.813110351562500000e+00
1.761124849319458008e+00
1.901170015335083008e+00
1.755551815032958984e+00
1.885713815689086914e+00
1.778152942657470703e+00
1.824613809585571289e+00
1.868722915649414062e+00
1.832388639450073242e+00
1.893433332443237305e+00
1.812063932418823242e+00
