1.065109087785603807e-02
1.311144730206757411e-02
1.197310152534033188e-02
1.127239036442248370e-02
1.309179479372811657e-02
1.504202919923315097e-02
1.434457500381504727e-02
1.354136002355019186e-02
1.247745039085989237e-02
1.093726264620993420e-02
1.126846352977006228e-02
1.499388004895960830e-02
1.316796815189098108e-02
1.198422330097087367e-02
1.352597602213341521e-02
1.508916323731138501e-02
1.126674786845310514e-02
1.506788005370729606e-02
1.637866265965439577e-02
1.514004542013626040e-02
1.722330387898756907e-02
1.958732057416268102e-02
1.796131409272336624e-02
1.876716509002136074e-02
1.631912964641885760e-02
1.715500227721269283e-02
1.842972729997003137e-02
1.731470230862697593e-02
2.088096326779454240e-02
1.637571450641124582e-02
1.624925462134764464e-02
1.819836214740673183e-02
2.430659111243662490e-02
2.294279596206790992e-02
2.373035066505441507e-02
1.936752912694810272e-02
2.246508803885853209e-02
2.428015564202334539e-02
2.549229125324378037e-02
2.489875506224688631e-02
2.153987167736021863e-02
1.585849344312290424e-02
1.565891472868216963e-02
1.931852753270459425e-02
1.593984962406014977e-02
1.368653421633554169e-02
1.592455163883735314e-02
1.241107915846829078e-02
1.553075995174909608e-02
1.173499702911467643e-02
1.099404489234997659e-02
