1.242532855436081218e-01
1.219743711438063538e-01
1.314578005115089598e-01
1.353135313531353134e-01
1.258612769866789272e-01
1.383763837638376515e-01
1.449339207048458145e-01
1.242603550295857950e-01
1.306209850107066250e-01
1.255319148936170082e-01
1.429880843263061363e-01
1.244277985851019591e-01
1.171512852928782156e-01
9.754131398629585503e-02
9.523809523809523281e-02
7.062600321027287520e-02
8.748528834837190904e-02
1.155573703552470327e-01
1.018108651911468765e-01
1.230460921843687383e-01
1.150337167790559251e-01
1.154976900461990724e-01
1.337710299548625359e-01
1.115982463132722258e-01
1.241803278688524553e-01
1.188576228475430457e-01
1.120242214532871927e-01
1.104769669792091263e-01
1.232091690544412643e-01
1.286672254819782035e-01
1.247375052498950060e-01
1.074614760746147590e-01
1.171582883257166613e-01
1.260984182776801465e-01
1.106029106029106091e-01
1.081941129673826552e-01
9.465828750981931938e-02
9.024091465904450493e-02
8.228105906313645801e-02
9.607756721022477076e-02
1.064701064701064764e-01
1.189123376623376638e-01
1.047507788161993747e-01
1.119738455251328146e-01
1.202479338842975254e-01
1.146398140975987551e-01
1.170084439083232813e-01
1.301313628899835872e-01
1.118160190325138831e-01
1.287940935192780911e-01
1.241676459067763416e-01
1.290456431535269843e-01
8.093672966310599959e-02
9.218750000000000555e-02
1.043307086614173179e-01
1.220472440944881942e-01
1.377672209026128136e-01
1.242436466317063393e-01
1.426256077795786115e-01
1.430332922318125755e-01
1.239157372986369327e-01
1.304347826086956486e-01
1.262135922330097082e-01
1.291806020066889604e-01
1.329113924050632778e-01
1.330845771144278655e-01
1.158192090395480239e-01
1.213142375737152473e-01
1.317340067340067311e-01
1.251523770824868043e-01
1.204721204721204697e-01
1.265618702136235285e-01
1.324392288348700819e-01
1.086008719778042003e-01
1.159245888487765719e-01
1.069877615475720439e-01
8.492822966507176941e-02
8.024193548387097141e-02
1.111568546727048218e-01
1.285189718482252219e-01
1.131186174391201893e-01
