1.049270072992700663e-02
1.377118644067796584e-02
9.221902017291066719e-03
1.079545454545454558e-02
9.538950715421302962e-03
1.096033402922755827e-02
1.135073779795686688e-02
1.152737752161383210e-02
9.169363538295576335e-03
1.010638297872340496e-02
8.205128205128205121e-03
1.151947339550191997e-02
8.051529790660224770e-03
7.482629609834313446e-03
8.672086720867208665e-03
9.698275862068965816e-03
1.300813008130081300e-02
8.254716981132075374e-03
1.153846153846153910e-02
1.406250000000000035e-02
8.260196179659267529e-03
1.599558742415885249e-02
8.365867261572783320e-03
1.135190918472652258e-02
9.144701452393759478e-03
1.401401401401401389e-02
1.098901098901098987e-02
1.277955271565495154e-02
1.254573967590172541e-02
1.325556733828207878e-02
9.661835748792270070e-03
1.402805611222444904e-02
1.549973276322822065e-02
2.630136986301370022e-02
2.634245187436676933e-02
5.576012624934244960e-02
3.615702479338842729e-02
1.778242677824267912e-02
1.962864721485411273e-02
9.419152276295132686e-03
1.562500000000000000e-02
1.651571656899307461e-02
1.514360313315926861e-02
1.634877384196185141e-02
2.228260869565217364e-02
2.388535031847133921e-02
1.669274908711528352e-02
2.635740643120717056e-02
2.721774193548387108e-02
2.630166398282340195e-02
3.838174273858921404e-02
3.353658536585366057e-02
5.929304446978335419e-02
4.929971988795518040e-02
6.270270270270270063e-02
7.501378929950358598e-02
2.930207778369739099e-02
1.446170326727370080e-02
1.990049751243781057e-02
1.422041645505332623e-02
1.540154015401540115e-02
1.563342318059299241e-02
1.607717041800642982e-02
1.317870321560358528e-02
1.096605744125326437e-02
1.209455744914788265e-02
8.588298443370907115e-03
1.094091903719912433e-02
7.957559681697612755e-03
1.612006670372429298e-02
9.014084507042254002e-03
1.039956212370005476e-02
1.843575418994413545e-02
2.754677754677754831e-02
5.697232772653283012e-02
1.045679691799669860e-02
7.903055848261328342e-03
7.458710708577517313e-03
9.824198552223370462e-03
1.554126473740621676e-02
5.820105820105819956e-03
8.280565026790063371e-03
1.119023397761953129e-02
1.214361140443505870e-02
1.246105919003115230e-02
1.378254211332312351e-02
1.335972290945076739e-02
1.540913921360255109e-02
2.124269782262347417e-02
2.041884816753926704e-02
3.229398663697104904e-02
3.436988543371521931e-02
4.731861198738170071e-02
3.991705546915499947e-02
1.768070722828913102e-02
1.433882103027084472e-02
1.693121693121693236e-02
1.491769547325102856e-02
1.339046598821638963e-02
1.184706515885837301e-02
9.488666315234581261e-03
1.468354430379746785e-02
1.207851031706089553e-02
1.813186813186813337e-02
1.617795753286147692e-02
1.272534464475079570e-02
1.658374792703150996e-02
2.360515021459227633e-02
1.605995717344753729e-02
2.078053725291434395e-02
2.197213290460878904e-02
2.647217720151269493e-02
1.283482142857142808e-02
1.375894331315354914e-02
1.147028154327424387e-02
1.381978993919292381e-02
1.349831271091113567e-02
1.683867463335143866e-02
1.372212692967409928e-02
1.141439205955335073e-02
1.464208242950108471e-02
7.658643326039387030e-03
1.312910284463894919e-02
9.966777408637873120e-03
1.059085841694537393e-02
1.357220412595005511e-02
2.085620197585071403e-02
1.957585644371941103e-02
2.071668533034714405e-02
1.876675603217158039e-02
2.963776070252469724e-02
1.237890204520990245e-02
1.150086256469235249e-02
8.156606851549754594e-03
1.202843083652268934e-02
8.273579702151130297e-03
1.229946524064171043e-02
1.074053137365743420e-02
1.229946524064171043e-02
9.066666666666667318e-03
1.233875490745933896e-02
1.101928374655647414e-02
1.462317210348706466e-02
9.771986970684038223e-03
8.700380641653071567e-03
1.192411924119241191e-02
1.659292035398230239e-02
1.777313120752744419e-02
3.255813953488372048e-02
1.276161306789178225e-02
1.112877583465818679e-02
8.537886872998933299e-03
8.205689277899342812e-03
1.155462184873949638e-02
7.727975270479134524e-03
7.492507492507492935e-03
1.245262587980509005e-02
1.754385964912280604e-02
1.085832471561530566e-02
1.423877327491785381e-02
1.113585746102449883e-02
8.469791078486730088e-03
1.275239107332624793e-02
1.365374112506826873e-02
9.350935093509350760e-03
1.652452025586353956e-02
1.291016675632060233e-02
1.179624664879356556e-02
1.591657519209659782e-02
1.295896328293736494e-02
1.129639591178052682e-02
1.165254237288135611e-02
1.167108753315649824e-02
1.042752867570385759e-02
1.524224278715296740e-02
1.221543586896168751e-02
1.097631426920855045e-02
7.637752318603382648e-03
9.855072463768115368e-03
1.465201465201465200e-02
1.179112857944974654e-02
1.044529961517317272e-02
7.274762171236709429e-03
7.730535615681943980e-03
8.456659619450317480e-03
1.333333333333333419e-02
9.577464788732394443e-03
1.111111111111111154e-02
9.942438513867085659e-03
9.379885356956748146e-03
1.017675415104445612e-02
1.129305477131564012e-02
1.261829652996845387e-02
9.761388286334056474e-03
1.029252437703141905e-02
1.042752867570385759e-02
1.074691026329930091e-02
1.747678864008738245e-02
9.857612267250822138e-03
1.039387308533916768e-02
