2.728362637878250507e-01
8.501966866241103538e-02
8.347393240428448158e-02
8.620994900955018803e-02
4.181064417419944057e-02
2.975751586108213789e-02
9.334335142917320194e-02
1.198271375239852166e-01
6.194623093602349972e-02
5.004036758103438953e-02
2.981473175986590340e-02
1.990445222777788292e-02
2.485632142651882093e-02
2.708486586236973082e-02
1.755797019504015677e-02
5.836784111164707023e-03
3.329547250788444240e-03
2.435895675166624419e-03
8.568796572286652147e-04
0.000000000000000000e+00
0.000000000000000000e+00
0.000000000000000000e+00
0.000000000000000000e+00
0.000000000000000000e+00
0.000000000000000000e+00
0.000000000000000000e+00
0.000000000000000000e+00
0.000000000000000000e+00
0.000000000000000000e+00
0.000000000000000000e+00
0.000000000000000000e+00
0.000000000000000000e+00
0.000000000000000000e+00
0.000000000000000000e+00
0.000000000000000000e+00
0.000000000000000000e+00
0.000000000000000000e+00
0.000000000000000000e+00
0.000000000000000000e+00
0.000000000000000000e+00
0.000000000000000000e+00
0.000000000000000000e+00
0.000000000000000000e+00
0.000000000000000000e+00
0.000000000000000000e+00
0.000000000000000000e+00
0.000000000000000000e+00
0.000000000000000000e+00
0.000000000000000000e+00
0.000000000000000000e+00
