1.459000000000000000e+03
1.290000000000000000e+03
1.269000000000000000e+03
1.272000000000000000e+03
1.248000000000000000e+03
1.207000000000000000e+03
1.205000000000000000e+03
1.290000000000000000e+03
1.304000000000000000e+03
1.144000000000000000e+03
1.236000000000000000e+03
1.237000000000000000e+03
1.276000000000000000e+03
1.355000000000000000e+03
1.353000000000000000e+03
1.326000000000000000e+03
1.268000000000000000e+03
1.321000000000000000e+03
1.313000000000000000e+03
1.285000000000000000e+03
1.277000000000000000e+03
1.272000000000000000e+03
1.216000000000000000e+03
1.363000000000000000e+03
1.329000000000000000e+03
1.287000000000000000e+03
1.347000000000000000e+03
1.270000000000000000e+03
1.325000000000000000e+03
1.227000000000000000e+03
1.238000000000000000e+03
1.257000000000000000e+03
1.245000000000000000e+03
1.323000000000000000e+03
1.269000000000000000e+03
1.298000000000000000e+03
1.239000000000000000e+03
1.298000000000000000e+03
1.303000000000000000e+03
1.319000000000000000e+03
1.266000000000000000e+03
1.306000000000000000e+03
1.420000000000000000e+03
1.322000000000000000e+03
1.342000000000000000e+03
1.278000000000000000e+03
1.309000000000000000e+03
1.431000000000000000e+03
1.299000000000000000e+03
1.222000000000000000e+03
1.326000000000000000e+03
1.285000000000000000e+03
1.307000000000000000e+03
1.362000000000000000e+03
1.372000000000000000e+03
1.260000000000000000e+03
1.345000000000000000e+03
1.394000000000000000e+03
1.380000000000000000e+03
1.342000000000000000e+03
1.336000000000000000e+03
1.316000000000000000e+03
1.313000000000000000e+03
1.346000000000000000e+03
1.285000000000000000e+03
1.222000000000000000e+03
1.294000000000000000e+03
1.326000000000000000e+03
1.320000000000000000e+03
1.278000000000000000e+03
1.356000000000000000e+03
1.239000000000000000e+03
1.267000000000000000e+03
1.260000000000000000e+03
1.244000000000000000e+03
1.267000000000000000e+03
1.327000000000000000e+03
1.299000000000000000e+03
1.278000000000000000e+03
1.249000000000000000e+03
1.328000000000000000e+03
1.372000000000000000e+03
1.280000000000000000e+03
1.396000000000000000e+03
1.379000000000000000e+03
1.397000000000000000e+03
