3.750000000000000000e+02
3.080000000000000000e+02
3.120000000000000000e+02
3.270000000000000000e+02
3.320000000000000000e+02
3.180000000000000000e+02
3.510000000000000000e+02
3.460000000000000000e+02
3.260000000000000000e+02
3.370000000000000000e+02
3.350000000000000000e+02
3.160000000000000000e+02
3.050000000000000000e+02
3.370000000000000000e+02
2.740000000000000000e+02
2.320000000000000000e+02
2.110000000000000000e+02
2.680000000000000000e+02
3.440000000000000000e+02
3.470000000000000000e+02
3.500000000000000000e+02
3.590000000000000000e+02
3.290000000000000000e+02
3.650000000000000000e+02
3.610000000000000000e+02
3.260000000000000000e+02
3.290000000000000000e+02
3.210000000000000000e+02
3.240000000000000000e+02
3.790000000000000000e+02
3.730000000000000000e+02
3.560000000000000000e+02
3.580000000000000000e+02
3.430000000000000000e+02
3.360000000000000000e+02
3.410000000000000000e+02
3.290000000000000000e+02
3.140000000000000000e+02
2.780000000000000000e+02
3.100000000000000000e+02
2.900000000000000000e+02
2.810000000000000000e+02
2.760000000000000000e+02
2.740000000000000000e+02
2.980000000000000000e+02
2.990000000000000000e+02
2.540000000000000000e+02
2.670000000000000000e+02
2.530000000000000000e+02
2.620000000000000000e+02
2.430000000000000000e+02
2.740000000000000000e+02
2.720000000000000000e+02
3.220000000000000000e+02
3.360000000000000000e+02
3.580000000000000000e+02
3.720000000000000000e+02
3.770000000000000000e+02
3.430000000000000000e+02
3.460000000000000000e+02
3.770000000000000000e+02
3.530000000000000000e+02
3.720000000000000000e+02
3.570000000000000000e+02
3.590000000000000000e+02
3.780000000000000000e+02
3.730000000000000000e+02
3.640000000000000000e+02
3.620000000000000000e+02
3.740000000000000000e+02
3.850000000000000000e+02
3.930000000000000000e+02
3.460000000000000000e+02
4.120000000000000000e+02
3.240000000000000000e+02
3.470000000000000000e+02
3.260000000000000000e+02
2.920000000000000000e+02
2.130000000000000000e+02
1.030000000000000000e+02
2.760000000000000000e+02
