9.236790606653620672e-02
1.066295781177561408e-01
9.078467153284670854e-02
9.295904279797514991e-02
9.614551754006063489e-02
8.303571428571428215e-02
7.919966652771988358e-02
9.098824553765781642e-02
9.777015437392795605e-02
9.572301425661913776e-02
1.006884681583476715e-01
8.693860733415739728e-02
9.563409563409563940e-02
9.562729873314262941e-02
9.220985691573926890e-02
7.201245620864149544e-02
7.062146892655367381e-02
6.352299298519095694e-02
8.014796547472256838e-02
8.431372549019608420e-02
9.112426035502958765e-02
9.449760765550238584e-02
8.590657165479018142e-02
8.942766295707471613e-02
8.190171793847382531e-02
7.599844901124466756e-02
8.454692556634303691e-02
7.984189723320157805e-02
9.154351395730705998e-02
8.279742765273312433e-02
7.555555555555555636e-02
6.389301634472510649e-02
6.526994359387590372e-02
6.014150943396226467e-02
4.574132492113564680e-02
4.422999597909127445e-02
9.338521400778209899e-03
7.106198183971575155e-02
8.333333333333332871e-02
9.748549323017408064e-02
9.396751740139211440e-02
8.600077130736598352e-02
9.771229158588599917e-02
9.183274716686205819e-02
8.793774319066148537e-02
9.731012658227848611e-02
9.732072498029945007e-02
1.035031847133758010e-01
1.040907249898744419e-01
1.011783827712312012e-01
8.915946582875097781e-02
8.993839835728953402e-02
8.580343213728548746e-02
9.772370486656201116e-02
7.930899096976835871e-02
4.659357870007831137e-02
8.534621578099839401e-02
8.562325766626842360e-02
8.890701468189232681e-02
8.564631245043616281e-02
1.013234077750206769e-01
1.021956087824351239e-01
8.716136631330977103e-02
8.483685220729367260e-02
9.362054681027340286e-02
8.744656043528954703e-02
8.945046129161653148e-02
9.265306122448979664e-02
9.811937857726901746e-02
8.876449420231907750e-02
8.333333333333332871e-02
7.511923688394277210e-02
6.494040279490341516e-02
4.861390116512655929e-02
7.304277643260694008e-02
9.113100081366964922e-02
8.881199538638985536e-02
9.558525718914540059e-02
8.387841477491342346e-02
8.909242298084929512e-02
8.997225525168450755e-02
