1.550000000000000000e+02
1.480000000000000000e+02
1.750000000000000000e+02
1.480000000000000000e+02
1.790000000000000000e+02
1.710000000000000000e+02
2.030000000000000000e+02
1.960000000000000000e+02
2.180000000000000000e+02
2.490000000000000000e+02
2.030000000000000000e+02
2.550000000000000000e+02
2.900000000000000000e+02
2.990000000000000000e+02
2.890000000000000000e+02
3.240000000000000000e+02
3.220000000000000000e+02
2.930000000000000000e+02
3.380000000000000000e+02
3.140000000000000000e+02
3.620000000000000000e+02
3.720000000000000000e+02
3.520000000000000000e+02
3.650000000000000000e+02
3.440000000000000000e+02
3.530000000000000000e+02
3.590000000000000000e+02
3.930000000000000000e+02
3.460000000000000000e+02
3.690000000000000000e+02
3.530000000000000000e+02
3.390000000000000000e+02
3.500000000000000000e+02
3.630000000000000000e+02
3.210000000000000000e+02
3.170000000000000000e+02
3.730000000000000000e+02
3.130000000000000000e+02
3.210000000000000000e+02
2.850000000000000000e+02
3.070000000000000000e+02
3.260000000000000000e+02
3.190000000000000000e+02
2.990000000000000000e+02
3.510000000000000000e+02
3.220000000000000000e+02
3.160000000000000000e+02
3.100000000000000000e+02
3.250000000000000000e+02
3.120000000000000000e+02
3.050000000000000000e+02
3.190000000000000000e+02
3.130000000000000000e+02
2.760000000000000000e+02
2.850000000000000000e+02
3.080000000000000000e+02
3.380000000000000000e+02
3.160000000000000000e+02
3.420000000000000000e+02
3.280000000000000000e+02
3.410000000000000000e+02
3.270000000000000000e+02
3.130000000000000000e+02
2.960000000000000000e+02
2.910000000000000000e+02
2.910000000000000000e+02
3.330000000000000000e+02
2.680000000000000000e+02
2.620000000000000000e+02
2.300000000000000000e+02
1.930000000000000000e+02
2.310000000000000000e+02
2.040000000000000000e+02
2.160000000000000000e+02
1.950000000000000000e+02
1.970000000000000000e+02
1.720000000000000000e+02
1.780000000000000000e+02
1.560000000000000000e+02
1.360000000000000000e+02
1.600000000000000000e+02
