8.370000000000000000e+02
8.850000000000000000e+02
9.090000000000000000e+02
9.500000000000000000e+02
8.690000000000000000e+02
9.240000000000000000e+02
9.500000000000000000e+02
8.900000000000000000e+02
9.490000000000000000e+02
9.440000000000000000e+02
8.230000000000000000e+02
9.250000000000000000e+02
8.750000000000000000e+02
8.770000000000000000e+02
8.080000000000000000e+02
8.410000000000000000e+02
8.490000000000000000e+02
8.230000000000000000e+02
7.620000000000000000e+02
7.870000000000000000e+02
6.910000000000000000e+02
6.640000000000000000e+02
5.820000000000000000e+02
5.260000000000000000e+02
4.720000000000000000e+02
3.550000000000000000e+02
3.280000000000000000e+02
4.330000000000000000e+02
5.610000000000000000e+02
5.980000000000000000e+02
6.460000000000000000e+02
6.700000000000000000e+02
7.360000000000000000e+02
7.480000000000000000e+02
7.860000000000000000e+02
8.030000000000000000e+02
8.000000000000000000e+02
7.610000000000000000e+02
8.030000000000000000e+02
7.960000000000000000e+02
8.740000000000000000e+02
9.470000000000000000e+02
9.490000000000000000e+02
9.240000000000000000e+02
9.500000000000000000e+02
9.720000000000000000e+02
8.760000000000000000e+02
9.400000000000000000e+02
9.820000000000000000e+02
9.820000000000000000e+02
1.019000000000000000e+03
