1.283826305852737437e-01
1.488764044943820253e-01
1.415094339622641473e-01
1.645756457564575559e-01
1.496453900709219798e-01
1.480384900074019350e-01
1.377289377289377392e-01
1.371386212008895433e-01
1.413575927221833450e-01
1.065573770491803213e-01
6.480836236933798511e-02
8.990318118948824322e-02
1.178947368421052605e-01
1.048611111111111133e-01
1.342426417803302130e-01
1.400804289544236025e-01
1.405706332637439160e-01
1.558073654390934870e-01
1.390070921985815666e-01
1.590413943355119819e-01
1.592039800995024845e-01
1.446899501069137672e-01
1.443768996960486384e-01
1.472440944881889813e-01
1.522516082916368918e-01
1.298882681564245689e-01
1.475409836065573743e-01
1.412818745692625833e-01
1.409537166900420857e-01
1.409722222222222210e-01
1.304945054945055027e-01
1.336032388663967729e-01
1.306497175141242972e-01
1.282442748091603135e-01
1.350067842605155999e-01
1.047297297297297286e-01
1.343817012151536927e-01
1.132332878581173291e-01
1.197387518142235124e-01
1.161764705882352977e-01
1.408987052551408936e-01
1.205519244734930967e-01
1.070137382501807621e-01
1.323741007194244590e-01
1.008174386920980964e-01
1.225092250922509285e-01
1.350390902629708678e-01
1.432506887052341638e-01
1.398337112622826950e-01
7.604832977967306007e-02
1.216893342877594791e-01
1.421602787456446026e-01
1.515789473684210631e-01
1.441077441077441013e-01
1.331994645247657205e-01
1.455696202531645556e-01
1.415362731152204900e-01
1.575144508670520138e-01
1.425576519916142426e-01
1.498233215547703223e-01
1.482782853127196099e-01
1.341463414634146423e-01
1.383960255500354952e-01
1.369006254343294038e-01
1.539509536784741117e-01
1.419117647058823484e-01
1.374643874643874664e-01
1.493180186647523333e-01
1.422222222222222221e-01
1.384199864956110748e-01
1.470170454545454419e-01
1.592356687898089096e-01
1.438695960311835442e-01
1.347469220246237942e-01
1.108071135430916537e-01
1.056966369251887417e-01
8.806818181818182323e-02
8.445706174591909032e-02
1.242816091954022928e-01
1.196698762035763447e-01
1.357093899931459957e-01
1.362056984016678240e-01
1.340909090909090939e-01
1.332378223495702119e-01
1.400560224089635875e-01
1.582733812949640162e-01
