1.151410477835348306e-02
8.807588075880758149e-03
1.013024602026049194e-02
9.102730819245773500e-03
1.129943502824858753e-02
1.125827814569536379e-02
9.913258983890954265e-03
8.542141230068337268e-03
1.173563928350833917e-02
1.459390862944162474e-02
1.733413030484160303e-02
1.194743130227001252e-02
2.937576499388004983e-02
2.433234421364985009e-02
3.642987249544626938e-02
3.329297820823244602e-02
2.091254752851710863e-02
1.867995018679950020e-02
1.991550995775497740e-02
1.804423748544819670e-02
2.082093991671624122e-02
1.889092017062766679e-02
1.572150477259966206e-02
1.433486238532110171e-02
1.061320754716981070e-02
1.789019123997532407e-02
1.807909604519774074e-02
2.008032128514056214e-02
1.995565410199556453e-02
2.329749103942652458e-02
1.675977653631284883e-02
1.562500000000000000e-02
1.763990267639902604e-02
1.864512119328775794e-02
1.820317087492660107e-02
2.355580482333146514e-02
2.913198573127229532e-02
2.958236658932714494e-02
3.151862464183381035e-02
4.228707564026205901e-02
5.272108843537415268e-02
5.344418052256531826e-02
4.276508494434680396e-02
3.033838973162193697e-02
4.076590487955528141e-02
3.211859172328598161e-02
4.629080118694361978e-02
4.499703966844286612e-02
4.676258992805755466e-02
5.111244738424534223e-02
3.416856492027334907e-02
2.523474178403755860e-02
1.763224181360201551e-02
1.402439024390243934e-02
7.678676904902539783e-03
7.954545454545453725e-03
8.586147681740126728e-03
6.787330316742081621e-03
1.020408163265306041e-02
1.552238805970149182e-02
7.869589657110737102e-03
8.828722778104767036e-03
1.418439716312056703e-02
1.410934744268077523e-02
1.388085598611914391e-02
7.941009642654565590e-03
1.149425287356321823e-02
1.495215311004784685e-02
1.168907071887784893e-02
1.033295063145809461e-02
1.153612629022465058e-02
1.479795105293113186e-02
1.676300578034681937e-02
1.432835820895522402e-02
9.552238805970149349e-03
1.869722557297949506e-02
2.167545401288810750e-02
2.222222222222222307e-02
4.278379920136907849e-02
5.060379528464634818e-02
7.528735632183908288e-02
