2.140000000000000000e+02
1.680000000000000000e+02
1.940000000000000000e+02
1.880000000000000000e+02
1.680000000000000000e+02
1.970000000000000000e+02
1.720000000000000000e+02
1.830000000000000000e+02
1.610000000000000000e+02
1.700000000000000000e+02
1.160000000000000000e+02
8.500000000000000000e+01
1.320000000000000000e+02
1.590000000000000000e+02
1.840000000000000000e+02
2.200000000000000000e+02
2.110000000000000000e+02
1.780000000000000000e+02
1.810000000000000000e+02
1.910000000000000000e+02
1.930000000000000000e+02
2.110000000000000000e+02
1.860000000000000000e+02
2.010000000000000000e+02
1.990000000000000000e+02
1.840000000000000000e+02
2.010000000000000000e+02
1.950000000000000000e+02
2.010000000000000000e+02
2.000000000000000000e+02
1.930000000000000000e+02
1.720000000000000000e+02
1.870000000000000000e+02
1.730000000000000000e+02
1.740000000000000000e+02
1.480000000000000000e+02
1.420000000000000000e+02
1.580000000000000000e+02
1.700000000000000000e+02
1.630000000000000000e+02
1.800000000000000000e+02
1.740000000000000000e+02
1.790000000000000000e+02
2.010000000000000000e+02
1.450000000000000000e+02
1.790000000000000000e+02
1.700000000000000000e+02
1.940000000000000000e+02
1.950000000000000000e+02
1.490000000000000000e+02
1.610000000000000000e+02
1.930000000000000000e+02
2.130000000000000000e+02
2.290000000000000000e+02
2.040000000000000000e+02
2.150000000000000000e+02
1.990000000000000000e+02
1.860000000000000000e+02
2.210000000000000000e+02
1.950000000000000000e+02
2.020000000000000000e+02
2.020000000000000000e+02
1.970000000000000000e+02
1.880000000000000000e+02
1.920000000000000000e+02
2.130000000000000000e+02
2.200000000000000000e+02
1.840000000000000000e+02
1.870000000000000000e+02
1.820000000000000000e+02
1.970000000000000000e+02
2.160000000000000000e+02
1.910000000000000000e+02
1.790000000000000000e+02
1.670000000000000000e+02
1.300000000000000000e+02
1.280000000000000000e+02
1.770000000000000000e+02
1.750000000000000000e+02
2.000000000000000000e+02
1.540000000000000000e+02
2.030000000000000000e+02
1.900000000000000000e+02
1.930000000000000000e+02
2.080000000000000000e+02
2.060000000000000000e+02
