1.517000000000000000e+03
1.317000000000000000e+03
1.137000000000000000e+03
1.249000000000000000e+03
1.272000000000000000e+03
1.308000000000000000e+03
1.374000000000000000e+03
1.298000000000000000e+03
1.294000000000000000e+03
1.301000000000000000e+03
1.327000000000000000e+03
1.324000000000000000e+03
1.323000000000000000e+03
1.347000000000000000e+03
1.424000000000000000e+03
1.385000000000000000e+03
1.376000000000000000e+03
1.397000000000000000e+03
1.420000000000000000e+03
1.454000000000000000e+03
1.390000000000000000e+03
1.342000000000000000e+03
1.376000000000000000e+03
1.421000000000000000e+03
1.424000000000000000e+03
1.431000000000000000e+03
1.391000000000000000e+03
1.417000000000000000e+03
1.393000000000000000e+03
1.411000000000000000e+03
1.384000000000000000e+03
1.416000000000000000e+03
1.445000000000000000e+03
1.385000000000000000e+03
1.337000000000000000e+03
1.438000000000000000e+03
1.529000000000000000e+03
1.451000000000000000e+03
1.444000000000000000e+03
1.399000000000000000e+03
1.435000000000000000e+03
1.482000000000000000e+03
1.502000000000000000e+03
1.314000000000000000e+03
1.375000000000000000e+03
1.407000000000000000e+03
1.361000000000000000e+03
1.378000000000000000e+03
1.354000000000000000e+03
1.344000000000000000e+03
1.408000000000000000e+03
1.409000000000000000e+03
1.381000000000000000e+03
1.418000000000000000e+03
1.392000000000000000e+03
1.430000000000000000e+03
1.421000000000000000e+03
1.439000000000000000e+03
1.347000000000000000e+03
1.338000000000000000e+03
1.380000000000000000e+03
1.410000000000000000e+03
1.447000000000000000e+03
1.495000000000000000e+03
1.407000000000000000e+03
1.369000000000000000e+03
1.351000000000000000e+03
1.356000000000000000e+03
1.466000000000000000e+03
1.433000000000000000e+03
1.356000000000000000e+03
1.393000000000000000e+03
1.357000000000000000e+03
1.468000000000000000e+03
1.425000000000000000e+03
1.399000000000000000e+03
1.402000000000000000e+03
1.352000000000000000e+03
1.392000000000000000e+03
1.441000000000000000e+03
1.436000000000000000e+03
1.415000000000000000e+03
1.383000000000000000e+03
1.327000000000000000e+03
1.350000000000000000e+03
1.409000000000000000e+03
