1.101099999999999923e+01
1.101600000000000001e+01
1.101099999999999923e+01
1.100999999999999979e+01
1.101099999999999923e+01
1.101099999999999923e+01
1.100799999999999912e+01
1.100600000000000023e+01
1.100699999999999967e+01
1.100699999999999967e+01
1.100300000000000011e+01
1.100799999999999912e+01
1.100399999999999956e+01
1.100399999999999956e+01
1.100699999999999967e+01
1.100200000000000067e+01
1.100600000000000023e+01
1.099900000000000055e+01
1.100600000000000023e+01
1.100600000000000023e+01
1.100300000000000011e+01
1.100200000000000067e+01
1.099900000000000055e+01
1.099900000000000055e+01
1.099900000000000055e+01
1.100000000000000000e+01
1.099900000000000055e+01
1.099600000000000044e+01
1.099900000000000055e+01
1.099900000000000055e+01
1.099499999999999922e+01
1.099900000000000055e+01
1.099900000000000055e+01
1.100399999999999956e+01
1.099900000000000055e+01
1.099499999999999922e+01
1.099499999999999922e+01
1.099600000000000044e+01
1.099000000000000021e+01
1.099600000000000044e+01
1.099000000000000021e+01
1.099399999999999977e+01
1.099600000000000044e+01
1.099600000000000044e+01
1.099099999999999966e+01
1.099399999999999977e+01
1.099900000000000055e+01
1.099399999999999977e+01
1.098700000000000010e+01
1.099399999999999977e+01
1.099300000000000033e+01
1.098900000000000077e+01
1.099099999999999966e+01
1.099099999999999966e+01
1.099099999999999966e+01
1.099499999999999922e+01
1.098700000000000010e+01
1.098700000000000010e+01
1.099099999999999966e+01
1.098700000000000010e+01
1.098300000000000054e+01
1.098499999999999943e+01
1.099099999999999966e+01
1.098499999999999943e+01
1.098700000000000010e+01
1.098700000000000010e+01
1.099000000000000021e+01
1.098700000000000010e+01
1.098700000000000010e+01
1.098499999999999943e+01
1.098700000000000010e+01
1.098600000000000065e+01
1.099000000000000021e+01
1.099000000000000021e+01
1.098499999999999943e+01
1.098300000000000054e+01
1.098700000000000010e+01
1.098499999999999943e+01
1.099000000000000021e+01
1.098499999999999943e+01
1.098300000000000054e+01
