8.659981768459435597e-03
9.397457158651189094e-03
1.231671554252199499e-02
1.104362230811706258e-02
6.864988558352402327e-03
9.933774834437086518e-03
6.977992485238861814e-03
1.464435146443514649e-02
6.470881035340965773e-03
8.994708994708994557e-03
1.350621285791464045e-02
8.456659619450317480e-03
1.245937161430119185e-02
1.371254443880142240e-02
2.192513368983957378e-02
4.153522607781282711e-02
4.224598930481283238e-02
3.665207877461706953e-02
3.057254030016675825e-02
1.262493424513413953e-02
1.006889242183359873e-02
1.136363636363636395e-02
1.225114854517611075e-02
8.012018027040559986e-03
1.595470921255789931e-02
1.241593378168649731e-02
2.113739305485656805e-02
1.731160896130346308e-02
1.079691516709511620e-02
2.290473711608537188e-02
2.367472979927946405e-02
3.094875697615423471e-02
3.508771929824561209e-02
2.701242571582928090e-02
4.040404040404040747e-02
4.191616766467065602e-02
4.518558364712210729e-02
5.257452574525744993e-02
2.221100454316001990e-02
1.929092805005213837e-02
1.959686450167973104e-02
1.868659903897490829e-02
1.422041645505332623e-02
1.235839340885684819e-02
1.335387776065742084e-02
1.693063899508465489e-02
1.321809862735129695e-02
1.165871754107048255e-02
1.793032786885245811e-02
1.436170212765957438e-02
1.366263794009458729e-02
1.546391752577319645e-02
1.354872329338197012e-02
1.443078567610903314e-02
3.324937027707808301e-02
2.855711422845691461e-02
8.542713567839196193e-03
1.468274777136864204e-02
1.126005361930294824e-02
9.457441513190641483e-03
7.310704960835508713e-03
1.201671891327063708e-02
1.080802882141019064e-02
1.091476091476091537e-02
1.611226611226611316e-02
9.018036072144288914e-03
1.607050285121824906e-02
9.292720702116674669e-03
1.408450704225352144e-02
2.190170940170940023e-02
2.182539682539682419e-02
2.318392581143740444e-02
2.560000000000000123e-02
2.945817990531299224e-02
3.389830508474576259e-02
2.692713833157339004e-02
1.648351648351648394e-02
1.514360313315926861e-02
1.300108342361863505e-02
9.032943676939426264e-03
8.810572687224670421e-03
