1.210025929127052716e-02
1.013684744044602085e-02
1.184346035015448016e-02
7.780082987551867335e-03
6.202290076335877783e-03
1.240238860817638976e-02
5.903723887375113104e-03
9.276437847866419659e-03
8.152173913043478035e-03
9.037505648441029535e-03
8.510638297872340566e-03
1.253357206803939160e-02
7.894736842105263414e-03
9.130434782608696370e-03
9.565217391304347422e-03
1.926369863013698697e-02
3.894472361809045435e-02
5.399568034557235274e-02
2.939975500204165121e-02
9.178139340842720456e-03
1.234567901234567833e-02
1.420810697868783896e-02
1.421800947867298513e-02
1.625320786997433778e-02
1.734820322180917126e-02
1.723395088323998250e-02
2.481076534903280117e-02
3.092352695361471129e-02
2.349869451697127881e-02
2.663847780126850015e-02
2.937576499388004983e-02
3.493821900298253041e-02
5.370290168904287564e-02
4.792589609343535922e-02
6.807990216061965416e-02
6.949646275488971514e-02
1.039562289562289549e-01
2.888237756383424046e-02
1.826298701298701213e-02
1.643713904931141598e-02
1.577669902912621352e-02
1.376146788990825764e-02
1.211631663974151868e-02
1.050080775444264987e-02
8.790288823775638249e-03
1.235584843492586529e-02
9.779951100244498735e-03
1.131313131313131312e-02
1.129234629861982503e-02
1.017501017501017471e-02
1.094003241491085972e-02
1.264274061990212049e-02
1.318500206015657192e-02
9.873617693522906968e-03
3.993274485077763503e-02
4.606604158173664698e-02
1.123110151187904984e-02
1.176948051948051993e-02
1.078050884001724961e-02
8.536064874093043930e-03
1.245169600686990043e-02
9.872480460715754927e-03
1.282051282051282007e-02
1.001669449081802991e-02
1.297016861219195925e-02
8.037225042301183661e-03
1.284246575342465682e-02
1.327623126338329726e-02
1.462599247806101177e-02
1.714046822742474815e-02
2.025862068965517127e-02
2.449149024491490204e-02
4.036858271171566565e-02
5.994212484497726118e-02
5.123825789923142776e-02
1.398305084745762698e-02
1.055873295204575422e-02
1.317891373801916878e-02
1.033591731266149914e-02
1.479046836483155318e-02
1.458333333333333356e-02
