1.176470588235294101e-02
1.369863013698630061e-02
1.334411645774363081e-02
1.344404903123764400e-02
1.100196463654224029e-02
1.181262729124236271e-02
1.474582848273185871e-02
9.291521486643437855e-03
1.312649164677804313e-02
1.217596229379418714e-02
1.022012578616352148e-02
1.148514851485148494e-02
8.945935433683391627e-03
1.447574334898278636e-02
1.571709233791748414e-02
2.241447109712937577e-02
4.032258064516128920e-02
5.036807438977140838e-02
1.732283464566929110e-02
1.700949367088607639e-02
1.454974439638222553e-02
1.612903225806451568e-02
1.849665486029122494e-02
1.293759512937595058e-02
2.113821138211382025e-02
2.441860465116279036e-02
1.760563380281690224e-02
2.003853564547206090e-02
2.041617589320769699e-02
2.603123748498197693e-02
2.548785344484269175e-02
3.314696485623003230e-02
4.337631887456037255e-02
5.005912495072920715e-02
5.222437137330754320e-02
5.637533106318577680e-02
8.184794470716624804e-02
3.193535975375143970e-02
1.132370167903162805e-02
1.656314699792960782e-02
1.335491703763658396e-02
1.444184231069477013e-02
1.141459437423563046e-02
1.090909090909090995e-02
1.010509296685529503e-02
1.208702659145850095e-02
1.192307692307692339e-02
8.952899961074348850e-03
9.659806803863923291e-03
1.368159203980099520e-02
1.624695369618196425e-02
1.379870129870129809e-02
1.333856414280109801e-02
1.075681905493661161e-02
1.722787783868441613e-02
4.408817635270541324e-02
9.678668215253581966e-03
9.761811792268645233e-03
9.936406995230524786e-03
1.017214397496087573e-02
1.137254901960784229e-02
1.093749999999999931e-02
1.047964530431277734e-02
1.077414205905826046e-02
9.561752988047808252e-03
8.750994431185361508e-03
1.785714285714285615e-02
1.216545012165450197e-02
1.455906821963394264e-02
1.413133832086450534e-02
1.750198886237072302e-02
3.475513428120063225e-02
3.595317725752508048e-02
5.510860820595334109e-02
2.962962962962963076e-02
1.257861635220125854e-02
1.246882793017456414e-02
1.078390709249274146e-02
1.150842581175503566e-02
8.495145631067960862e-03
1.201823456278491506e-02
