6.210000000000000000e+02
6.140000000000000000e+02
6.310000000000000000e+02
6.270000000000000000e+02
6.720000000000000000e+02
6.790000000000000000e+02
7.010000000000000000e+02
6.150000000000000000e+02
6.520000000000000000e+02
6.570000000000000000e+02
6.760000000000000000e+02
6.510000000000000000e+02
6.450000000000000000e+02
6.020000000000000000e+02
5.910000000000000000e+02
6.310000000000000000e+02
5.390000000000000000e+02
5.690000000000000000e+02
6.300000000000000000e+02
6.030000000000000000e+02
6.070000000000000000e+02
6.430000000000000000e+02
6.580000000000000000e+02
6.360000000000000000e+02
6.210000000000000000e+02
7.360000000000000000e+02
6.860000000000000000e+02
6.890000000000000000e+02
6.960000000000000000e+02
6.440000000000000000e+02
6.850000000000000000e+02
7.140000000000000000e+02
7.220000000000000000e+02
6.260000000000000000e+02
6.920000000000000000e+02
7.530000000000000000e+02
