1.119899999999999984e+01
1.119899999999999984e+01
1.120599999999999952e+01
1.120400000000000063e+01
1.119999999999999929e+01
1.119800000000000040e+01
1.120599999999999952e+01
1.120400000000000063e+01
1.120199999999999996e+01
1.120299999999999940e+01
1.120299999999999940e+01
1.119899999999999984e+01
1.120299999999999940e+01
1.119899999999999984e+01
1.119699999999999918e+01
1.119500000000000028e+01
1.119400000000000084e+01
1.119400000000000084e+01
1.119800000000000040e+01
1.119699999999999918e+01
1.119699999999999918e+01
1.119299999999999962e+01
1.119400000000000084e+01
1.119800000000000040e+01
1.119400000000000084e+01
1.119699999999999918e+01
1.119299999999999962e+01
1.119800000000000040e+01
1.119400000000000084e+01
1.119500000000000028e+01
1.119400000000000084e+01
1.119100000000000072e+01
1.119100000000000072e+01
1.119400000000000084e+01
1.119100000000000072e+01
1.119800000000000040e+01
1.119400000000000084e+01
1.119699999999999918e+01
1.119400000000000084e+01
1.119699999999999918e+01
1.118999999999999950e+01
1.119100000000000072e+01
1.118999999999999950e+01
1.119100000000000072e+01
1.118699999999999939e+01
1.119100000000000072e+01
1.119500000000000028e+01
1.119400000000000084e+01
1.119100000000000072e+01
1.118900000000000006e+01
1.119100000000000072e+01
1.119100000000000072e+01
1.118999999999999950e+01
1.119100000000000072e+01
1.118699999999999939e+01
1.119500000000000028e+01
1.119400000000000084e+01
1.119100000000000072e+01
1.119100000000000072e+01
1.119400000000000084e+01
1.119100000000000072e+01
1.118900000000000006e+01
1.118599999999999994e+01
1.119100000000000072e+01
1.118699999999999939e+01
1.119100000000000072e+01
1.119100000000000072e+01
1.119100000000000072e+01
1.118900000000000006e+01
1.118500000000000050e+01
1.119100000000000072e+01
1.118900000000000006e+01
1.119100000000000072e+01
1.118900000000000006e+01
1.118699999999999939e+01
1.118900000000000006e+01
1.118900000000000006e+01
1.118900000000000006e+01
1.118599999999999994e+01
1.118299999999999983e+01
1.118900000000000006e+01
1.118599999999999994e+01
1.118299999999999983e+01
1.118900000000000006e+01
1.118900000000000006e+01
1.118699999999999939e+01
