2.139000000000000000e+03
1.836000000000000000e+03
1.773000000000000000e+03
1.680000000000000000e+03
1.726000000000000000e+03
1.781000000000000000e+03
1.775000000000000000e+03
1.874000000000000000e+03
1.754000000000000000e+03
1.796000000000000000e+03
1.752000000000000000e+03
1.798000000000000000e+03
1.837000000000000000e+03
1.744000000000000000e+03
1.850000000000000000e+03
1.889000000000000000e+03
1.870000000000000000e+03
1.752000000000000000e+03
1.811000000000000000e+03
1.824000000000000000e+03
1.901000000000000000e+03
1.807000000000000000e+03
1.851000000000000000e+03
1.834000000000000000e+03
1.763000000000000000e+03
1.796000000000000000e+03
1.788000000000000000e+03
1.842000000000000000e+03
1.846000000000000000e+03
1.785000000000000000e+03
1.835000000000000000e+03
1.883000000000000000e+03
1.686000000000000000e+03
1.777000000000000000e+03
1.786000000000000000e+03
1.847000000000000000e+03
1.789000000000000000e+03
1.777000000000000000e+03
1.849000000000000000e+03
1.783000000000000000e+03
1.735000000000000000e+03
1.814000000000000000e+03
1.826000000000000000e+03
1.866000000000000000e+03
1.954000000000000000e+03
1.923000000000000000e+03
1.845000000000000000e+03
1.900000000000000000e+03
1.786000000000000000e+03
1.936000000000000000e+03
1.908000000000000000e+03
1.891000000000000000e+03
1.905000000000000000e+03
1.806000000000000000e+03
1.856000000000000000e+03
1.838000000000000000e+03
1.848000000000000000e+03
1.903000000000000000e+03
1.802000000000000000e+03
1.898000000000000000e+03
1.798000000000000000e+03
1.924000000000000000e+03
1.845000000000000000e+03
1.800000000000000000e+03
1.863000000000000000e+03
1.873000000000000000e+03
1.810000000000000000e+03
1.827000000000000000e+03
1.811000000000000000e+03
1.779000000000000000e+03
1.784000000000000000e+03
1.820000000000000000e+03
1.874000000000000000e+03
1.838000000000000000e+03
1.823000000000000000e+03
1.749000000000000000e+03
1.776000000000000000e+03
1.823000000000000000e+03
1.806000000000000000e+03
1.910000000000000000e+03
1.880000000000000000e+03
