1.847343683242797852e+00
1.855074167251586914e+00
1.834347009658813477e+00
1.759922266006469727e+00
1.785400390625000000e+00
1.875616550445556641e+00
1.823696374893188477e+00
1.772592782974243164e+00
1.784884929656982422e+00
1.804359436035156250e+00
1.784447669982910156e+00
2.010721206665039062e+00
1.749205112457275391e+00
1.754821300506591797e+00
1.777961492538452148e+00
1.820408582687377930e+00
1.799587488174438477e+00
1.781445980072021484e+00
1.765776157379150391e+00
1.787418603897094727e+00
1.844808578491210938e+00
1.755331516265869141e+00
1.749466896057128906e+00
1.823120355606079102e+00
1.830519914627075195e+00
1.967531681060791016e+00
1.750651836395263672e+00
1.795922279357910156e+00
1.825922250747680664e+00
1.765113592147827148e+00
1.768409013748168945e+00
1.780483007431030273e+00
1.857206106185913086e+00
1.759256124496459961e+00
1.785912036895751953e+00
1.823884010314941406e+00
1.774595975875854492e+00
1.695937156677246094e+00
1.855288267135620117e+00
1.777417659759521484e+00
1.810165643692016602e+00
1.751305341720581055e+00
1.774602651596069336e+00
1.822997093200683594e+00
1.748643398284912109e+00
1.747311592102050781e+00
1.859129190444946289e+00
1.831452369689941406e+00
1.962764501571655273e+00
1.783192396163940430e+00
1.848386287689208984e+00
1.828696012496948242e+00
1.741886854171752930e+00
1.959219455718994141e+00
1.787146329879760742e+00
1.798774480819702148e+00
1.753265857696533203e+00
1.864048719406127930e+00
1.955118417739868164e+00
1.756888151168823242e+00
1.699521541595458984e+00
1.873871564865112305e+00
1.798263549804687500e+00
1.784927129745483398e+00
1.758225679397583008e+00
1.779831171035766602e+00
1.858350515365600586e+00
1.837496280670166016e+00
1.743333339691162109e+00
1.791981458663940430e+00
1.763009309768676758e+00
1.790812969207763672e+00
1.959427833557128906e+00
1.788655042648315430e+00
1.825354814529418945e+00
1.784370183944702148e+00
1.800207138061523438e+00
1.860660076141357422e+00
1.832487344741821289e+00
1.757151603698730469e+00
1.785138130187988281e+00
1.830796241760253906e+00
1.823233366012573242e+00
1.770631790161132812e+00
1.898653268814086914e+00
1.821379184722900391e+00
1.864681243896484375e+00
1.829095602035522461e+00
1.776782989501953125e+00
1.803655624389648438e+00
1.690152406692504883e+00
1.932473659515380859e+00
1.869393587112426758e+00
1.830198287963867188e+00
1.857858657836914062e+00
1.774511098861694336e+00
1.876612186431884766e+00
1.747824907302856445e+00
1.906200170516967773e+00
1.823610305786132812e+00
1.795206785202026367e+00
1.818589448928833008e+00
1.708650112152099609e+00
1.869579792022705078e+00
1.741353750228881836e+00
1.766278982162475586e+00
1.722545385360717773e+00
1.812175273895263672e+00
1.843129396438598633e+00
1.744302988052368164e+00
1.859534978866577148e+00
1.817457914352416992e+00
1.844661712646484375e+00
1.812137603759765625e+00
1.778341293334960938e+00
2.032917022705078125e+00
1.813292264938354492e+00
1.877085924148559570e+00
1.843017816543579102e+00
1.898559808731079102e+00
1.824542760848999023e+00
1.832535266876220703e+00
1.757576704025268555e+00
1.795887947082519531e+00
1.840351343154907227e+00
1.820480823516845703e+00
1.762522459030151367e+00
1.782102346420288086e+00
1.767931222915649414e+00
1.858122348785400391e+00
1.993795633316040039e+00
1.821416378021240234e+00
1.817135334014892578e+00
1.833057403564453125e+00
1.786066055297851562e+00
1.741855621337890625e+00
1.813873529434204102e+00
1.768656253814697266e+00
1.793190956115722656e+00
1.811808347702026367e+00
1.771268844604492188e+00
1.837242364883422852e+00
1.797312259674072266e+00
1.808857917785644531e+00
1.735522985458374023e+00
1.758492708206176758e+00
1.792401075363159180e+00
1.821355819702148438e+00
1.704169034957885742e+00
1.856381177902221680e+00
1.806334257125854492e+00
1.764008045196533203e+00
1.766726970672607422e+00
1.887281179428100586e+00
1.809851169586181641e+00
1.750314235687255859e+00
1.745321035385131836e+00
1.798390626907348633e+00
1.916847467422485352e+00
1.749539852142333984e+00
1.842185974121093750e+00
1.796130418777465820e+00
1.832547664642333984e+00
2.001570224761962891e+00
1.831075668334960938e+00
1.803035259246826172e+00
1.804182291030883789e+00
1.752571105957031250e+00
1.973016738891601562e+00
1.790331840515136719e+00
1.825078964233398438e+00
1.756966114044189453e+00
1.795705318450927734e+00
1.820547819137573242e+00
1.758445262908935547e+00
1.703567028045654297e+00
1.842431306838989258e+00
1.756623268127441406e+00
1.760514974594116211e+00
1.833981990814208984e+00
1.814198732376098633e+00
1.816766500473022461e+00
1.696510314941406250e+00
1.792487144470214844e+00
1.794100999832153320e+00
1.813677787780761719e+00
1.778726577758789062e+00
1.859059333801269531e+00
1.725667476654052734e+00
1.760174274444580078e+00
1.753297567367553711e+00
1.833764314651489258e+00
1.806019783020019531e+00
1.829121351242065430e+00
1.806101083755493164e+00
1.882464885711669922e+00
1.877737760543823242e+00
1.802142381668090820e+00
1.785468101501464844e+00
1.808561801910400391e+00
