7.760459899902343750e+00
7.778721570968627930e+00
7.782989263534545898e+00
7.669830322265625000e+00
7.715521812438964844e+00
7.678589820861816406e+00
7.759444236755371094e+00
7.709302425384521484e+00
8.003320455551147461e+00
7.725023746490478516e+00
7.932433843612670898e+00
7.717175722122192383e+00
7.927784681320190430e+00
7.689851045608520508e+00
7.725914239883422852e+00
7.715127229690551758e+00
7.725759983062744141e+00
7.762618064880371094e+00
7.767954111099243164e+00
7.720137596130371094e+00
7.671614408493041992e+00
7.738882303237915039e+00
7.730079412460327148e+00
7.828926563262939453e+00
7.686710834503173828e+00
7.752156734466552734e+00
7.690062999725341797e+00
7.739768743515014648e+00
7.752947568893432617e+00
7.734797000885009766e+00
7.666496276855468750e+00
7.709256649017333984e+00
7.861484766006469727e+00
7.808955669403076172e+00
7.986281394958496094e+00
7.623810052871704102e+00
7.732889652252197266e+00
7.616346836090087891e+00
7.749166011810302734e+00
7.747153759002685547e+00
7.689930200576782227e+00
7.778624773025512695e+00
7.738724470138549805e+00
7.739035844802856445e+00
7.664270639419555664e+00
7.861727476119995117e+00
7.711552381515502930e+00
7.713697671890258789e+00
7.660655975341796875e+00
7.684053182601928711e+00
7.711384534835815430e+00
7.663515090942382812e+00
7.763883352279663086e+00
7.649017572402954102e+00
7.753269433975219727e+00
7.702714204788208008e+00
7.710616588592529297e+00
7.718858242034912109e+00
7.797458171844482422e+00
7.734567642211914062e+00
7.759933710098266602e+00
7.703919410705566406e+00
7.719026088714599609e+00
7.820531845092773438e+00
7.672008275985717773e+00
7.724514484405517578e+00
7.696242809295654297e+00
7.743439912796020508e+00
7.768977165222167969e+00
7.740925788879394531e+00
7.679299354553222656e+00
