1.098000000000000043e+01
1.097799999999999976e+01
1.097600000000000087e+01
1.098099999999999987e+01
1.097600000000000087e+01
1.097799999999999976e+01
1.098099999999999987e+01
1.097600000000000087e+01
1.097700000000000031e+01
1.097600000000000087e+01
1.097799999999999976e+01
1.097700000000000031e+01
1.098199999999999932e+01
1.098000000000000043e+01
1.097600000000000087e+01
1.098000000000000043e+01
1.097700000000000031e+01
1.097600000000000087e+01
1.097300000000000075e+01
1.097600000000000087e+01
1.097799999999999976e+01
1.098000000000000043e+01
1.097600000000000087e+01
1.097799999999999976e+01
1.097000000000000064e+01
1.097600000000000087e+01
1.097600000000000087e+01
1.097199999999999953e+01
1.097199999999999953e+01
1.097600000000000087e+01
1.097700000000000031e+01
1.097600000000000087e+01
1.097400000000000020e+01
1.097300000000000075e+01
1.097300000000000075e+01
1.097600000000000087e+01
1.097600000000000087e+01
1.097199999999999953e+01
1.097600000000000087e+01
1.096899999999999942e+01
1.097000000000000064e+01
1.096799999999999997e+01
1.097199999999999953e+01
1.096899999999999942e+01
1.097000000000000064e+01
1.096799999999999997e+01
1.096899999999999942e+01
1.097199999999999953e+01
1.096899999999999942e+01
1.097300000000000075e+01
1.097199999999999953e+01
1.097000000000000064e+01
1.097199999999999953e+01
1.096599999999999930e+01
1.097000000000000064e+01
1.096799999999999997e+01
1.097300000000000075e+01
1.096799999999999997e+01
1.097000000000000064e+01
1.096899999999999942e+01
1.096899999999999942e+01
1.096499999999999986e+01
1.096799999999999997e+01
1.096599999999999930e+01
1.097199999999999953e+01
1.096400000000000041e+01
1.096599999999999930e+01
1.096799999999999997e+01
1.096499999999999986e+01
1.096599999999999930e+01
1.096499999999999986e+01
1.096799999999999997e+01
1.096100000000000030e+01
1.096599999999999930e+01
1.095899999999999963e+01
1.096499999999999986e+01
1.096400000000000041e+01
1.096599999999999930e+01
1.096499999999999986e+01
1.096599999999999930e+01
1.096499999999999986e+01
