2.260610103607177734e+00
2.250697612762451172e+00
2.195509433746337891e+00
2.207055091857910156e+00
2.243921041488647461e+00
2.255050897598266602e+00
2.205899477005004883e+00
2.289847612380981445e+00
2.363172054290771484e+00
2.258133888244628906e+00
2.212016820907592773e+00
2.367650985717773438e+00
2.315020561218261719e+00
2.202499628067016602e+00
2.202153921127319336e+00
2.337113618850708008e+00
2.245671272277832031e+00
2.214720010757446289e+00
2.211857080459594727e+00
2.283864974975585938e+00
2.227884054183959961e+00
2.206270933151245117e+00
2.282636404037475586e+00
2.332627296447753906e+00
2.250862360000610352e+00
2.299975156784057617e+00
2.297721624374389648e+00
2.326780319213867188e+00
2.274211168289184570e+00
2.305245876312255859e+00
2.267547369003295898e+00
2.325132369995117188e+00
2.280249595642089844e+00
2.216008663177490234e+00
2.236916542053222656e+00
2.262131452560424805e+00
2.205703496932983398e+00
2.301946878433227539e+00
2.334530115127563477e+00
2.246131420135498047e+00
2.224415540695190430e+00
2.319333553314208984e+00
2.231649637222290039e+00
2.271861076354980469e+00
2.300759315490722656e+00
2.308619499206542969e+00
2.222598314285278320e+00
2.227858781814575195e+00
2.346686601638793945e+00
2.290196180343627930e+00
2.320203542709350586e+00
2.243386745452880859e+00
2.269524574279785156e+00
2.297287225723266602e+00
2.268997907638549805e+00
2.273027420043945312e+00
2.207377672195434570e+00
2.361550331115722656e+00
2.258465528488159180e+00
2.294819831848144531e+00
2.277750015258789062e+00
2.268789052963256836e+00
2.246125936508178711e+00
2.262109994888305664e+00
2.256077051162719727e+00
2.340583562850952148e+00
2.229176044464111328e+00
2.244743585586547852e+00
2.286929607391357422e+00
2.242603778839111328e+00
2.355370759963989258e+00
2.276930570602416992e+00
2.297313451766967773e+00
2.334746599197387695e+00
2.255105972290039062e+00
2.216345071792602539e+00
2.323262214660644531e+00
2.288499355316162109e+00
2.276382923126220703e+00
2.280059337615966797e+00
2.242373466491699219e+00
