2.268566370010375977e+00
2.242568492889404297e+00
2.299607515335083008e+00
2.292545795440673828e+00
2.322225570678710938e+00
2.241150379180908203e+00
2.282556056976318359e+00
2.342284202575683594e+00
2.295008182525634766e+00
2.262621879577636719e+00
2.237313747406005859e+00
2.286489963531494141e+00
2.270188570022583008e+00
2.262013196945190430e+00
2.262134552001953125e+00
2.312015771865844727e+00
2.265407562255859375e+00
2.219677686691284180e+00
2.277717590332031250e+00
2.258774518966674805e+00
2.225027084350585938e+00
2.227447271347045898e+00
2.281661272048950195e+00
2.245455980300903320e+00
2.240938663482666016e+00
2.303850889205932617e+00
2.202549695968627930e+00
2.317011833190917969e+00
2.279915332794189453e+00
2.252104043960571289e+00
2.298249244689941406e+00
2.322265148162841797e+00
2.284384012222290039e+00
2.288865327835083008e+00
2.252952098846435547e+00
2.252971172332763672e+00
2.216205835342407227e+00
2.278296947479248047e+00
2.250738859176635742e+00
2.291063785552978516e+00
2.260257720947265625e+00
2.226680755615234375e+00
2.244843244552612305e+00
2.268979072570800781e+00
2.211109638214111328e+00
2.216028690338134766e+00
2.329853773117065430e+00
2.277892827987670898e+00
2.311172962188720703e+00
2.300212621688842773e+00
2.323767900466918945e+00
2.264838457107543945e+00
2.290150880813598633e+00
2.214050531387329102e+00
2.254512548446655273e+00
2.267094135284423828e+00
2.292660474777221680e+00
2.328200101852416992e+00
2.269583702087402344e+00
2.298873186111450195e+00
2.220339775085449219e+00
2.324944734573364258e+00
2.253313064575195312e+00
2.267013549804687500e+00
2.311620235443115234e+00
2.308449983596801758e+00
2.272369623184204102e+00
2.286090850830078125e+00
2.200350284576416016e+00
2.323127746582031250e+00
2.316363334655761719e+00
2.287775754928588867e+00
2.268769979476928711e+00
2.408262729644775391e+00
2.309419631958007812e+00
2.321568727493286133e+00
2.272289991378784180e+00
2.338613986968994141e+00
2.272671461105346680e+00
2.334294795989990234e+00
2.295054197311401367e+00
