1.651917404129793487e-01
3.582554517133956090e-02
2.194092827004219537e-02
1.822139303482586958e-01
8.529650690495532012e-03
1.403991741225051604e-01
1.227544910179640680e-01
5.826622453813358471e-02
9.729064039408867604e-02
1.118421052631578955e-01
1.818620356970574170e-01
1.351611351611351486e-01
2.036344200962052486e-01
1.603088101725703984e-01
2.413994169096209952e-01
2.305407011289364316e-01
4.712535344015079996e-04
7.113821138211381956e-02
1.376518218623481726e-01
1.947314049586776896e-01
2.239057239057239135e-01
0.000000000000000000e+00
3.266864658464149057e-02
4.741873804971319384e-02
6.073361395069152430e-02
3.730921424533634873e-02
2.064056939501779375e-01
4.882812500000000000e-03
0.000000000000000000e+00
0.000000000000000000e+00
0.000000000000000000e+00
0.000000000000000000e+00
0.000000000000000000e+00
0.000000000000000000e+00
0.000000000000000000e+00
0.000000000000000000e+00
0.000000000000000000e+00
0.000000000000000000e+00
0.000000000000000000e+00
0.000000000000000000e+00
0.000000000000000000e+00
0.000000000000000000e+00
0.000000000000000000e+00
0.000000000000000000e+00
0.000000000000000000e+00
0.000000000000000000e+00
0.000000000000000000e+00
0.000000000000000000e+00
0.000000000000000000e+00
0.000000000000000000e+00
0.000000000000000000e+00
0.000000000000000000e+00
0.000000000000000000e+00
0.000000000000000000e+00
0.000000000000000000e+00
0.000000000000000000e+00
0.000000000000000000e+00
0.000000000000000000e+00
0.000000000000000000e+00
0.000000000000000000e+00
