1.822000000000000000e+03
1.734000000000000000e+03
2.640000000000000000e+03
1.729000000000000000e+03
2.036000000000000000e+03
2.423000000000000000e+03
1.290000000000000000e+03
1.492000000000000000e+03
2.357000000000000000e+03
2.042000000000000000e+03
2.203000000000000000e+03
2.116000000000000000e+03
1.949000000000000000e+03
2.043000000000000000e+03
1.999000000000000000e+03
1.756000000000000000e+03
1.691000000000000000e+03
1.943000000000000000e+03
2.134000000000000000e+03
1.972000000000000000e+03
2.261000000000000000e+03
2.006000000000000000e+03
1.855000000000000000e+03
2.216000000000000000e+03
1.948000000000000000e+03
2.964000000000000000e+03
2.813000000000000000e+03
2.079000000000000000e+03
2.604000000000000000e+03
1.640000000000000000e+03
0.000000000000000000e+00
0.000000000000000000e+00
0.000000000000000000e+00
0.000000000000000000e+00
0.000000000000000000e+00
0.000000000000000000e+00
0.000000000000000000e+00
0.000000000000000000e+00
0.000000000000000000e+00
0.000000000000000000e+00
0.000000000000000000e+00
0.000000000000000000e+00
0.000000000000000000e+00
0.000000000000000000e+00
0.000000000000000000e+00
0.000000000000000000e+00
0.000000000000000000e+00
0.000000000000000000e+00
0.000000000000000000e+00
0.000000000000000000e+00
0.000000000000000000e+00
0.000000000000000000e+00
0.000000000000000000e+00
0.000000000000000000e+00
0.000000000000000000e+00
0.000000000000000000e+00
0.000000000000000000e+00
0.000000000000000000e+00
0.000000000000000000e+00
0.000000000000000000e+00
