3.739715781600598272e-03
2.592912705272255695e-03
7.444168734491315130e-03
1.261564339781328856e-02
7.923930269413629462e-03
2.364066193853427839e-03
7.429420505200593980e-03
6.971340046475600627e-03
6.163328197226502526e-03
7.633587786259541687e-03
1.392961876832844552e-02
1.000000000000000021e-02
7.547169811320754776e-03
6.153846153846153841e-03
6.711409395973154217e-03
6.574141709276844214e-03
5.331302361005331100e-03
7.142857142857142634e-03
6.671608598962193958e-03
1.193139448173005136e-02
8.345978755690439468e-03
9.070294784580499106e-03
1.219512195121951262e-02
5.822416302765648019e-03
6.484149855907781097e-03
1.021152443471918386e-02
8.327550312283136386e-03
7.178750897343861778e-03
7.189072609633357161e-03
6.696428571428571057e-03
4.992867332382310702e-03
1.434720229555236717e-02
2.735562310030395169e-02
1.965230536659108226e-02
2.552881108679795619e-02
2.600297176820208153e-02
2.391975308641975176e-02
2.839600920951650120e-02
4.120443740095087320e-02
1.101321585903083759e-02
1.399116347569955877e-02
7.496251874062968487e-03
1.318681318681318680e-02
9.954058192955589010e-03
8.480565371024734178e-03
7.423904974016332266e-03
1.137225170583775619e-02
1.507537688442210991e-02
8.390541571319604097e-03
9.848484848484847717e-03
8.422664624808576250e-03
9.447674418604650598e-03
8.040935672514619437e-03
6.671608598962193958e-03
1.015965166908563110e-02
5.192878338278931506e-03
7.451564828614008935e-03
1.190476190476190410e-02
1.164483260553129604e-02
9.174311926605505096e-03
1.437814521926671432e-02
1.506456241032998536e-02
9.090909090909090468e-03
1.195499296765119464e-02
1.432880844645550468e-02
1.652892561983471120e-02
1.211203633610900832e-02
1.048689138576779090e-02
2.670623145400593396e-02
1.779095626389918389e-02
2.252252252252252146e-02
2.468212415856394989e-02
1.862891207153502190e-02
3.010752688172043182e-02
3.097345132743362789e-02
4.178674351585014157e-02
4.881769641495042195e-02
7.062146892655367381e-02
8.458781362007168625e-02
4.531946508172362414e-02
2.734663710273466455e-02
2.619760479041916001e-02
1.879699248120300648e-02
2.411347517730496465e-02
1.167031363967906653e-02
1.149425287356321823e-02
1.094091903719912433e-02
8.264462809917355601e-03
1.158580738595220774e-02
1.112759643916914030e-02
9.230769230769231629e-03
1.074498567335243487e-02
2.098408104196816323e-02
1.854599406528189762e-02
1.749271137026239126e-02
2.811824080749819599e-02
1.688411358403683893e-02
1.208459214501510573e-02
1.066260472201066220e-02
4.434589800443458976e-03
1.114413075780089184e-02
3.790750568612585251e-03
1.282051282051282007e-02
1.152737752161383210e-02
8.481110254433307793e-03
1.364942528735632252e-02
1.359084406294706719e-02
8.468052347959968348e-03
1.297709923664122113e-02
1.203912716328066172e-02
1.415797317436661741e-02
1.674277016742770074e-02
1.639344262295082053e-02
2.299703264094955443e-02
3.397683397683397971e-02
4.505169867060561384e-02
3.697875688434303781e-02
4.470938897168405535e-02
1.976573938506588635e-02
1.311728395061728322e-02
1.110288675055514512e-02
1.015228426395939007e-02
1.317829457364341067e-02
1.129518072289156620e-02
1.344286781179985027e-02
5.979073243647234880e-03
1.337295690936106916e-02
8.888888888888888881e-03
1.135442011354420057e-02
6.254886630179827892e-03
1.166407465007776069e-02
1.014040561622464934e-02
1.319875776397515590e-02
1.096491228070175378e-02
9.420289855072464316e-03
1.210287443267776125e-02
1.203007518796992553e-02
5.830903790087463463e-03
7.812500000000000000e-03
9.594095940959409749e-03
8.029197080291971059e-03
7.936507936507936067e-03
9.246088193456614840e-03
5.509641873278237068e-03
8.208955223880596772e-03
1.220442410373760549e-02
9.206798866855523539e-03
7.262164124909223362e-03
8.928571428571428076e-03
1.443768996960486349e-02
9.090909090909090468e-03
9.063444108761330165e-03
8.571428571428571855e-03
6.787330316742081621e-03
5.094614264919941800e-03
5.032350826743350533e-03
7.092198581560283516e-03
7.885304659498208746e-03
5.212211466865227481e-03
9.070294784580499106e-03
6.802721088435373896e-03
5.925925925925925632e-03
7.401924500370095882e-03
8.160237388724036339e-03
7.627765064836002779e-03
3.053435114503816761e-03
1.002147458840372228e-02
7.686932215234101862e-03
1.138952164009111694e-02
4.622496147919877112e-03
5.291005291005290712e-03
6.024096385542168988e-03
8.124076809453470438e-03
1.100513573000733679e-02
9.379509379509379935e-03
7.215007215007215001e-03
7.137758743754460920e-03
1.168736303871439029e-02
8.035062089116142350e-03
1.122754491017964075e-02
8.352315869400151610e-03
5.105762217359591931e-03
7.473841554559042949e-03
7.735583684950773919e-03
1.054216867469879443e-02
4.895104895104895534e-03
6.875477463712757926e-03
1.048689138576779090e-02
7.840342124019957643e-03
6.691449814126394259e-03
1.305293691080493083e-02
6.474820143884891903e-03
7.479431563201196544e-03
6.622516556291390723e-03
1.204819277108433798e-02
1.045856798069187514e-02
6.955177743431220985e-03
6.344171292624900885e-03
1.059001512859304023e-02
7.757951900698215573e-03
