2.545411586761474609e+00
2.508868217468261719e+00
2.494544506072998047e+00
2.555000543594360352e+00
2.528027057647705078e+00
2.526770830154418945e+00
2.473151445388793945e+00
2.444062709808349609e+00
2.534538269042968750e+00
2.551513910293579102e+00
2.598795175552368164e+00
2.476550102233886719e+00
2.560638904571533203e+00
2.644063472747802734e+00
2.669359922409057617e+00
2.616671323776245117e+00
2.608429670333862305e+00
2.508041620254516602e+00
2.486917018890380859e+00
2.556451559066772461e+00
2.513150215148925781e+00
2.618747472763061523e+00
2.548950195312500000e+00
2.553727626800537109e+00
2.554855823516845703e+00
2.558022260665893555e+00
2.709104061126708984e+00
2.491876840591430664e+00
0.000000000000000000e+00
0.000000000000000000e+00
0.000000000000000000e+00
0.000000000000000000e+00
0.000000000000000000e+00
0.000000000000000000e+00
0.000000000000000000e+00
0.000000000000000000e+00
0.000000000000000000e+00
0.000000000000000000e+00
0.000000000000000000e+00
0.000000000000000000e+00
0.000000000000000000e+00
0.000000000000000000e+00
0.000000000000000000e+00
0.000000000000000000e+00
0.000000000000000000e+00
0.000000000000000000e+00
0.000000000000000000e+00
0.000000000000000000e+00
0.000000000000000000e+00
0.000000000000000000e+00
0.000000000000000000e+00
0.000000000000000000e+00
0.000000000000000000e+00
0.000000000000000000e+00
0.000000000000000000e+00
0.000000000000000000e+00
0.000000000000000000e+00
0.000000000000000000e+00
0.000000000000000000e+00
0.000000000000000000e+00
