4.620462046204620518e-03
5.730659025787965440e-03
5.208333333333333044e-03
9.097270818754374377e-03
8.344923504867872086e-03
1.184668989547038413e-02
2.016689847009735595e-02
1.692708333333333218e-02
1.837270341207349056e-02
2.970297029702970160e-02
3.007518796992481036e-02
2.316602316602316483e-02
2.692307692307692457e-02
3.072812291249164829e-02
3.316645807259074180e-02
1.245330012453300071e-02
1.297016861219195925e-02
1.277139208173691011e-02
7.458048477315102481e-03
1.115241635687732290e-02
3.916449086161879513e-03
1.054018445322793193e-02
1.109741060419235439e-02
1.269841269841269840e-02
1.186239620403321468e-02
1.051980198019802047e-02
1.137800252844500641e-02
7.975460122699387297e-03
8.034610630407910958e-03
1.003764115432873201e-02
1.112412177985948498e-02
6.123698714023269665e-03
9.316770186335403964e-03
8.373205741626794582e-03
7.416563658838071921e-03
1.021634615384615398e-02
6.567164179104477244e-03
1.358863495985176105e-02
1.039755351681957186e-02
1.039636127355425543e-02
7.975460122699387297e-03
1.618705035971223019e-02
1.602959309494451229e-02
2.192982456140350755e-02
1.651376146788990917e-02
1.702395964691046787e-02
2.130249543517954980e-02
2.529302899444787339e-02
2.809324566646742224e-02
2.315394242803504518e-02
4.182041820418204436e-02
3.719512195121951054e-02
4.960677555958862422e-02
6.565064478311841145e-02
4.378698224852071302e-02
2.818627450980392204e-02
3.335431088735053839e-02
1.997649823736780128e-02
2.260232131948686565e-02
2.087286527514231604e-02
1.129607609988109336e-02
1.392111368909512703e-02
1.639344262295082053e-02
1.260504201680672301e-02
1.396973224679860272e-02
1.594802126402835099e-02
1.165644171779141140e-02
8.328375966686495449e-03
1.206203331418724892e-02
1.989150090415913244e-02
2.247191011235954994e-02
1.731343283582089526e-02
1.066816395283548546e-02
6.948465547191661797e-03
1.235330450895614531e-02
9.227220299884660026e-03
9.603841536614645194e-03
1.212856276531231077e-02
1.315002988643156068e-02
9.003601440576229978e-03
1.578627808136004798e-02
1.454545454545454544e-02
1.986754966887417304e-02
1.450189155107187849e-02
1.571338780641106173e-02
1.411909146715776588e-02
2.068126520681265110e-02
1.747572815533980639e-02
2.581438229870927983e-02
3.144654088050314461e-02
5.613178767541183306e-02
4.079184163167366706e-02
1.449275362318840597e-02
1.408450704225352144e-02
1.500600240096038387e-02
1.207000603500301729e-02
