1.356000000000000000e+03
1.926000000000000000e+03
2.370000000000000000e+03
1.608000000000000000e+03
2.462000000000000000e+03
1.453000000000000000e+03
2.338000000000000000e+03
2.111000000000000000e+03
1.624000000000000000e+03
1.520000000000000000e+03
2.073000000000000000e+03
2.079000000000000000e+03
1.871000000000000000e+03
2.202000000000000000e+03
1.715000000000000000e+03
1.683000000000000000e+03
2.122000000000000000e+03
2.952000000000000000e+03
1.482000000000000000e+03
1.936000000000000000e+03
1.782000000000000000e+03
1.895000000000000000e+03
2.357000000000000000e+03
2.615000000000000000e+03
1.663000000000000000e+03
1.769000000000000000e+03
1.967000000000000000e+03
2.048000000000000000e+03
0.000000000000000000e+00
0.000000000000000000e+00
0.000000000000000000e+00
0.000000000000000000e+00
0.000000000000000000e+00
0.000000000000000000e+00
0.000000000000000000e+00
0.000000000000000000e+00
0.000000000000000000e+00
0.000000000000000000e+00
0.000000000000000000e+00
0.000000000000000000e+00
0.000000000000000000e+00
0.000000000000000000e+00
0.000000000000000000e+00
0.000000000000000000e+00
0.000000000000000000e+00
0.000000000000000000e+00
0.000000000000000000e+00
0.000000000000000000e+00
0.000000000000000000e+00
0.000000000000000000e+00
0.000000000000000000e+00
0.000000000000000000e+00
0.000000000000000000e+00
0.000000000000000000e+00
0.000000000000000000e+00
0.000000000000000000e+00
0.000000000000000000e+00
0.000000000000000000e+00
0.000000000000000000e+00
0.000000000000000000e+00
