8.800000000000000000e+01
8.900000000000000000e+01
8.400000000000000000e+01
8.800000000000000000e+01
9.200000000000000000e+01
9.100000000000000000e+01
1.020000000000000000e+02
1.100000000000000000e+02
1.250000000000000000e+02
1.210000000000000000e+02
1.140000000000000000e+02
1.070000000000000000e+02
1.210000000000000000e+02
1.380000000000000000e+02
1.290000000000000000e+02
1.180000000000000000e+02
9.900000000000000000e+01
1.370000000000000000e+02
1.260000000000000000e+02
1.550000000000000000e+02
1.570000000000000000e+02
1.440000000000000000e+02
1.410000000000000000e+02
1.530000000000000000e+02
1.700000000000000000e+02
1.710000000000000000e+02
1.620000000000000000e+02
1.560000000000000000e+02
1.550000000000000000e+02
1.750000000000000000e+02
1.780000000000000000e+02
1.970000000000000000e+02
1.640000000000000000e+02
1.890000000000000000e+02
1.740000000000000000e+02
2.210000000000000000e+02
2.200000000000000000e+02
2.220000000000000000e+02
2.260000000000000000e+02
2.690000000000000000e+02
2.970000000000000000e+02
2.950000000000000000e+02
2.970000000000000000e+02
2.870000000000000000e+02
3.140000000000000000e+02
3.360000000000000000e+02
3.260000000000000000e+02
3.020000000000000000e+02
3.600000000000000000e+02
4.180000000000000000e+02
4.150000000000000000e+02
4.460000000000000000e+02
5.010000000000000000e+02
4.720000000000000000e+02
5.250000000000000000e+02
5.230000000000000000e+02
5.370000000000000000e+02
4.520000000000000000e+02
3.590000000000000000e+02
2.750000000000000000e+02
2.260000000000000000e+02
2.300000000000000000e+02
1.860000000000000000e+02
1.990000000000000000e+02
1.740000000000000000e+02
1.970000000000000000e+02
1.880000000000000000e+02
1.760000000000000000e+02
1.800000000000000000e+02
1.810000000000000000e+02
1.950000000000000000e+02
1.650000000000000000e+02
1.670000000000000000e+02
1.700000000000000000e+02
1.280000000000000000e+02
1.410000000000000000e+02
1.080000000000000000e+02
1.190000000000000000e+02
1.280000000000000000e+02
1.080000000000000000e+02
1.200000000000000000e+02
1.030000000000000000e+02
1.110000000000000000e+02
1.280000000000000000e+02
1.050000000000000000e+02
1.070000000000000000e+02
8.600000000000000000e+01
9.500000000000000000e+01
9.800000000000000000e+01
8.800000000000000000e+01
9.700000000000000000e+01
