1.380000000000000000e+02
1.410000000000000000e+02
1.290000000000000000e+02
1.120000000000000000e+02
1.420000000000000000e+02
1.270000000000000000e+02
1.250000000000000000e+02
1.360000000000000000e+02
1.290000000000000000e+02
1.040000000000000000e+02
1.100000000000000000e+02
9.300000000000000000e+01
1.220000000000000000e+02
9.300000000000000000e+01
8.500000000000000000e+01
8.500000000000000000e+01
1.190000000000000000e+02
1.290000000000000000e+02
1.220000000000000000e+02
1.190000000000000000e+02
1.300000000000000000e+02
1.510000000000000000e+02
1.370000000000000000e+02
1.590000000000000000e+02
1.440000000000000000e+02
1.370000000000000000e+02
1.340000000000000000e+02
1.550000000000000000e+02
1.370000000000000000e+02
1.360000000000000000e+02
1.330000000000000000e+02
1.380000000000000000e+02
1.300000000000000000e+02
1.270000000000000000e+02
1.250000000000000000e+02
1.480000000000000000e+02
1.250000000000000000e+02
1.270000000000000000e+02
1.410000000000000000e+02
1.090000000000000000e+02
1.240000000000000000e+02
1.180000000000000000e+02
1.200000000000000000e+02
1.170000000000000000e+02
1.180000000000000000e+02
9.400000000000000000e+01
1.120000000000000000e+02
1.140000000000000000e+02
1.020000000000000000e+02
1.050000000000000000e+02
8.600000000000000000e+01
7.500000000000000000e+01
6.500000000000000000e+01
5.200000000000000000e+01
1.800000000000000000e+01
3.700000000000000000e+01
1.120000000000000000e+02
9.700000000000000000e+01
1.060000000000000000e+02
1.300000000000000000e+02
1.150000000000000000e+02
1.150000000000000000e+02
1.380000000000000000e+02
1.190000000000000000e+02
1.390000000000000000e+02
1.190000000000000000e+02
1.170000000000000000e+02
1.360000000000000000e+02
1.200000000000000000e+02
1.320000000000000000e+02
1.000000000000000000e+02
1.320000000000000000e+02
1.330000000000000000e+02
1.270000000000000000e+02
1.530000000000000000e+02
1.420000000000000000e+02
1.410000000000000000e+02
1.400000000000000000e+02
1.280000000000000000e+02
1.250000000000000000e+02
1.270000000000000000e+02
1.430000000000000000e+02
9.400000000000000000e+01
1.140000000000000000e+02
1.270000000000000000e+02
9.900000000000000000e+01
1.310000000000000000e+02
1.180000000000000000e+02
1.160000000000000000e+02
9.800000000000000000e+01
8.700000000000000000e+01
8.700000000000000000e+01
7.800000000000000000e+01
6.900000000000000000e+01
8.600000000000000000e+01
1.370000000000000000e+02
