1.177336276674025017e-02
1.098901098901098987e-02
9.490940465918895272e-03
7.317073170731707744e-03
1.031746031746031723e-02
6.901840490797546065e-03
6.254886630179827892e-03
3.897116134060794965e-03
6.351446718419195836e-03
7.524454477050413793e-03
6.498194945848375856e-03
1.040892193308550102e-02
7.107320540156360916e-03
7.331378299120235031e-03
9.665427509293680886e-03
5.930318754633061296e-03
9.817671809256661719e-03
7.401924500370095882e-03
8.714596949891068381e-03
1.000000000000000021e-02
7.947976878612716262e-03
9.737827715355805089e-03
7.596685082872927861e-03
5.726556907659269627e-03
7.042253521126760722e-03
7.518796992481202590e-03
4.919184820801124174e-03
7.692307692307692735e-03
5.661712668082095022e-03
7.784854918612880113e-03
1.057082452431289642e-02
1.456310679611650533e-02
1.474719101123595465e-02
2.557014512785072552e-02
2.187286397812713765e-02
4.307250538406317414e-02
3.756201275690999181e-02
3.494423791821561071e-02
4.353835521769177513e-02
2.487198244330651037e-02
1.785714285714285615e-02
1.639344262295082053e-02
1.521438450899031784e-02
9.009009009009008931e-03
1.312154696132596630e-02
6.068779501011463060e-03
8.910212474297464838e-03
7.262164124909223362e-03
1.173222912353347192e-02
1.138790035587188693e-02
1.259622113365990205e-02
6.000000000000000125e-03
1.089918256130790152e-02
1.431639226914817493e-02
1.143674052894924978e-02
1.151907847372210178e-02
7.751937984496123923e-03
9.219858156028368223e-03
1.487491548343475301e-02
1.599443671766342251e-02
7.554945054945054993e-03
8.947006194081211575e-03
1.112656467315716220e-02
9.978617248752673363e-03
1.508295625942684785e-02
1.750547045951859892e-02
1.694915254237288130e-02
2.266081871345029114e-02
1.879194630872483077e-02
2.663786897048235972e-02
2.801867911941294254e-02
2.874331550802139076e-02
3.116147308781869532e-02
3.743700503959683512e-02
4.063360881542699837e-02
4.147157190635451796e-02
5.932809149392423431e-02
7.394366197183098455e-02
9.078212290502793436e-02
7.431457431457431928e-02
3.153468815697266919e-02
2.074391988555078850e-02
1.692420897718911049e-02
1.630434782608695607e-02
1.386001386001385963e-02
2.243829468960359050e-02
1.958041958041958214e-02
1.540616246498599518e-02
2.009702009702009698e-02
1.691474966170500652e-02
1.684210526315789436e-02
1.116902457185405852e-02
8.831521739130434104e-03
2.363896848137535950e-02
2.370990237099023651e-02
1.479289940828402289e-02
1.067615658362989356e-02
1.270903010033444872e-02
1.078894133513149008e-02
8.953168044077135235e-03
1.341281669150521695e-02
1.005025125628140718e-02
1.524601524601524628e-02
1.014198782961460432e-02
2.074688796680497840e-02
1.697216564833672892e-02
1.932045303131245742e-02
1.098901098901098987e-02
1.436388508891928845e-02
2.766531713900135039e-02
1.789401238816242315e-02
2.392344497607655496e-02
1.656314699792960782e-02
3.232607167955024730e-02
3.711201079622132581e-02
5.088339222614841201e-02
6.192170818505338126e-02
4.654545454545454264e-02
2.645861601085481782e-02
1.847903340440653838e-02
1.445086705202312111e-02
1.386962552011095778e-02
8.119079837618402989e-03
1.438848920863309427e-02
1.148648648648648712e-02
8.316008316008316470e-03
9.071877180739706947e-03
1.116538729937194621e-02
1.459346768589298189e-02
1.247401247401247470e-02
1.412429378531073441e-02
1.013024602026049194e-02
7.607192254495158922e-03
1.298701298701298787e-02
8.602150537634408595e-03
7.730147575544623825e-03
8.626887131560028246e-03
8.916323731138545844e-03
7.697690692792162268e-03
8.971704623878536122e-03
6.147540983606557263e-03
8.504606661941884610e-03
4.940014114326041206e-03
6.068779501011463060e-03
4.781420765027322509e-03
4.261363636363636048e-03
1.106500691562932286e-02
7.570543702684101768e-03
5.502063273727647932e-03
1.074546675621222344e-02
6.114130434782608960e-03
8.053691275167786101e-03
1.168384879725085923e-02
8.651766402307137227e-03
7.982583454281566918e-03
1.115241635687732290e-02
9.180790960451977803e-03
1.180555555555555525e-02
6.101694915254237371e-03
6.858710562414265834e-03
9.992862241256245809e-03
3.401360544217686948e-03
7.617728531855955804e-03
3.417634996582364932e-03
1.024140453547915143e-02
1.272984441301273049e-02
1.087695445275322845e-02
9.549795361527967097e-03
1.091405184174624836e-02
1.367989056087551281e-02
1.068090787716955911e-02
5.475701574264202516e-03
1.459854014598540098e-02
8.026755852842808528e-03
3.412969283276450546e-03
8.146639511201628561e-03
8.391608391608391601e-03
8.069939475453934835e-03
8.075370121130551887e-03
1.930501930501930547e-03
5.722460658082975660e-03
5.401755570560432505e-03
4.184100418410041482e-03
1.074546675621222344e-02
4.325883201153568614e-03
1.046755059316119979e-02
5.944517833553500386e-03
9.829619921363040927e-03
1.220387652548456624e-02
9.465855307640297367e-03
8.563899868247694044e-03
6.839945280437756403e-03
5.844155844155844368e-03
4.694835680751173815e-03
3.984063745019920250e-03
9.421265141318977202e-03
9.783368273934311618e-03
9.641873278236914868e-03
4.765146358066712183e-03
7.255936675461741384e-03
