8.204334365325077760e-02
8.756137479541735436e-02
7.619047619047619735e-02
7.886435331230283452e-02
8.671874999999999722e-02
6.504065040650407192e-02
7.913110938712179798e-02
8.296622613803231183e-02
8.172362555720653898e-02
7.184325108853410746e-02
5.303030303030303177e-02
6.286982248520710248e-02
4.996326230712710981e-02
3.225806451612903136e-02
2.310924369747899276e-02
6.751054852320674537e-02
7.659269863994273841e-02
6.801346801346801196e-02
7.212885154061624005e-02
7.346647646219686689e-02
7.707774798927613524e-02
8.804581245526127420e-02
8.423326133909286861e-02
6.981664315937941012e-02
6.940509915014164699e-02
6.827586206896552046e-02
8.031837916063676308e-02
6.931359353970389936e-02
7.204803202134756057e-02
7.765567765567765735e-02
8.363116511794138619e-02
8.327192336035371678e-02
7.337526205450733974e-02
7.811447811447810863e-02
6.680440771349861750e-02
8.304498269896193330e-02
6.984334203655352680e-02
7.472067039106145003e-02
7.133152173913043237e-02
7.595818815331011054e-02
7.665505226480835710e-02
6.487232574189095990e-02
6.949270326615705762e-02
7.372262773722627893e-02
6.250000000000000000e-02
6.605762473647223965e-02
5.978260869565217572e-02
5.849582172701949662e-02
4.374999999999999722e-02
3.374012921751615157e-02
2.099370188943316951e-02
1.470588235294117627e-02
1.173222912353347192e-02
2.775850104094378795e-03
6.779661016949152996e-04
3.796610169491525244e-02
6.552706552706552556e-02
6.241134751773049633e-02
6.476323119777158133e-02
6.806282722513089245e-02
7.524613220815752623e-02
6.254248810333107311e-02
6.910850034554250065e-02
7.254237288135592654e-02
6.770480704129992755e-02
7.194719471947194633e-02
6.433949349760438585e-02
7.719054242002781896e-02
7.128169979437971870e-02
8.280254777070063243e-02
7.457627118644068187e-02
6.222222222222222043e-02
5.838926174496644056e-02
8.252427184466019916e-02
8.775654635527246894e-02
7.363576594345824788e-02
7.659873506676036226e-02
7.473544973544973824e-02
6.464924346629986884e-02
7.232913072329130721e-02
7.582938388625592996e-02
6.685633001422475186e-02
6.596491228070175405e-02
7.284768211920529535e-02
5.388471177944861856e-02
5.397923875432526081e-02
5.934515688949522361e-02
5.720053835800807673e-02
6.075085324232081668e-02
6.391220142027113915e-02
5.124555160142348770e-02
3.640109890109890362e-02
2.994428969359331366e-02
4.596935376415722807e-02
6.785469499657299786e-02
6.776180698151951232e-02
