1.132660977501939448e-01
1.018211920529801390e-01
1.046025104602510414e-01
1.062761506276150569e-01
1.001773049645390129e-01
1.155115511551155077e-01
1.183745583038869204e-01
1.089193825042881619e-01
1.060344827586206934e-01
7.918367346938776086e-02
8.084358523725834744e-02
7.880910683012258555e-02
7.905460472697636853e-02
7.538091419406575677e-02
8.234295415959252962e-02
5.702811244979919675e-02
1.182266009852216693e-01
1.001669449081803026e-01
1.010509296685529468e-01
9.816440542697525695e-02
9.427880741337631154e-02
9.849086576648133362e-02
1.023947151114781157e-01
1.039484286865431095e-01
1.036070606293169605e-01
1.157222665602553879e-01
1.039999999999999952e-01
9.501187648456056734e-02
1.002444987775061164e-01
9.568627450980392302e-02
1.074766355140186896e-01
1.028963414634146284e-01
8.811641067097816804e-02
1.047244094488189031e-01
1.036717062634989195e-01
9.558291093410571648e-02
1.114599686028257403e-01
9.037037037037036480e-02
1.084977238239757252e-01
9.759759759759759068e-02
8.798775822494261933e-02
1.072796934865900415e-01
8.740978348035284562e-02
8.404669260700389777e-02
1.064638783269961919e-01
8.584005869405722522e-02
8.546325878594249192e-02
7.667984189723320299e-02
7.048799380325329600e-02
7.721423164269493322e-02
7.474429583005506861e-02
7.092198581560284210e-02
6.143896523848019209e-02
4.896710022953328079e-02
2.498107494322483052e-02
9.411764705882352117e-03
8.692307692307692235e-02
8.796296296296296502e-02
1.147011308562197046e-01
9.353612167300380531e-02
9.560524286815728912e-02
1.061224489795918324e-01
1.104553119730185551e-01
9.781790820165538192e-02
1.016679904686258878e-01
9.992069785884219457e-02
1.162185602775368670e-01
9.786184210526316374e-02
1.015873015873015872e-01
1.088165210484511453e-01
8.624708624708624094e-02
8.313349320543565735e-02
1.096423017107309439e-01
1.042471042471042469e-01
1.216617210682492539e-01
1.083398285268901001e-01
1.089341692789968646e-01
1.029629629629629645e-01
1.017080745341614884e-01
1.060842433697347931e-01
1.082513247539742679e-01
1.091058244462674298e-01
9.842519685039370636e-02
9.131736526946107602e-02
1.029295328582739560e-01
8.320839580209894726e-02
9.691960931630352882e-02
9.713375796178344568e-02
7.757951900698215053e-02
9.139375476009140020e-02
8.194343727338651573e-02
8.713029576338929272e-02
6.707317073170732113e-02
2.713178294573643373e-02
7.383100902378998687e-02
8.150470219435736186e-02
