1.299399999999999977e+01
1.298700000000000010e+01
1.297899999999999920e+01
1.297499999999999964e+01
1.296799999999999997e+01
1.296499999999999986e+01
1.296199999999999974e+01
1.297499999999999964e+01
1.297499999999999964e+01
1.296899999999999942e+01
1.297199999999999953e+01
1.296799999999999997e+01
1.296599999999999930e+01
1.296400000000000041e+01
1.296100000000000030e+01
1.295800000000000018e+01
1.295800000000000018e+01
1.295800000000000018e+01
1.295700000000000074e+01
1.295800000000000018e+01
1.296000000000000085e+01
1.295599999999999952e+01
1.295700000000000074e+01
1.295599999999999952e+01
1.295700000000000074e+01
1.295500000000000007e+01
1.295199999999999996e+01
1.295199999999999996e+01
1.295500000000000007e+01
1.295199999999999996e+01
1.294899999999999984e+01
1.294800000000000040e+01
1.294699999999999918e+01
1.295100000000000051e+01
1.294500000000000028e+01
1.294800000000000040e+01
1.294500000000000028e+01
1.294500000000000028e+01
1.294400000000000084e+01
1.294299999999999962e+01
1.293999999999999950e+01
1.294200000000000017e+01
1.294400000000000084e+01
1.293099999999999916e+01
1.293399999999999928e+01
1.293500000000000050e+01
1.293500000000000050e+01
1.293599999999999994e+01
1.293599999999999994e+01
1.293500000000000050e+01
1.293399999999999928e+01
1.293200000000000038e+01
1.293599999999999994e+01
1.293599999999999994e+01
1.293099999999999916e+01
1.293200000000000038e+01
1.293399999999999928e+01
1.293599999999999994e+01
1.293099999999999916e+01
1.293099999999999916e+01
1.293099999999999916e+01
1.293599999999999994e+01
1.293200000000000038e+01
1.293099999999999916e+01
1.292999999999999972e+01
1.293099999999999916e+01
1.293200000000000038e+01
1.292800000000000082e+01
1.293099999999999916e+01
1.292800000000000082e+01
1.292800000000000082e+01
1.292800000000000082e+01
1.292800000000000082e+01
1.292999999999999972e+01
1.292699999999999960e+01
1.292800000000000082e+01
1.293099999999999916e+01
1.292999999999999972e+01
1.292800000000000082e+01
1.292800000000000082e+01
1.292800000000000082e+01
1.292800000000000082e+01
1.292600000000000016e+01
1.292699999999999960e+01
1.292800000000000082e+01
1.292800000000000082e+01
1.292800000000000082e+01
1.292699999999999960e+01
1.292300000000000004e+01
1.292500000000000071e+01
1.292600000000000016e+01
1.292300000000000004e+01
1.292500000000000071e+01
1.292500000000000071e+01
1.292300000000000004e+01
1.292500000000000071e+01
