2.270000000000000000e+02
5.600000000000000000e+01
1.520000000000000000e+02
3.080000000000000000e+02
1.390000000000000000e+02
1.530000000000000000e+02
1.010000000000000000e+02
2.980000000000000000e+02
2.150000000000000000e+02
7.000000000000000000e+00
3.340000000000000000e+02
2.880000000000000000e+02
3.140000000000000000e+02
1.720000000000000000e+02
3.500000000000000000e+02
3.320000000000000000e+02
8.600000000000000000e+01
1.100000000000000000e+02
8.000000000000000000e+00
4.400000000000000000e+01
0.000000000000000000e+00
3.170000000000000000e+02
2.200000000000000000e+02
2.670000000000000000e+02
1.440000000000000000e+02
3.410000000000000000e+02
3.780000000000000000e+02
3.840000000000000000e+02
3.870000000000000000e+02
3.040000000000000000e+02
3.100000000000000000e+01
3.330000000000000000e+02
2.600000000000000000e+01
3.720000000000000000e+02
9.400000000000000000e+01
2.140000000000000000e+02
6.900000000000000000e+01
0.000000000000000000e+00
2.060000000000000000e+02
0.000000000000000000e+00
0.000000000000000000e+00
0.000000000000000000e+00
0.000000000000000000e+00
0.000000000000000000e+00
0.000000000000000000e+00
0.000000000000000000e+00
0.000000000000000000e+00
0.000000000000000000e+00
0.000000000000000000e+00
0.000000000000000000e+00
0.000000000000000000e+00
0.000000000000000000e+00
0.000000000000000000e+00
0.000000000000000000e+00
0.000000000000000000e+00
0.000000000000000000e+00
0.000000000000000000e+00
0.000000000000000000e+00
0.000000000000000000e+00
0.000000000000000000e+00
