2.140000000000000000e+02
1.960000000000000000e+02
2.100000000000000000e+02
2.130000000000000000e+02
2.080000000000000000e+02
2.340000000000000000e+02
1.930000000000000000e+02
2.060000000000000000e+02
1.800000000000000000e+02
1.760000000000000000e+02
1.830000000000000000e+02
1.800000000000000000e+02
1.930000000000000000e+02
1.930000000000000000e+02
1.850000000000000000e+02
1.760000000000000000e+02
2.050000000000000000e+02
2.050000000000000000e+02
2.510000000000000000e+02
2.460000000000000000e+02
2.430000000000000000e+02
2.290000000000000000e+02
2.130000000000000000e+02
2.270000000000000000e+02
2.330000000000000000e+02
2.180000000000000000e+02
2.570000000000000000e+02
2.510000000000000000e+02
2.660000000000000000e+02
2.340000000000000000e+02
2.090000000000000000e+02
2.190000000000000000e+02
2.140000000000000000e+02
2.250000000000000000e+02
2.260000000000000000e+02
2.050000000000000000e+02
2.330000000000000000e+02
2.480000000000000000e+02
1.980000000000000000e+02
2.180000000000000000e+02
2.510000000000000000e+02
2.410000000000000000e+02
1.980000000000000000e+02
2.110000000000000000e+02
2.070000000000000000e+02
1.970000000000000000e+02
2.070000000000000000e+02
1.850000000000000000e+02
1.700000000000000000e+02
2.120000000000000000e+02
1.680000000000000000e+02
2.060000000000000000e+02
1.610000000000000000e+02
1.620000000000000000e+02
1.350000000000000000e+02
7.400000000000000000e+01
7.600000000000000000e+01
1.320000000000000000e+02
1.600000000000000000e+02
1.770000000000000000e+02
1.730000000000000000e+02
2.100000000000000000e+02
1.880000000000000000e+02
1.920000000000000000e+02
2.400000000000000000e+02
2.160000000000000000e+02
2.140000000000000000e+02
1.880000000000000000e+02
1.830000000000000000e+02
2.020000000000000000e+02
2.110000000000000000e+02
2.080000000000000000e+02
2.300000000000000000e+02
2.250000000000000000e+02
2.490000000000000000e+02
2.480000000000000000e+02
2.320000000000000000e+02
2.280000000000000000e+02
2.030000000000000000e+02
2.370000000000000000e+02
2.120000000000000000e+02
2.240000000000000000e+02
2.220000000000000000e+02
2.160000000000000000e+02
2.040000000000000000e+02
2.010000000000000000e+02
2.240000000000000000e+02
2.050000000000000000e+02
2.120000000000000000e+02
2.160000000000000000e+02
2.080000000000000000e+02
1.860000000000000000e+02
1.610000000000000000e+02
1.290000000000000000e+02
9.600000000000000000e+01
1.780000000000000000e+02
