1.578645235361653132e-02
1.671844947477437587e-02
1.392717249383432394e-02
1.651735722284434355e-02
1.594306049822064031e-02
2.003362286354721383e-02
1.687137265487920201e-02
1.837378307966543167e-02
1.968838526912181433e-02
2.089175546831183519e-02
1.595214356929212235e-02
2.194907813871817270e-02
2.054988662131519359e-02
1.749893299189073798e-02
2.180820335066435689e-02
1.877587226493199202e-02
2.429265504429837033e-02
2.334458963441491536e-02
2.373462968258507194e-02
1.980198019801980222e-02
2.303099232300255886e-02
2.412946106054038309e-02
2.161764705882352963e-02
2.482839199649481549e-02
2.524357838795394243e-02
2.414486921529174906e-02
2.653988078342322046e-02
2.787406123627960558e-02
2.486653554369204835e-02
2.986151182919792244e-02
3.203499858876657919e-02
3.243783938268076511e-02
2.944104679277485467e-02
3.394886363636363813e-02
3.779619130687599665e-02
4.078680937228811032e-02
4.093567251461988077e-02
4.436048138818919628e-02
4.723289230331483707e-02
4.736615472943878080e-02
4.803865832859579438e-02
4.567172568858909182e-02
5.349204072852430797e-02
5.684007707129094117e-02
6.387887527036770208e-02
6.703601108033241385e-02
6.769662921348314211e-02
7.022986884783528894e-02
7.336280740536059441e-02
7.045171985080812826e-02
7.994448299791810653e-02
6.790295593976575228e-02
4.978740913454944572e-02
4.256526674233825080e-02
3.786159954622802387e-02
3.483309143686501991e-02
2.631578947368420907e-02
3.199332313256363775e-02
3.086944208439535570e-02
2.542138712351478189e-02
2.684092186621697684e-02
2.801545680375379377e-02
2.435290843306429226e-02
2.542134831460674330e-02
2.482758620689655069e-02
2.568781583380123565e-02
2.073119484521641562e-02
2.256680049840786503e-02
2.005532503457814822e-02
1.753653444676409046e-02
1.797848244620611421e-02
1.809954751131221881e-02
1.819207446058383748e-02
1.578073089700996606e-02
1.643326664761360356e-02
1.800167457437901186e-02
