2.005712474262189571e-01,7.082689950398710077e-02,1.759266861778410462e-01
-1.580067289328923597e-02,2.449295530847543992e-02,7.947171394073671014e-02
-1.858638412490858649e-01,8.832911472958698829e-02,1.505274467070416844e-01
9.807888885423976522e-02,1.405775228104136076e-01,-3.628129368047899872e-02
-7.249159886194342373e-02,1.048945118116125230e-01,1.191731428702123285e-01
-1.669328342974583657e-01,1.075916162622444772e-01,8.187893330497639233e-02
1.281392724857693954e-01,5.521826755907049966e-02,6.989398232557827995e-03
2.925331728302116296e-02,3.175303931146506581e-02,3.930503466625087650e-02
-2.951853943899802046e-01,1.314551578838386303e-01,-8.518048619279819378e-02
2.671050677967092279e-01,9.106430672547386265e-03,-5.249473310750138455e-02
3.417560992768914341e-02,4.664556913941852317e-02,4.347692084377632882e-02
-2.009027229583815188e-02,3.861756227642707678e-02,3.379815986058298805e-03
-3.207270583387600293e-02,7.870829171990952056e-02,3.357527528478287948e-02
-5.019606756797140301e-02,7.895361642863721330e-02,-4.400338439232570620e-03
-1.939403315252280491e-02,1.070396036087520181e-01,2.539874849354811781e-02
2.426669103200680966e-01,1.455056205373344014e-01,1.497743478650161997e-01
2.937843919397816195e-01,7.118667076902529880e-03,1.394050435263982923e-01
-6.141647060358224053e-02,7.722562642234877262e-02,2.866472079090096048e-02
-2.801366001668508798e-01,6.252649890320607917e-02,-4.975270749310881091e-03
-5.655211839128249096e-02,2.677440357158319744e-04,-9.532608296632133493e-02
2.810116548699532202e-01,1.216027248729072141e-01,-9.396247220362001495e-02
-2.772098468059823739e-01,1.297842482670256460e-02,1.980456278866722652e-01
-2.496934599537727617e-01,1.486778402310582892e-01,1.886288253333069653e-01
0.000000000000000000e+00,0.000000000000000000e+00,0.000000000000000000e+00
0.000000000000000000e+00,0.000000000000000000e+00,0.000000000000000000e+00
0.000000000000000000e+00,0.000000000000000000e+00,0.000000000000000000e+00
0.000000000000000000e+00,0.000000000000000000e+00,0.000000000000000000e+00
0.000000000000000000e+00,0.000000000000000000e+00,0.000000000000000000e+00
0.000000000000000000e+00,0.000000000000000000e+00,0.000000000000000000e+00
0.000000000000000000e+00,0.000000000000000000e+00,0.000000000000000000e+00
0.000000000000000000e+00,0.000000000000000000e+00,0.000000000000000000e+00
0.000000000000000000e+00,0.000000000000000000e+00,0.000000000000000000e+00
0.000000000000000000e+00,0.000000000000000000e+00,0.000000000000000000e+00
0.000000000000000000e+00,0.000000000000000000e+00,0.000000000000000000e+00
0.000000000000000000e+00,0.000000000000000000e+00,0.000000000000000000e+00
0.000000000000000000e+00,0.000000000000000000e+00,0.000000000000000000e+00
0.000000000000000000e+00,0.000000000000000000e+00,0.000000000000000000e+00
0.000000000000000000e+00,0.000000000000000000e+00,0.000000000000000000e+00
0.000000000000000000e+00,0.000000000000000000e+00,0.000000000000000000e+00
0.000000000000000000e+00,0.000000000000000000e+00,0.000000000000000000e+00
0.000000000000000000e+00,0.000000000000000000e+00,0.000000000000000000e+00
0.000000000000000000e+00,0.000000000000000000e+00,0.000000000000000000e+00
0.000000000000000000e+00,0.000000000000000000e+00,0.000000000000000000e+00
0.000000000000000000e+00,0.000000000000000000e+00,0.000000000000000000e+00
0.000000000000000000e+00,0.000000000000000000e+00,0.000000000000000000e+00
0.000000000000000000e+00,0.000000000000000000e+00,0.000000000000000000e+00
0.000000000000000000e+00,0.000000000000000000e+00,0.000000000000000000e+00
0.000000000000000000e+00,0.000000000000000000e+00,0.000000000000000000e+00
0.000000000000000000e+00,0.000000000000000000e+00,0.000000000000000000e+00
0.000000000000000000e+00,0.000000000000000000e+00,0.000000000000000000e+00
0.000000000000000000e+00,0.000000000000000000e+00,0.000000000000000000e+00
0.000000000000000000e+00,0.000000000000000000e+00,0.000000000000000000e+00
0.000000000000000000e+00,0.000000000000000000e+00,0.000000000000000000e+00
0.000000000000000000e+00,0.000000000000000000e+00,0.000000000000000000e+00
0.000000000000000000e+00,0.000000000000000000e+00,0.000000000000000000e+00
0.000000000000000000e+00,0.000000000000000000e+00,0.000000000000000000e+00
0.000000000000000000e+00,0.000000000000000000e+00,0.000000000000000000e+00
0.000000000000000000e+00,0.000000000000000000e+00,0.000000000000000000e+00
0.000000000000000000e+00,0.000000000000000000e+00,0.000000000000000000e+00
0.000000000000000000e+00,0.000000000000000000e+00,0.000000000000000000e+00
