1.965114593505859375e+00
1.841203212738037109e+00
1.760935068130493164e+00
1.782840728759765625e+00
1.784391641616821289e+00
1.840441942214965820e+00
1.770046949386596680e+00
1.810495615005493164e+00
1.814979553222656250e+00
1.780707597732543945e+00
1.703049182891845703e+00
1.823177337646484375e+00
1.831576585769653320e+00
1.891387224197387695e+00
1.757397174835205078e+00
1.875182390213012695e+00
1.886500597000122070e+00
1.828057050704956055e+00
1.769519805908203125e+00
1.897154331207275391e+00
1.817284107208251953e+00
1.787631750106811523e+00
1.853243350982666016e+00
1.788352251052856445e+00
1.929372787475585938e+00
1.754260540008544922e+00
1.816452264785766602e+00
1.813430786132812500e+00
1.759310007095336914e+00
1.985637903213500977e+00
1.872398376464843750e+00
1.840185642242431641e+00
1.760737180709838867e+00
1.709314107894897461e+00
1.983587026596069336e+00
1.835473299026489258e+00
1.837520122528076172e+00
1.746671915054321289e+00
1.793595552444458008e+00
1.939045429229736328e+00
1.773893117904663086e+00
1.875535249710083008e+00
1.820704936981201172e+00
1.763691425323486328e+00
1.945512056350708008e+00
1.816080331802368164e+00
1.794457197189331055e+00
1.772279024124145508e+00
1.836153268814086914e+00
1.999229907989501953e+00
1.834791183471679688e+00
1.749380111694335938e+00
1.850205659866333008e+00
1.790893077850341797e+00
1.902000904083251953e+00
1.855299472808837891e+00
1.779564380645751953e+00
1.862597227096557617e+00
1.833416461944580078e+00
1.850412130355834961e+00
1.799656867980957031e+00
1.841472148895263672e+00
1.701911449432373047e+00
1.844732046127319336e+00
2.042032003402709961e+00
1.829514026641845703e+00
1.754578590393066406e+00
1.843728780746459961e+00
1.814935684204101562e+00
1.883141994476318359e+00
1.818845033645629883e+00
1.755023479461669922e+00
1.816649913787841797e+00
1.822578668594360352e+00
1.986980199813842773e+00
1.887022972106933594e+00
1.823207139968872070e+00
1.759329080581665039e+00
1.758236169815063477e+00
1.915555477142333984e+00
1.842372179031372070e+00
1.765476226806640625e+00
1.757872581481933594e+00
1.789935111999511719e+00
1.747307538986206055e+00
1.750605821609497070e+00
1.773555040359497070e+00
1.836127042770385742e+00
1.872755527496337891e+00
1.754030466079711914e+00
1.779257774353027344e+00
1.865902900695800781e+00
1.802232027053833008e+00
1.871941328048706055e+00
1.790697813034057617e+00
1.748534440994262695e+00
