1.306700000000000017e+01
1.305499999999999972e+01
1.304700000000000060e+01
1.304299999999999926e+01
1.303700000000000081e+01
1.303200000000000003e+01
1.303299999999999947e+01
1.303800000000000026e+01
1.304299999999999926e+01
1.303899999999999970e+01
1.303899999999999970e+01
1.303700000000000081e+01
1.303400000000000070e+01
1.303400000000000070e+01
1.303700000000000081e+01
1.303299999999999947e+01
1.302899999999999991e+01
1.303200000000000003e+01
1.303200000000000003e+01
1.302500000000000036e+01
1.302200000000000024e+01
1.302399999999999913e+01
1.302200000000000024e+01
1.301999999999999957e+01
1.302200000000000024e+01
1.302200000000000024e+01
1.301999999999999957e+01
1.301999999999999957e+01
1.301999999999999957e+01
1.301699999999999946e+01
1.301999999999999957e+01
1.301699999999999946e+01
1.301500000000000057e+01
1.301500000000000057e+01
1.301500000000000057e+01
1.301099999999999923e+01
1.301299999999999990e+01
1.301699999999999946e+01
1.301099999999999923e+01
1.301099999999999923e+01
1.300799999999999912e+01
1.300799999999999912e+01
1.300799999999999912e+01
1.300799999999999912e+01
1.301099999999999923e+01
1.300500000000000078e+01
1.300300000000000011e+01
1.299399999999999977e+01
1.299600000000000044e+01
1.299499999999999922e+01
1.299600000000000044e+01
1.299200000000000088e+01
1.299399999999999977e+01
1.299099999999999966e+01
1.299399999999999977e+01
1.299099999999999966e+01
1.299499999999999922e+01
1.299000000000000021e+01
1.299200000000000088e+01
1.299000000000000021e+01
1.299000000000000021e+01
1.298600000000000065e+01
1.298700000000000010e+01
1.299000000000000021e+01
1.299000000000000021e+01
1.298799999999999955e+01
1.298700000000000010e+01
1.298799999999999955e+01
1.298700000000000010e+01
1.298499999999999943e+01
1.298600000000000065e+01
1.298700000000000010e+01
1.298700000000000010e+01
1.298700000000000010e+01
1.298600000000000065e+01
1.298700000000000010e+01
1.298799999999999955e+01
1.298099999999999987e+01
1.298499999999999943e+01
1.298199999999999932e+01
1.298199999999999932e+01
1.298199999999999932e+01
1.298499999999999943e+01
1.297899999999999920e+01
1.298099999999999987e+01
1.298199999999999932e+01
1.297899999999999920e+01
1.298199999999999932e+01
1.298099999999999987e+01
1.298499999999999943e+01
1.298099999999999987e+01
1.298199999999999932e+01
1.298099999999999987e+01
1.298199999999999932e+01
1.298099999999999987e+01
1.297799999999999976e+01
