1.281799999999999962e+01
1.280799999999999983e+01
1.280000000000000071e+01
1.278999999999999915e+01
1.278800000000000026e+01
1.278800000000000026e+01
1.278400000000000070e+01
1.278400000000000070e+01
1.278200000000000003e+01
1.278200000000000003e+01
1.278200000000000003e+01
1.277800000000000047e+01
1.277800000000000047e+01
1.277399999999999913e+01
1.277399999999999913e+01
1.277800000000000047e+01
1.277699999999999925e+01
1.277699999999999925e+01
1.277500000000000036e+01
1.277299999999999969e+01
1.277100000000000080e+01
1.276699999999999946e+01
1.276699999999999946e+01
1.276600000000000001e+01
1.276500000000000057e+01
1.276600000000000001e+01
1.276999999999999957e+01
1.276500000000000057e+01
0.000000000000000000e+00
0.000000000000000000e+00
0.000000000000000000e+00
0.000000000000000000e+00
0.000000000000000000e+00
0.000000000000000000e+00
0.000000000000000000e+00
0.000000000000000000e+00
0.000000000000000000e+00
0.000000000000000000e+00
0.000000000000000000e+00
0.000000000000000000e+00
0.000000000000000000e+00
0.000000000000000000e+00
0.000000000000000000e+00
0.000000000000000000e+00
0.000000000000000000e+00
0.000000000000000000e+00
0.000000000000000000e+00
0.000000000000000000e+00
0.000000000000000000e+00
0.000000000000000000e+00
0.000000000000000000e+00
0.000000000000000000e+00
0.000000000000000000e+00
0.000000000000000000e+00
0.000000000000000000e+00
0.000000000000000000e+00
0.000000000000000000e+00
0.000000000000000000e+00
0.000000000000000000e+00
0.000000000000000000e+00
