1.289000000000000000e+03
1.208000000000000000e+03
1.195000000000000000e+03
1.195000000000000000e+03
1.128000000000000000e+03
1.212000000000000000e+03
1.132000000000000000e+03
1.166000000000000000e+03
1.160000000000000000e+03
1.225000000000000000e+03
1.138000000000000000e+03
1.142000000000000000e+03
1.227000000000000000e+03
1.247000000000000000e+03
1.178000000000000000e+03
1.245000000000000000e+03
1.218000000000000000e+03
1.198000000000000000e+03
1.237000000000000000e+03
1.253000000000000000e+03
1.241000000000000000e+03
1.259000000000000000e+03
1.211000000000000000e+03
1.241000000000000000e+03
1.303000000000000000e+03
1.253000000000000000e+03
1.250000000000000000e+03
1.263000000000000000e+03
1.227000000000000000e+03
1.275000000000000000e+03
1.284000000000000000e+03
1.312000000000000000e+03
1.237000000000000000e+03
1.270000000000000000e+03
1.389000000000000000e+03
1.381000000000000000e+03
1.274000000000000000e+03
1.350000000000000000e+03
1.318000000000000000e+03
1.332000000000000000e+03
1.307000000000000000e+03
1.305000000000000000e+03
1.247000000000000000e+03
1.285000000000000000e+03
1.315000000000000000e+03
1.363000000000000000e+03
1.252000000000000000e+03
1.265000000000000000e+03
1.291000000000000000e+03
1.321000000000000000e+03
1.271000000000000000e+03
1.269000000000000000e+03
1.237000000000000000e+03
1.307000000000000000e+03
1.321000000000000000e+03
1.275000000000000000e+03
1.300000000000000000e+03
1.296000000000000000e+03
1.238000000000000000e+03
1.315000000000000000e+03
1.297000000000000000e+03
1.225000000000000000e+03
1.186000000000000000e+03
1.329000000000000000e+03
1.259000000000000000e+03
1.261000000000000000e+03
1.153000000000000000e+03
1.216000000000000000e+03
1.260000000000000000e+03
1.259000000000000000e+03
1.287000000000000000e+03
1.251000000000000000e+03
1.286000000000000000e+03
1.295000000000000000e+03
1.348000000000000000e+03
1.283000000000000000e+03
1.276000000000000000e+03
1.350000000000000000e+03
1.288000000000000000e+03
1.282000000000000000e+03
1.321000000000000000e+03
1.219000000000000000e+03
1.270000000000000000e+03
1.336000000000000000e+03
1.263000000000000000e+03
1.334000000000000000e+03
1.331000000000000000e+03
1.256000000000000000e+03
1.289000000000000000e+03
1.313000000000000000e+03
1.379000000000000000e+03
1.251000000000000000e+03
1.312000000000000000e+03
1.290000000000000000e+03
1.219000000000000000e+03
1.276000000000000000e+03
