8.527131782945736316e-03
5.912162162162162490e-03
9.581881533101044637e-03
9.075907590759076451e-03
7.692307692307692735e-03
7.468259895444361550e-03
6.633499170812603811e-03
8.800000000000000530e-03
2.106847253574115758e-02
2.709359605911330210e-02
2.713178294573643373e-02
4.009077155824508631e-02
4.378420641125879698e-02
4.769001490312965719e-02
5.921539600296076705e-02
2.014388489208632921e-02
1.160261058738216132e-02
1.148600143575017989e-02
9.978617248752673363e-03
1.128668171557562112e-02
1.790830945558739146e-02
1.305293691080493083e-02
1.264880952380952397e-02
9.992862241256245809e-03
9.292351679771264361e-03
1.087744742567077656e-02
7.779349363507779072e-03
1.429646350639578699e-02
9.160305343511450718e-03
8.948545861297538956e-03
9.756097560975609748e-03
1.391788448155880341e-02
1.108801108801108805e-02
1.493598862019914625e-02
1.322556943423952927e-02
1.054852320675105440e-02
1.012292118582791035e-02
1.472754050073637674e-02
1.635991820040899949e-02
1.276276276276276309e-02
1.289009497964721876e-02
1.937207748830995294e-02
1.871101871101871206e-02
1.894736842105263289e-02
2.840909090909090814e-02
2.515295717199184100e-02
2.284946236559139837e-02
2.773925104022191557e-02
3.005865102639296293e-02
3.886693017127799965e-02
4.070556309362279718e-02
5.084745762711864736e-02
7.085561497326203773e-02
8.097165991902834092e-02
9.740714786264891012e-02
5.134627426424546309e-02
3.026315789473684251e-02
2.367688022284122548e-02
1.953942777390090674e-02
2.466525722339675888e-02
1.873698820263705600e-02
1.405622489959839315e-02
1.614987080103359035e-02
1.279317697228144965e-02
1.288135593220338972e-02
9.015256588072121519e-03
8.684034736138945137e-03
1.194426011944260159e-02
1.184990125082291054e-02
1.241018941868060090e-02
2.439024390243902524e-02
1.227390180878553012e-02
1.187150837988826778e-02
1.013513513513513570e-02
7.382550335570469725e-03
8.867667121418827333e-03
1.281186783546864501e-02
1.249132546842470458e-02
1.288135593220338972e-02
1.225016118633139896e-02
1.532033426183843951e-02
1.571038251366120228e-02
8.356545961002785974e-03
1.442307692307692388e-02
1.908657123381049883e-02
1.537475976937860422e-02
1.643835616438356004e-02
1.841359773371104708e-02
2.779922779922779780e-02
2.192362093352192426e-02
3.528628495339547477e-02
4.819277108433735191e-02
6.463326071169207820e-02
4.936530324400564135e-02
2.465753424657534179e-02
1.780626780626780661e-02
