6.968000000000000000e+03
6.759000000000000000e+03
6.893000000000000000e+03
7.144000000000000000e+03
7.025000000000000000e+03
7.138000000000000000e+03
7.409000000000000000e+03
7.293000000000000000e+03
7.060000000000000000e+03
7.132000000000000000e+03
7.021000000000000000e+03
6.834000000000000000e+03
7.056000000000000000e+03
7.029000000000000000e+03
6.924000000000000000e+03
6.764000000000000000e+03
6.998000000000000000e+03
6.811000000000000000e+03
6.994000000000000000e+03
6.868000000000000000e+03
7.034000000000000000e+03
6.921000000000000000e+03
6.800000000000000000e+03
6.847000000000000000e+03
6.774000000000000000e+03
6.958000000000000000e+03
7.046000000000000000e+03
6.924000000000000000e+03
7.118000000000000000e+03
6.932000000000000000e+03
7.086000000000000000e+03
6.998000000000000000e+03
7.031000000000000000e+03
7.040000000000000000e+03
6.879000000000000000e+03
6.914000000000000000e+03
6.840000000000000000e+03
7.146000000000000000e+03
7.029000000000000000e+03
6.967000000000000000e+03
7.036000000000000000e+03
7.116000000000000000e+03
6.973000000000000000e+03
7.266000000000000000e+03
6.935000000000000000e+03
7.220000000000000000e+03
7.120000000000000000e+03
7.091000000000000000e+03
7.238000000000000000e+03
7.239000000000000000e+03
7.205000000000000000e+03
7.172000000000000000e+03
7.291000000000000000e+03
7.048000000000000000e+03
7.052000000000000000e+03
6.890000000000000000e+03
6.916000000000000000e+03
7.189000000000000000e+03
7.062000000000000000e+03
7.238000000000000000e+03
7.116000000000000000e+03
7.246000000000000000e+03
7.186000000000000000e+03
7.120000000000000000e+03
7.250000000000000000e+03
7.124000000000000000e+03
7.139000000000000000e+03
7.223000000000000000e+03
7.230000000000000000e+03
7.185000000000000000e+03
7.064000000000000000e+03
7.072000000000000000e+03
7.091000000000000000e+03
7.224000000000000000e+03
6.998000000000000000e+03
7.166000000000000000e+03
