-1.682250022914823784e-01,1.347417626004991931e-01,-3.302359062545835722e-02
-2.969609387192269634e-01,1.256513825307531244e-02,7.622222528446179202e-02
2.326274602687487536e-01,8.345298236354813104e-02,1.938136446648876243e-01
-7.502132168549127678e-02,5.156733330009052180e-02,3.052018655747001930e-02
2.910718944639075212e-01,2.075276807138086085e-02,1.482547634312125495e-01
-2.273100404092096016e-01,4.333713309924121931e-02,-6.404021450900784784e-03
-9.185644472046894382e-03,6.872658870017038513e-02,1.391913065604606647e-01
1.721893881039554541e-01,1.192355842553251416e-01,9.393994124264770651e-02
6.450663221262237235e-02,1.020532871065362862e-01,-9.177038243586430055e-02
3.728995895055486898e-03,1.354360226428223957e-01,-5.655701277366374097e-02
-8.745982234290980428e-02,7.825495976795969477e-02,8.151190863180590718e-02
-1.439604919428745244e-01,9.341621205327300947e-02,1.018569799881266502e-01
-4.594507016024740320e-02,7.860721887597649227e-02,4.490462544230139352e-02
-2.187564697625354881e-02,7.388527273044298571e-02,7.299532748678616567e-02
-1.542943930343818881e-01,8.258855163929881837e-02,2.926035433527379714e-02
-1.373616998915514198e-01,9.063956306429064858e-02,-3.978012502721617327e-03
2.814843314218685166e-01,3.026037133415785990e-04,-9.601626256191513054e-02
-2.654161250788994453e-02,3.530556627217344267e-03,1.848748267061094686e-01
-2.740895389455810238e-01,9.746308686036883606e-02,3.302629171071019831e-03
-8.476475094527466392e-02,9.842327528373201462e-02,4.405606954529747710e-02
-1.200852803517770961e-01,7.902324228792163840e-02,3.419894682212687442e-02
2.997733408135414002e-01,1.449027548555852363e-01,-4.799381931658330130e-02
-2.027592754489953575e-01,5.295380367846311276e-02,1.999376602838545403e-01
2.820530689215339226e-02,1.474595958620408542e-01,1.883994803342169122e-01
-1.360234536914411707e-01,7.118368169811017943e-02,-9.627400347690986959e-02
-2.838023369639460780e-01,3.485464874640778390e-03,-9.784436288443909557e-02
-9.315507598234393227e-02,8.220940134476127648e-02,4.722473429011250778e-02
-2.837777808006845537e-01,1.497937762463517619e-01,1.768392998672173311e-01
0.000000000000000000e+00,0.000000000000000000e+00,0.000000000000000000e+00
0.000000000000000000e+00,0.000000000000000000e+00,0.000000000000000000e+00
0.000000000000000000e+00,0.000000000000000000e+00,0.000000000000000000e+00
0.000000000000000000e+00,0.000000000000000000e+00,0.000000000000000000e+00
0.000000000000000000e+00,0.000000000000000000e+00,0.000000000000000000e+00
0.000000000000000000e+00,0.000000000000000000e+00,0.000000000000000000e+00
0.000000000000000000e+00,0.000000000000000000e+00,0.000000000000000000e+00
0.000000000000000000e+00,0.000000000000000000e+00,0.000000000000000000e+00
0.000000000000000000e+00,0.000000000000000000e+00,0.000000000000000000e+00
0.000000000000000000e+00,0.000000000000000000e+00,0.000000000000000000e+00
0.000000000000000000e+00,0.000000000000000000e+00,0.000000000000000000e+00
0.000000000000000000e+00,0.000000000000000000e+00,0.000000000000000000e+00
0.000000000000000000e+00,0.000000000000000000e+00,0.000000000000000000e+00
0.000000000000000000e+00,0.000000000000000000e+00,0.000000000000000000e+00
0.000000000000000000e+00,0.000000000000000000e+00,0.000000000000000000e+00
0.000000000000000000e+00,0.000000000000000000e+00,0.000000000000000000e+00
0.000000000000000000e+00,0.000000000000000000e+00,0.000000000000000000e+00
0.000000000000000000e+00,0.000000000000000000e+00,0.000000000000000000e+00
0.000000000000000000e+00,0.000000000000000000e+00,0.000000000000000000e+00
0.000000000000000000e+00,0.000000000000000000e+00,0.000000000000000000e+00
0.000000000000000000e+00,0.000000000000000000e+00,0.000000000000000000e+00
0.000000000000000000e+00,0.000000000000000000e+00,0.000000000000000000e+00
0.000000000000000000e+00,0.000000000000000000e+00,0.000000000000000000e+00
0.000000000000000000e+00,0.000000000000000000e+00,0.000000000000000000e+00
0.000000000000000000e+00,0.000000000000000000e+00,0.000000000000000000e+00
0.000000000000000000e+00,0.000000000000000000e+00,0.000000000000000000e+00
0.000000000000000000e+00,0.000000000000000000e+00,0.000000000000000000e+00
0.000000000000000000e+00,0.000000000000000000e+00,0.000000000000000000e+00
0.000000000000000000e+00,0.000000000000000000e+00,0.000000000000000000e+00
0.000000000000000000e+00,0.000000000000000000e+00,0.000000000000000000e+00
0.000000000000000000e+00,0.000000000000000000e+00,0.000000000000000000e+00
0.000000000000000000e+00,0.000000000000000000e+00,0.000000000000000000e+00
