1.247165532879818545e-01
1.005586592178770999e-01
9.814323607427055673e-02
1.058631921824104288e-01
9.118773946360153593e-02
1.021505376344086086e-01
1.124213836477987449e-01
8.651597817614964381e-02
8.545727136431784110e-02
8.409785932721712542e-02
8.307926829268293123e-02
7.116654438738077848e-02
8.927231807951988007e-02
8.205128205128205121e-02
8.285714285714285143e-02
9.256661991584852478e-02
1.067051189617880258e-01
8.255563531945440958e-02
1.072992700729926974e-01
9.190672153635116859e-02
8.910162002945508364e-02
1.015625000000000000e-01
1.086956521739130405e-01
8.229098090849243374e-02
1.009900990099009965e-01
1.143270622286541305e-01
9.589041095890410427e-02
8.965517241379310220e-02
1.068648266100495348e-01
9.612625538020086458e-02
9.930069930069930495e-02
8.361658735554045041e-02
1.047687861271676263e-01
1.064584811923349889e-01
1.024759284731774356e-01
9.549071618037134612e-02
1.008861622358554894e-01
9.833887043189368238e-02
1.003436426116838531e-01
8.478109798471160363e-02
8.282416836388323267e-02
7.905686546463246145e-02
8.344733242134062812e-02
9.852546916890080053e-02
9.491525423728813804e-02
7.956844234659474213e-02
7.534246575342465335e-02
8.102633355840647977e-02
7.283464566929133410e-02
6.737825216811207940e-02
5.915894511760513147e-02
7.010014306151644836e-02
4.834437086092715358e-02
2.676733013040494269e-02
1.304945054945054993e-02
5.913621262458471778e-02
7.570770243581304015e-02
8.867667121418826293e-02
8.419497784342688806e-02
9.806835066864784400e-02
1.035211267605633811e-01
9.957325746799430832e-02
9.644322845417237222e-02
7.914151576123407139e-02
8.720112517580871914e-02
8.874912648497554346e-02
8.478260869565217017e-02
9.489575844716031938e-02
9.641097818437720235e-02
9.243085880640465601e-02
9.274495138369484581e-02
6.911764705882353366e-02
9.479015918958032250e-02
9.572901325478645751e-02
9.513435003631082187e-02
1.020848310567936679e-01
9.037472446730344944e-02
1.004497751124437815e-01
1.034996276991809322e-01
8.692676249144420941e-02
9.586206896551724421e-02
1.012658227848101250e-01
9.484690067214339437e-02
8.258774948382656411e-02
9.464416727806310159e-02
8.660351826792964114e-02
8.167770419426048645e-02
9.207708779443254943e-02
9.128345916266300542e-02
6.744868035190615396e-02
6.174698795180722649e-02
5.119453924914675602e-02
5.216802168021680147e-02
7.249626307922271695e-02
9.752438109527382382e-02
8.898614150255287902e-02
