1.294299999999999962e+01
1.292300000000000004e+01
1.291300000000000026e+01
1.290700000000000003e+01
1.290499999999999936e+01
1.290300000000000047e+01
1.290199999999999925e+01
1.290199999999999925e+01
1.289899999999999913e+01
1.288799999999999990e+01
1.288899999999999935e+01
1.288599999999999923e+01
1.288899999999999935e+01
1.288899999999999935e+01
1.288899999999999935e+01
1.289000000000000057e+01
1.288799999999999990e+01
1.288799999999999990e+01
1.288799999999999990e+01
1.288799999999999990e+01
1.288400000000000034e+01
1.288799999999999990e+01
1.288799999999999990e+01
1.288599999999999923e+01
1.288000000000000078e+01
1.288400000000000034e+01
1.288400000000000034e+01
1.288400000000000034e+01
1.288400000000000034e+01
1.288400000000000034e+01
1.288100000000000023e+01
1.288400000000000034e+01
1.288100000000000023e+01
1.287899999999999956e+01
1.288100000000000023e+01
1.288100000000000023e+01
1.288100000000000023e+01
1.288000000000000078e+01
1.288100000000000023e+01
1.288199999999999967e+01
1.288000000000000078e+01
1.288100000000000023e+01
1.288100000000000023e+01
1.288400000000000034e+01
1.288000000000000078e+01
1.288100000000000023e+01
1.288400000000000034e+01
1.288400000000000034e+01
1.288100000000000023e+01
1.288000000000000078e+01
1.288199999999999967e+01
