7.716308593750000000e+00
7.662830591201782227e+00
7.729247570037841797e+00
7.701047182083129883e+00
7.743050098419189453e+00
7.746855974197387695e+00
7.811349868774414062e+00
7.751994371414184570e+00
7.892092704772949219e+00
7.785722017288208008e+00
7.902433872222900391e+00
7.703737974166870117e+00
7.701019048690795898e+00
7.665279150009155273e+00
7.681668758392333984e+00
7.729080200195312500e+00
7.692885160446166992e+00
7.685806989669799805e+00
7.725787878036499023e+00
7.923590183258056641e+00
7.760704040527343750e+00
7.852408885955810547e+00
7.717379570007324219e+00
7.738506078720092773e+00
7.722031593322753906e+00
7.761539220809936523e+00
7.772734880447387695e+00
7.647239923477172852e+00
7.696417331695556641e+00
7.682217359542846680e+00
7.704256296157836914e+00
7.655117273330688477e+00
7.696786403656005859e+00
7.690862655639648438e+00
7.721162080764770508e+00
7.713109493255615234e+00
7.662499189376831055e+00
7.703803539276123047e+00
7.733605384826660156e+00
7.899804353713989258e+00
7.687337398529052734e+00
7.714672803878784180e+00
7.653832912445068359e+00
7.662663698196411133e+00
7.749555587768554688e+00
7.772827386856079102e+00
7.748908996582031250e+00
7.683414459228515625e+00
7.777792453765869141e+00
7.723250865936279297e+00
7.726146936416625977e+00
