1.302599999999999980e+01
1.301500000000000057e+01
1.300900000000000034e+01
1.300500000000000078e+01
1.300200000000000067e+01
1.300600000000000023e+01
1.300699999999999967e+01
1.300500000000000078e+01
1.299900000000000055e+01
1.299699999999999989e+01
1.299499999999999922e+01
1.299499999999999922e+01
1.299300000000000033e+01
1.298600000000000065e+01
1.298399999999999999e+01
1.298099999999999987e+01
1.297899999999999920e+01
1.298099999999999987e+01
1.298000000000000043e+01
1.297899999999999920e+01
1.298199999999999932e+01
1.298399999999999999e+01
1.298199999999999932e+01
1.298099999999999987e+01
1.298099999999999987e+01
1.297899999999999920e+01
1.298199999999999932e+01
1.298099999999999987e+01
1.297600000000000087e+01
1.297899999999999920e+01
1.297499999999999964e+01
1.297899999999999920e+01
1.297700000000000031e+01
1.297499999999999964e+01
1.297899999999999920e+01
1.297600000000000087e+01
1.297499999999999964e+01
1.297499999999999964e+01
1.297199999999999953e+01
1.297499999999999964e+01
1.297600000000000087e+01
1.297600000000000087e+01
1.297300000000000075e+01
1.297100000000000009e+01
1.297499999999999964e+01
1.297199999999999953e+01
1.297499999999999964e+01
1.297100000000000009e+01
1.296899999999999942e+01
1.297199999999999953e+01
1.296899999999999942e+01
1.296799999999999997e+01
1.297100000000000009e+01
1.297100000000000009e+01
1.297100000000000009e+01
1.296700000000000053e+01
1.297100000000000009e+01
1.296700000000000053e+01
1.296299999999999919e+01
1.296400000000000041e+01
1.296299999999999919e+01
1.296299999999999919e+01
1.296400000000000041e+01
1.297600000000000087e+01
1.297700000000000031e+01
1.297600000000000087e+01
1.297799999999999976e+01
1.297600000000000087e+01
1.297700000000000031e+01
1.297799999999999976e+01
1.297799999999999976e+01
1.297400000000000020e+01
1.297600000000000087e+01
1.297600000000000087e+01
1.297600000000000087e+01
1.297600000000000087e+01
1.297300000000000075e+01
1.297700000000000031e+01
1.297600000000000087e+01
1.297600000000000087e+01
1.297600000000000087e+01
1.297300000000000075e+01
1.297600000000000087e+01
1.297600000000000087e+01
1.297400000000000020e+01
1.297799999999999976e+01
1.297600000000000087e+01
1.297600000000000087e+01
1.297600000000000087e+01
1.297000000000000064e+01
1.297400000000000020e+01
1.297600000000000087e+01
1.297300000000000075e+01
1.297300000000000075e+01
1.297400000000000020e+01
1.297600000000000087e+01
1.297300000000000075e+01
1.297400000000000020e+01
1.297400000000000020e+01
1.297400000000000020e+01
1.297400000000000020e+01
1.297700000000000031e+01
1.297300000000000075e+01
1.297300000000000075e+01
1.297000000000000064e+01
1.297000000000000064e+01
1.297300000000000075e+01
1.297600000000000087e+01
1.297300000000000075e+01
1.297300000000000075e+01
1.297300000000000075e+01
1.297300000000000075e+01
1.297000000000000064e+01
1.297000000000000064e+01
1.297300000000000075e+01
1.297600000000000087e+01
1.297300000000000075e+01
1.297300000000000075e+01
1.297300000000000075e+01
1.297199999999999953e+01
1.297300000000000075e+01
1.297300000000000075e+01
1.297000000000000064e+01
1.297199999999999953e+01
1.297600000000000087e+01
1.297300000000000075e+01
1.297400000000000020e+01
1.296899999999999942e+01
1.297199999999999953e+01
1.297300000000000075e+01
1.297300000000000075e+01
1.296899999999999942e+01
1.297300000000000075e+01
1.296799999999999997e+01
1.297000000000000064e+01
1.297300000000000075e+01
1.297000000000000064e+01
1.297300000000000075e+01
1.297300000000000075e+01
1.297000000000000064e+01
1.296899999999999942e+01
1.297300000000000075e+01
1.297199999999999953e+01
1.297600000000000087e+01
1.297300000000000075e+01
1.296899999999999942e+01
1.296899999999999942e+01
1.297300000000000075e+01
1.296799999999999997e+01
1.297300000000000075e+01
1.297199999999999953e+01
1.297300000000000075e+01
1.296799999999999997e+01
1.296899999999999942e+01
1.297000000000000064e+01
1.296499999999999986e+01
1.297000000000000064e+01
1.296899999999999942e+01
1.296899999999999942e+01
1.297300000000000075e+01
1.297000000000000064e+01
1.297199999999999953e+01
1.297300000000000075e+01
1.297000000000000064e+01
1.297300000000000075e+01
1.297000000000000064e+01
1.296899999999999942e+01
1.296899999999999942e+01
1.297000000000000064e+01
1.296899999999999942e+01
1.297000000000000064e+01
1.296899999999999942e+01
1.296899999999999942e+01
1.297300000000000075e+01
1.297199999999999953e+01
1.296799999999999997e+01
1.296799999999999997e+01
1.296899999999999942e+01
1.296799999999999997e+01
1.297000000000000064e+01
1.296899999999999942e+01
1.296899999999999942e+01
1.296400000000000041e+01
1.297199999999999953e+01
1.296499999999999986e+01
1.296799999999999997e+01
1.296899999999999942e+01
1.297300000000000075e+01
1.296799999999999997e+01
1.296700000000000053e+01
1.296899999999999942e+01
1.296899999999999942e+01
1.296899999999999942e+01
1.296899999999999942e+01
1.296799999999999997e+01
1.297000000000000064e+01
1.297000000000000064e+01
1.296700000000000053e+01
1.296799999999999997e+01
1.297000000000000064e+01
