1.867532253265380859e+00
1.848983287811279297e+00
1.820252418518066406e+00
1.756859779357910156e+00
1.887578487396240234e+00
1.756701231002807617e+00
1.744407415390014648e+00
1.855242013931274414e+00
1.857251405715942383e+00
1.770002603530883789e+00
1.750419139862060547e+00
1.751154184341430664e+00
1.836013555526733398e+00
1.747398614883422852e+00
1.785731315612792969e+00
1.780066013336181641e+00
1.821093320846557617e+00
1.750592231750488281e+00
1.751487493515014648e+00
1.816738128662109375e+00
1.821542263031005859e+00
1.760751962661743164e+00
1.755579233169555664e+00
1.868821859359741211e+00
1.837141513824462891e+00
1.763287305831909180e+00
1.793500661849975586e+00
1.865507364273071289e+00
1.808650016784667969e+00
1.751444578170776367e+00
1.802223205566406250e+00
1.838246583938598633e+00
1.742108583450317383e+00
1.768884181976318359e+00
1.787108182907104492e+00
1.816360950469970703e+00
1.757413864135742188e+00
1.763414144515991211e+00
1.874282121658325195e+00
1.841143131256103516e+00
1.866689205169677734e+00
1.863955974578857422e+00
1.764772891998291016e+00
1.803989171981811523e+00
1.760524034500122070e+00
1.794316530227661133e+00
1.811362504959106445e+00
1.764371871948242188e+00
1.756917238235473633e+00
1.813446044921875000e+00
1.945654392242431641e+00
1.750230789184570312e+00
1.747743129730224609e+00
1.799556970596313477e+00
1.824408531188964844e+00
1.750973939895629883e+00
1.758932828903198242e+00
1.827096223831176758e+00
1.801209211349487305e+00
1.837875366210937500e+00
1.789767742156982422e+00
1.747291088104248047e+00
1.816220998764038086e+00
1.760657310485839844e+00
1.799847364425659180e+00
1.790794610977172852e+00
1.749986410140991211e+00
1.826698064804077148e+00
1.828476667404174805e+00
1.810294151306152344e+00
1.749080181121826172e+00
1.753177881240844727e+00
1.819340467453002930e+00
1.803196907043457031e+00
1.752873897552490234e+00
1.796096801757812500e+00
1.747260093688964844e+00
1.756613969802856445e+00
1.776272773742675781e+00
1.804221630096435547e+00
1.816072702407836914e+00
1.851346015930175781e+00
1.962564229965209961e+00
1.733240365982055664e+00
1.771435976028442383e+00
1.795861244201660156e+00
1.764955520629882812e+00
1.868130445480346680e+00
1.823652029037475586e+00
1.748283147811889648e+00
1.721975326538085938e+00
1.820713043212890625e+00
1.836335182189941406e+00
1.748094797134399414e+00
1.789977073669433594e+00
1.816476345062255859e+00
