5.070000000000000000e+02
5.190000000000000000e+02
5.210000000000000000e+02
5.500000000000000000e+02
5.350000000000000000e+02
5.520000000000000000e+02
6.110000000000000000e+02
5.770000000000000000e+02
5.800000000000000000e+02
5.430000000000000000e+02
5.470000000000000000e+02
5.310000000000000000e+02
5.560000000000000000e+02
5.210000000000000000e+02
5.530000000000000000e+02
5.100000000000000000e+02
5.200000000000000000e+02
5.590000000000000000e+02
5.300000000000000000e+02
5.450000000000000000e+02
4.940000000000000000e+02
5.310000000000000000e+02
5.240000000000000000e+02
5.150000000000000000e+02
5.080000000000000000e+02
5.320000000000000000e+02
5.190000000000000000e+02
4.570000000000000000e+02
4.640000000000000000e+02
4.330000000000000000e+02
4.450000000000000000e+02
3.960000000000000000e+02
4.480000000000000000e+02
4.060000000000000000e+02
3.480000000000000000e+02
3.800000000000000000e+02
3.210000000000000000e+02
3.120000000000000000e+02
2.640000000000000000e+02
2.230000000000000000e+02
2.260000000000000000e+02
2.440000000000000000e+02
3.210000000000000000e+02
3.460000000000000000e+02
3.580000000000000000e+02
3.220000000000000000e+02
3.900000000000000000e+02
4.350000000000000000e+02
4.810000000000000000e+02
4.260000000000000000e+02
5.070000000000000000e+02
5.280000000000000000e+02
4.810000000000000000e+02
5.220000000000000000e+02
4.930000000000000000e+02
4.780000000000000000e+02
5.340000000000000000e+02
4.840000000000000000e+02
5.010000000000000000e+02
5.170000000000000000e+02
5.260000000000000000e+02
5.090000000000000000e+02
5.030000000000000000e+02
5.450000000000000000e+02
5.130000000000000000e+02
4.990000000000000000e+02
5.440000000000000000e+02
4.940000000000000000e+02
5.160000000000000000e+02
4.870000000000000000e+02
5.380000000000000000e+02
