1.115511551155115577e-01
9.240687679083094130e-02
1.063988095238095205e-01
8.887333799860042127e-02
1.119610570236439506e-01
9.128919860627177085e-02
9.040333796940194788e-02
1.132812500000000000e-01
9.055118110236221041e-02
7.194719471947194633e-02
7.644110275689222633e-02
8.687258687258687939e-02
8.461538461538462008e-02
6.680026720106881089e-02
6.508135168961201589e-02
9.339975093399750794e-02
9.014267185473411048e-02
1.040868454661558057e-01
9.819763828464884992e-02
8.426270136307310865e-02
9.268929503916449597e-02
1.021080368906455843e-01
9.062885326757090521e-02
1.142857142857142821e-01
8.540925266903914848e-02
9.900990099009901457e-02
1.068268015170669993e-01
8.834355828220859241e-02
9.456118665018541092e-02
8.155583437892095777e-02
1.030444964871194413e-01
1.132884262094304983e-01
9.068322981366459812e-02
9.629186602870813683e-02
9.888751545117428765e-02
9.435096153846153633e-02
8.776119402985074758e-02
8.770846201358863115e-02
9.847094801223241212e-02
9.616634178037686276e-02
8.773006134969324465e-02
8.812949640287769115e-02
8.384710234278668073e-02
8.959899749373433087e-02
8.746177370030580600e-02
9.899117276166456703e-02
9.129640900791236025e-02
7.772979642196174710e-02
8.069336521219366842e-02
8.135168961201501292e-02
6.949569495694957189e-02
6.585365853658536883e-02
4.960677555958862422e-02
3.282532239155920573e-02
6.568047337278105913e-02
8.149509803921568818e-02
8.999370673379483709e-02
7.520564042303172492e-02
9.285277947464874726e-02
7.337128399746994933e-02
1.052318668252080897e-01
8.120649651972157435e-02
9.107468123861565956e-02
9.123649459783914062e-02
9.487776484284050904e-02
8.860011813349084886e-02
9.754601226993865615e-02
8.863771564544913051e-02
8.328546812176909619e-02
8.740204942736588822e-02
8.052434456928839190e-02
8.000000000000000167e-02
1.010668163952835458e-01
1.030689056166763234e-01
1.043854231006794281e-01
7.208765859284890776e-02
7.923169267707082242e-02
9.702850212249848616e-02
9.623430962343096362e-02
8.583433373349340367e-02
8.500303582270794800e-02
8.545454545454544970e-02
7.826610475617097606e-02
9.962168978562421784e-02
9.616593337523569873e-02
9.146715776550030930e-02
8.150851581508515575e-02
8.802588996763753559e-02
7.498463429625076837e-02
7.358490566037735603e-02
5.186089078706528077e-02
6.298740251949609681e-02
8.152173913043478382e-02
9.603072983354674075e-02
1.014405762304921993e-01
8.931804465902233592e-02
