1.295899999999999963e+01
1.293699999999999939e+01
1.293699999999999939e+01
1.292699999999999960e+01
1.291799999999999926e+01
1.291699999999999982e+01
1.291799999999999926e+01
1.291600000000000037e+01
1.291699999999999982e+01
1.291799999999999926e+01
1.291799999999999926e+01
1.291600000000000037e+01
1.291300000000000026e+01
1.291300000000000026e+01
1.291000000000000014e+01
1.291000000000000014e+01
1.290900000000000070e+01
1.290499999999999936e+01
1.290799999999999947e+01
1.290399999999999991e+01
1.290499999999999936e+01
1.290700000000000003e+01
1.290099999999999980e+01
1.290399999999999991e+01
1.290099999999999980e+01
1.290300000000000047e+01
1.290099999999999980e+01
1.290099999999999980e+01
1.290000000000000036e+01
1.290300000000000047e+01
1.289899999999999913e+01
1.290000000000000036e+01
1.290099999999999980e+01
1.290000000000000036e+01
1.290099999999999980e+01
1.289899999999999913e+01
1.290099999999999980e+01
1.289899999999999913e+01
1.289700000000000024e+01
1.289700000000000024e+01
1.289499999999999957e+01
1.289700000000000024e+01
1.290099999999999980e+01
1.289899999999999913e+01
1.289600000000000080e+01
1.289700000000000024e+01
1.289600000000000080e+01
1.289700000000000024e+01
1.289700000000000024e+01
1.289600000000000080e+01
1.289400000000000013e+01
1.289499999999999957e+01
1.289499999999999957e+01
1.289600000000000080e+01
1.289400000000000013e+01
1.289499999999999957e+01
1.289199999999999946e+01
1.289700000000000024e+01
1.289700000000000024e+01
1.289199999999999946e+01
1.289199999999999946e+01
