1.294299999999999962e+01
1.292399999999999949e+01
1.291399999999999970e+01
1.290900000000000070e+01
1.290900000000000070e+01
1.290499999999999936e+01
1.290199999999999925e+01
1.289899999999999913e+01
1.289799999999999969e+01
1.289400000000000013e+01
1.289400000000000013e+01
1.288499999999999979e+01
1.288400000000000034e+01
1.288000000000000078e+01
1.288499999999999979e+01
1.293999999999999950e+01
1.293599999999999994e+01
1.293699999999999939e+01
1.293699999999999939e+01
1.293800000000000061e+01
1.293699999999999939e+01
1.293800000000000061e+01
1.293699999999999939e+01
1.293699999999999939e+01
1.293299999999999983e+01
1.293599999999999994e+01
1.293699999999999939e+01
1.293699999999999939e+01
1.293800000000000061e+01
1.293200000000000038e+01
1.293299999999999983e+01
1.293299999999999983e+01
1.293800000000000061e+01
1.293299999999999983e+01
1.293599999999999994e+01
1.293699999999999939e+01
1.293699999999999939e+01
1.293399999999999928e+01
1.293699999999999939e+01
1.293399999999999928e+01
1.293699999999999939e+01
1.293399999999999928e+01
1.293599999999999994e+01
1.293299999999999983e+01
1.293200000000000038e+01
1.293699999999999939e+01
1.293999999999999950e+01
1.293299999999999983e+01
1.293599999999999994e+01
1.293699999999999939e+01
1.293699999999999939e+01
