1.313374877607045854e-01,2.278044105409092815e-02,5.403885774268471498e-02
2.164977736125180408e-01,1.254203628236452706e-01,-3.645217625395255623e-03
-1.193503193824530240e-01,8.523093467482938460e-03,1.992946927819062297e-01
5.317684390481286494e-02,9.030163496546987634e-02,4.802459716063053885e-02
2.630596886980633431e-01,5.637098951818469289e-02,-2.699347408614480304e-02
9.990613139746945537e-02,3.416559627664178533e-02,1.323361392319357677e-01
-2.578177017203714949e-01,1.356593692831442599e-01,-7.876181432398390858e-02
-1.953467806605515555e-01,7.956048173784026345e-02,-5.554970761473965873e-02
-2.906522808272321567e-02,6.069469583904654741e-02,1.550998161962317268e-01
-1.717623445915823222e-01,1.093292079723756083e-01,1.056843880611656739e-01
4.265359993840478481e-03,7.853849102475322919e-02,8.455971587360200381e-02
-4.313986206512587795e-02,5.643565641972034946e-02,6.474030374413097810e-02
-1.202765834391565647e-01,3.801505966918725804e-02,4.258848251484467773e-02
-9.670985623076774895e-02,2.303775390693215200e-02,3.831892130831582310e-02
-1.653758399576135407e-01,4.594448524613078261e-02,5.529994606986710082e-02
-5.946543810446847100e-02,4.803620701990031494e-02,2.851051439776583485e-03
-1.827781998632127258e-01,3.369718627757953278e-02,-1.318753185311842546e-02
-5.940856625688564763e-02,4.752301214781737282e-02,4.092210783309790934e-02
-8.158496107012866427e-02,4.262125264130809527e-02,7.598637800151622490e-02
-5.127555711304054853e-02,7.203301969542143246e-02,5.126570519909132151e-02
-8.529102352894971095e-02,6.796471699696270130e-02,8.216926819994754827e-02
2.476724538032792911e-02,4.484795069794379752e-02,-5.951070337891395390e-02
-1.131618172048508564e-01,4.355915122817794610e-02,2.640823460848656934e-02
-1.789342871464580098e-01,1.285151144751384492e-02,3.710250570082745947e-02
2.809521393552744106e-02,6.030068718376166426e-02,2.456695769751068847e-02
2.976049878805729354e-01,1.108327939657000605e-01,1.969612304400162051e-01
2.919460005190290253e-01,2.960314977289973688e-03,1.985350307414130711e-01
-2.286214246977541498e-02,1.447032299847076644e-03,-6.960729866445472536e-02
3.334057122685307739e-03,1.451191738505636375e-01,1.975231028991567828e-01
3.611811720712382323e-02,1.346096458518266925e-01,-9.643348013397118335e-02
0.000000000000000000e+00,0.000000000000000000e+00,0.000000000000000000e+00
0.000000000000000000e+00,0.000000000000000000e+00,0.000000000000000000e+00
0.000000000000000000e+00,0.000000000000000000e+00,0.000000000000000000e+00
0.000000000000000000e+00,0.000000000000000000e+00,0.000000000000000000e+00
0.000000000000000000e+00,0.000000000000000000e+00,0.000000000000000000e+00
0.000000000000000000e+00,0.000000000000000000e+00,0.000000000000000000e+00
0.000000000000000000e+00,0.000000000000000000e+00,0.000000000000000000e+00
0.000000000000000000e+00,0.000000000000000000e+00,0.000000000000000000e+00
0.000000000000000000e+00,0.000000000000000000e+00,0.000000000000000000e+00
0.000000000000000000e+00,0.000000000000000000e+00,0.000000000000000000e+00
0.000000000000000000e+00,0.000000000000000000e+00,0.000000000000000000e+00
0.000000000000000000e+00,0.000000000000000000e+00,0.000000000000000000e+00
0.000000000000000000e+00,0.000000000000000000e+00,0.000000000000000000e+00
0.000000000000000000e+00,0.000000000000000000e+00,0.000000000000000000e+00
0.000000000000000000e+00,0.000000000000000000e+00,0.000000000000000000e+00
0.000000000000000000e+00,0.000000000000000000e+00,0.000000000000000000e+00
0.000000000000000000e+00,0.000000000000000000e+00,0.000000000000000000e+00
0.000000000000000000e+00,0.000000000000000000e+00,0.000000000000000000e+00
0.000000000000000000e+00,0.000000000000000000e+00,0.000000000000000000e+00
0.000000000000000000e+00,0.000000000000000000e+00,0.000000000000000000e+00
0.000000000000000000e+00,0.000000000000000000e+00,0.000000000000000000e+00
0.000000000000000000e+00,0.000000000000000000e+00,0.000000000000000000e+00
0.000000000000000000e+00,0.000000000000000000e+00,0.000000000000000000e+00
0.000000000000000000e+00,0.000000000000000000e+00,0.000000000000000000e+00
0.000000000000000000e+00,0.000000000000000000e+00,0.000000000000000000e+00
0.000000000000000000e+00,0.000000000000000000e+00,0.000000000000000000e+00
0.000000000000000000e+00,0.000000000000000000e+00,0.000000000000000000e+00
0.000000000000000000e+00,0.000000000000000000e+00,0.000000000000000000e+00
0.000000000000000000e+00,0.000000000000000000e+00,0.000000000000000000e+00
0.000000000000000000e+00,0.000000000000000000e+00,0.000000000000000000e+00
