1.717535879148832101e-01,2.937767854475897833e-02,1.638793131818000737e-01
-2.958108433836582618e-01,4.932456127179629668e-04,1.121783371931439066e-01
1.874342056442394044e-01,4.780242115600687874e-02,8.640987070214056764e-02
8.379774618125312990e-02,1.321796870131783097e-01,-4.568384034300933261e-02
-1.779379365755223708e-01,1.374362185603814068e-01,1.057182172908441298e-03
-2.367620769949242976e-01,9.022950165513395071e-02,-2.751193997249939960e-02
-7.929294747638351848e-02,6.631814491725857019e-02,3.239710083632069137e-02
5.813122403024295615e-02,1.144970187884431778e-01,-7.418507045618985551e-02
2.879134267869871144e-01,7.862184158592448735e-02,1.946656654570085021e-01
-3.792854074493362537e-02,4.012992563910721538e-02,7.623143728810877207e-02
-2.745875497030358936e-02,7.061391284339893493e-02,6.218136013768790771e-02
2.176820408667323736e-02,5.063804253654646120e-02,2.386291726052706952e-02
-2.376914909142294197e-01,1.470127136739655116e-01,1.144408566923836301e-01
-3.985632362132196516e-02,5.172552099803317399e-02,2.732659829158726184e-02
-4.134019750409484439e-02,2.059318501459246262e-02,-6.796935465311605695e-02
-2.597319428614685566e-01,1.498415029978217294e-01,-7.194582508964790513e-02
3.773192912369921492e-02,6.490467349268299159e-04,2.614442354769946908e-02
2.948632826148254726e-01,6.855903371175342542e-02,-9.460968406065224656e-02
-1.304988901427939219e-02,9.152648874711319382e-02,1.754949487675050435e-02
-1.334730409194540002e-02,5.126679969962370104e-02,3.918316339183192110e-02
-9.793711679873381981e-02,5.168783130749488725e-02,1.936995433488698792e-01
-2.968532344199750761e-01,5.440393308288117222e-03,-7.954255606561655423e-02
1.227370915309174970e-01,1.478294609243801516e-01,1.600897277974095145e-01
-3.320437397226427834e-03,6.292309854078767528e-02,-4.174473535285423698e-02
2.399012709367641105e-01,3.662821775435411219e-04,-1.102502652902058455e-02
-3.783292336903576469e-02,6.016264930178187587e-02,1.462549765094448007e-02
-2.059613794992060098e-02,4.192967409392108456e-03,1.956112304888578401e-01
-3.460430880742793036e-02,6.063437887818375754e-02,2.789142780348793926e-02
0.000000000000000000e+00,0.000000000000000000e+00,0.000000000000000000e+00
0.000000000000000000e+00,0.000000000000000000e+00,0.000000000000000000e+00
0.000000000000000000e+00,0.000000000000000000e+00,0.000000000000000000e+00
0.000000000000000000e+00,0.000000000000000000e+00,0.000000000000000000e+00
0.000000000000000000e+00,0.000000000000000000e+00,0.000000000000000000e+00
0.000000000000000000e+00,0.000000000000000000e+00,0.000000000000000000e+00
0.000000000000000000e+00,0.000000000000000000e+00,0.000000000000000000e+00
0.000000000000000000e+00,0.000000000000000000e+00,0.000000000000000000e+00
0.000000000000000000e+00,0.000000000000000000e+00,0.000000000000000000e+00
0.000000000000000000e+00,0.000000000000000000e+00,0.000000000000000000e+00
0.000000000000000000e+00,0.000000000000000000e+00,0.000000000000000000e+00
0.000000000000000000e+00,0.000000000000000000e+00,0.000000000000000000e+00
0.000000000000000000e+00,0.000000000000000000e+00,0.000000000000000000e+00
0.000000000000000000e+00,0.000000000000000000e+00,0.000000000000000000e+00
0.000000000000000000e+00,0.000000000000000000e+00,0.000000000000000000e+00
0.000000000000000000e+00,0.000000000000000000e+00,0.000000000000000000e+00
0.000000000000000000e+00,0.000000000000000000e+00,0.000000000000000000e+00
0.000000000000000000e+00,0.000000000000000000e+00,0.000000000000000000e+00
0.000000000000000000e+00,0.000000000000000000e+00,0.000000000000000000e+00
0.000000000000000000e+00,0.000000000000000000e+00,0.000000000000000000e+00
0.000000000000000000e+00,0.000000000000000000e+00,0.000000000000000000e+00
0.000000000000000000e+00,0.000000000000000000e+00,0.000000000000000000e+00
0.000000000000000000e+00,0.000000000000000000e+00,0.000000000000000000e+00
0.000000000000000000e+00,0.000000000000000000e+00,0.000000000000000000e+00
0.000000000000000000e+00,0.000000000000000000e+00,0.000000000000000000e+00
0.000000000000000000e+00,0.000000000000000000e+00,0.000000000000000000e+00
0.000000000000000000e+00,0.000000000000000000e+00,0.000000000000000000e+00
0.000000000000000000e+00,0.000000000000000000e+00,0.000000000000000000e+00
0.000000000000000000e+00,0.000000000000000000e+00,0.000000000000000000e+00
0.000000000000000000e+00,0.000000000000000000e+00,0.000000000000000000e+00
0.000000000000000000e+00,0.000000000000000000e+00,0.000000000000000000e+00
0.000000000000000000e+00,0.000000000000000000e+00,0.000000000000000000e+00
