1.303400000000000070e+01
1.302299999999999969e+01
1.301200000000000045e+01
1.299900000000000055e+01
1.299300000000000033e+01
1.299000000000000021e+01
1.298900000000000077e+01
1.299300000000000033e+01
1.299300000000000033e+01
1.298700000000000010e+01
1.298700000000000010e+01
1.298499999999999943e+01
1.298300000000000054e+01
1.298199999999999932e+01
1.298300000000000054e+01
1.298300000000000054e+01
1.298300000000000054e+01
1.297799999999999976e+01
1.298099999999999987e+01
1.298300000000000054e+01
1.298199999999999932e+01
1.298300000000000054e+01
1.297899999999999920e+01
1.298099999999999987e+01
1.297899999999999920e+01
1.297899999999999920e+01
1.297700000000000031e+01
1.297899999999999920e+01
1.297799999999999976e+01
1.298199999999999932e+01
1.298099999999999987e+01
1.297899999999999920e+01
1.297799999999999976e+01
1.297600000000000087e+01
1.297899999999999920e+01
1.297700000000000031e+01
1.297600000000000087e+01
1.297600000000000087e+01
1.297799999999999976e+01
1.297600000000000087e+01
1.298099999999999987e+01
1.298199999999999932e+01
1.297799999999999976e+01
1.297700000000000031e+01
1.297600000000000087e+01
1.297600000000000087e+01
1.297600000000000087e+01
1.296299999999999919e+01
1.296100000000000030e+01
1.296299999999999919e+01
1.296499999999999986e+01
1.296499999999999986e+01
1.296299999999999919e+01
1.296400000000000041e+01
1.296499999999999986e+01
1.296499999999999986e+01
1.296499999999999986e+01
1.296499999999999986e+01
1.296899999999999942e+01
1.296799999999999997e+01
1.296499999999999986e+01
1.296499999999999986e+01
1.296799999999999997e+01
1.296599999999999930e+01
1.296499999999999986e+01
1.296799999999999997e+01
1.296599999999999930e+01
1.296499999999999986e+01
1.296799999999999997e+01
1.296899999999999942e+01
1.296899999999999942e+01
1.296899999999999942e+01
1.297000000000000064e+01
1.296599999999999930e+01
1.296799999999999997e+01
1.296799999999999997e+01
1.297000000000000064e+01
1.296899999999999942e+01
1.297000000000000064e+01
1.297000000000000064e+01
1.297000000000000064e+01
1.296799999999999997e+01
1.296799999999999997e+01
1.297300000000000075e+01
1.296799999999999997e+01
1.296499999999999986e+01
1.297199999999999953e+01
1.297000000000000064e+01
1.296799999999999997e+01
1.296899999999999942e+01
1.297000000000000064e+01
