8.518405841192576433e-02
8.865194211728864848e-02
8.011486001435749738e-02
8.028483663781066371e-02
8.428691041027072672e-02
7.631469404745386265e-02
7.418685121107265745e-02
7.656579873328642205e-02
8.858578607322326048e-02
8.046777112627036266e-02
7.752937804528518828e-02
7.644776548354648149e-02
7.759717314487632467e-02
7.318123116659491778e-02
7.268313579894331022e-02
7.596764875794338734e-02
7.728437233134073658e-02
6.924816280384397948e-02
6.981919332406119616e-02
7.349480968858131125e-02
6.725590388067946568e-02
6.651666432288004527e-02
5.938109841092835406e-02
6.757888857860933074e-02
6.233177503895735716e-02
5.942509673852957447e-02
5.681344631198777945e-02
5.191905094207955457e-02
4.948710840033268554e-02
4.314684308931396317e-02
4.012259682362775276e-02
3.713912665022486848e-02
2.958244869072894703e-02
3.803817751149505405e-02
4.461867426942266873e-02
5.078459343794579361e-02
5.453008313371847382e-02
5.536284168169834652e-02
6.262258335668254017e-02
6.482871570902143388e-02
7.174576741604218877e-02
7.784515583133549965e-02
7.010915197313181968e-02
8.317079966564502880e-02
7.823176683865569470e-02
7.423640597178468581e-02
7.834796926454445920e-02
7.702055758941143970e-02
7.368131111417160206e-02
7.613139715212180469e-02
7.931526390870186072e-02
