1.472000000000000000e+03
1.304000000000000000e+03
1.321000000000000000e+03
1.213000000000000000e+03
1.336000000000000000e+03
1.380000000000000000e+03
1.322000000000000000e+03
1.387000000000000000e+03
1.340000000000000000e+03
1.395000000000000000e+03
1.326000000000000000e+03
1.379000000000000000e+03
1.394000000000000000e+03
1.457000000000000000e+03
1.399000000000000000e+03
1.411000000000000000e+03
1.448000000000000000e+03
1.411000000000000000e+03
1.412000000000000000e+03
1.443000000000000000e+03
1.499000000000000000e+03
1.462000000000000000e+03
1.395000000000000000e+03
1.399000000000000000e+03
1.498000000000000000e+03
1.424000000000000000e+03
1.462000000000000000e+03
1.454000000000000000e+03
1.426000000000000000e+03
1.463000000000000000e+03
1.331000000000000000e+03
1.415000000000000000e+03
1.433000000000000000e+03
1.392000000000000000e+03
1.425000000000000000e+03
1.430000000000000000e+03
1.422000000000000000e+03
1.437000000000000000e+03
1.404000000000000000e+03
1.427000000000000000e+03
1.447000000000000000e+03
1.415000000000000000e+03
1.395000000000000000e+03
1.437000000000000000e+03
1.396000000000000000e+03
1.449000000000000000e+03
1.464000000000000000e+03
1.488000000000000000e+03
1.420000000000000000e+03
1.457000000000000000e+03
1.440000000000000000e+03
1.357000000000000000e+03
1.424000000000000000e+03
1.477000000000000000e+03
1.497000000000000000e+03
1.496000000000000000e+03
1.505000000000000000e+03
1.428000000000000000e+03
1.437000000000000000e+03
1.381000000000000000e+03
1.395000000000000000e+03
1.372000000000000000e+03
1.501000000000000000e+03
1.430000000000000000e+03
1.461000000000000000e+03
1.380000000000000000e+03
1.402000000000000000e+03
1.340000000000000000e+03
1.431000000000000000e+03
1.485000000000000000e+03
1.444000000000000000e+03
1.440000000000000000e+03
1.422000000000000000e+03
1.401000000000000000e+03
1.516000000000000000e+03
1.406000000000000000e+03
1.457000000000000000e+03
1.394000000000000000e+03
1.420000000000000000e+03
1.433000000000000000e+03
1.441000000000000000e+03
1.504000000000000000e+03
1.493000000000000000e+03
1.441000000000000000e+03
1.459000000000000000e+03
1.464000000000000000e+03
1.479000000000000000e+03
1.411000000000000000e+03
1.422000000000000000e+03
1.460000000000000000e+03
1.449000000000000000e+03
1.521000000000000000e+03
1.412000000000000000e+03
1.469000000000000000e+03
1.429000000000000000e+03
1.453000000000000000e+03
