1.863354037267080706e-03
9.602194787379973381e-03
9.859154929577465531e-03
8.895478131949591943e-03
7.994670219853431195e-03
1.081812035158891128e-02
1.725282017252820210e-02
9.433962264150943036e-03
2.059800664451827412e-02
2.713434811383189788e-02
2.264150943396226259e-02
1.893708002443494215e-02
2.074167190446260176e-02
2.797657774886141979e-02
1.879699248120300648e-02
8.354755784061695945e-03
9.759271307742355822e-03
9.433962264150943036e-03
7.272727272727272721e-03
5.761843790012804306e-03
9.975062344139650622e-03
6.948831332912191669e-03
8.423586040914560202e-03
1.191222570532915297e-02
1.101749837977964927e-02
7.770472205618649333e-03
1.089743589743589688e-02
6.736068585425597326e-03
1.093247588424437269e-02
5.548705302096177197e-03
5.646527385657820058e-03
8.029647930821495402e-03
1.114551083591331336e-02
7.657945118059987337e-03
6.101281269066504385e-03
6.532066508313539265e-03
9.566326530612245110e-03
1.239925604463732248e-02
5.464480874316939886e-03
6.071645415907710695e-03
8.955223880597015448e-03
1.101036269430051735e-02
1.393286890436985434e-02
1.212121212121212120e-02
9.422110552763818259e-03
1.641337386018237171e-02
1.334180432020330362e-02
1.685029163966299259e-02
2.133160956690368509e-02
3.759398496240601295e-02
4.052369077306733347e-02
2.788339670468948164e-02
4.094689699296225061e-02
3.777089783281734059e-02
2.139364303178484250e-02
2.853437094682230793e-02
2.278481012658227847e-02
1.809408926417370445e-02
1.744186046511627883e-02
1.404853128991060025e-02
6.666666666666667095e-03
6.857855361596009586e-03
1.044867854947756532e-02
8.962868117797695780e-03
1.439299123904881107e-02
1.221864951768488784e-02
5.128205128205128201e-03
4.539559014267185826e-03
1.515151515151515194e-02
1.576713159490600313e-02
1.019796040791841676e-02
2.487864077669902849e-02
1.466836734693877618e-02
1.001878522229179662e-02
6.832298136645962444e-03
1.000000000000000021e-02
4.115226337448560021e-03
6.142506142506142137e-03
1.186017478152309561e-02
1.024327784891165133e-02
6.476683937823833788e-03
1.088929219600725910e-02
9.552238805970149349e-03
5.398920215956808620e-03
1.180857675574891255e-02
8.094645080946450202e-03
1.600512163892445563e-02
1.659496004917025355e-02
2.741358760429082192e-02
3.192848020434227441e-02
4.108761329305136295e-02
1.729660474055092975e-02
1.217948717948717959e-02
1.051980198019802047e-02
1.030927835051546372e-02
1.175742574257425746e-02
