4.207199060614451591e-01
1.146256702405279437e-01
6.172006872134022659e-02
4.381152512797748672e-02
1.014969267458165347e-01
1.845975097420972100e-01
3.851779237659644362e-02
1.144592842221626161e-01
1.062692909928701912e-01
8.639998452946065499e-02
6.404110704180199232e-02
5.558928721323197486e-02
7.535982411255619240e-02
6.688792792259427855e-02
4.818921671654280425e-02
4.482411199896237097e-02
4.514308378573103631e-02
4.787340805844517155e-03
2.964637371654962883e-03
1.844656465972937393e-03
0.000000000000000000e+00
0.000000000000000000e+00
0.000000000000000000e+00
0.000000000000000000e+00
0.000000000000000000e+00
0.000000000000000000e+00
0.000000000000000000e+00
0.000000000000000000e+00
0.000000000000000000e+00
0.000000000000000000e+00
0.000000000000000000e+00
0.000000000000000000e+00
0.000000000000000000e+00
0.000000000000000000e+00
0.000000000000000000e+00
0.000000000000000000e+00
0.000000000000000000e+00
0.000000000000000000e+00
0.000000000000000000e+00
0.000000000000000000e+00
0.000000000000000000e+00
0.000000000000000000e+00
0.000000000000000000e+00
0.000000000000000000e+00
0.000000000000000000e+00
0.000000000000000000e+00
0.000000000000000000e+00
0.000000000000000000e+00
0.000000000000000000e+00
0.000000000000000000e+00
