5.885000000000000000e+03
5.766000000000000000e+03
5.990000000000000000e+03
6.189000000000000000e+03
6.081000000000000000e+03
6.117000000000000000e+03
6.084000000000000000e+03
6.203000000000000000e+03
6.291000000000000000e+03
6.389000000000000000e+03
6.430000000000000000e+03
6.482000000000000000e+03
6.442000000000000000e+03
6.460000000000000000e+03
6.529000000000000000e+03
6.420000000000000000e+03
6.360000000000000000e+03
6.068000000000000000e+03
6.186000000000000000e+03
5.925000000000000000e+03
6.055000000000000000e+03
5.958000000000000000e+03
6.116000000000000000e+03
6.074000000000000000e+03
6.111000000000000000e+03
6.268000000000000000e+03
6.459000000000000000e+03
6.223000000000000000e+03
6.266000000000000000e+03
6.263000000000000000e+03
6.231000000000000000e+03
6.179000000000000000e+03
6.077000000000000000e+03
6.037000000000000000e+03
5.937000000000000000e+03
5.986000000000000000e+03
5.977000000000000000e+03
6.061000000000000000e+03
6.081000000000000000e+03
6.235000000000000000e+03
6.020000000000000000e+03
6.070000000000000000e+03
6.045000000000000000e+03
6.054000000000000000e+03
5.968000000000000000e+03
6.108000000000000000e+03
