1.620000000000000000e+02
1.210000000000000000e+02
1.280000000000000000e+02
1.260000000000000000e+02
1.570000000000000000e+02
1.500000000000000000e+02
1.270000000000000000e+02
1.440000000000000000e+02
1.330000000000000000e+02
1.200000000000000000e+02
1.190000000000000000e+02
1.040000000000000000e+02
1.000000000000000000e+02
9.200000000000000000e+01
8.200000000000000000e+01
1.250000000000000000e+02
1.310000000000000000e+02
1.190000000000000000e+02
1.420000000000000000e+02
1.320000000000000000e+02
1.520000000000000000e+02
1.440000000000000000e+02
1.480000000000000000e+02
1.490000000000000000e+02
1.640000000000000000e+02
1.600000000000000000e+02
1.480000000000000000e+02
1.380000000000000000e+02
1.530000000000000000e+02
1.400000000000000000e+02
1.520000000000000000e+02
1.300000000000000000e+02
1.320000000000000000e+02
1.240000000000000000e+02
1.500000000000000000e+02
1.640000000000000000e+02
1.490000000000000000e+02
1.430000000000000000e+02
1.560000000000000000e+02
1.580000000000000000e+02
1.620000000000000000e+02
1.440000000000000000e+02
1.160000000000000000e+02
1.350000000000000000e+02
1.250000000000000000e+02
1.310000000000000000e+02
1.210000000000000000e+02
1.150000000000000000e+02
1.160000000000000000e+02
1.010000000000000000e+02
9.500000000000000000e+01
7.900000000000000000e+01
3.800000000000000000e+01
2.700000000000000000e+01
1.000000000000000000e+01
9.200000000000000000e+01
1.170000000000000000e+02
1.230000000000000000e+02
1.560000000000000000e+02
1.290000000000000000e+02
1.440000000000000000e+02
1.450000000000000000e+02
1.400000000000000000e+02
1.280000000000000000e+02
1.550000000000000000e+02
1.500000000000000000e+02
1.330000000000000000e+02
1.480000000000000000e+02
1.390000000000000000e+02
1.530000000000000000e+02
1.170000000000000000e+02
1.330000000000000000e+02
1.660000000000000000e+02
1.640000000000000000e+02
1.930000000000000000e+02
1.560000000000000000e+02
1.750000000000000000e+02
1.250000000000000000e+02
1.600000000000000000e+02
1.690000000000000000e+02
1.720000000000000000e+02
1.310000000000000000e+02
1.460000000000000000e+02
1.090000000000000000e+02
1.230000000000000000e+02
1.360000000000000000e+02
1.270000000000000000e+02
1.090000000000000000e+02
1.360000000000000000e+02
1.290000000000000000e+02
1.030000000000000000e+02
7.800000000000000000e+01
4.700000000000000000e+01
8.900000000000000000e+01
1.330000000000000000e+02
1.350000000000000000e+02
