9.038491506934705211e-03
8.720493158923470906e-03
9.393063583815029413e-03
1.078092605390463046e-02
1.074528171924507558e-02
1.028973734091524588e-02
1.114842175957018143e-02
1.233731019522776515e-02
1.488013226784238099e-02
1.340890240530826644e-02
1.324412889131622133e-02
1.433224755700325710e-02
1.609164052911496098e-02
1.279345819045106872e-02
1.618827370425792236e-02
1.598915989159891554e-02
1.612469766191883952e-02
2.099388785543449334e-02
2.169785733658801188e-02
2.202405080394541359e-02
2.410606669345118427e-02
2.121048365306673830e-02
2.211981566820276496e-02
2.641717116125481477e-02
2.636972263970487756e-02
2.796528447444551757e-02
2.809740433502809845e-02
2.680272108843537518e-02
3.103076092822450172e-02
2.751922298664508451e-02
2.743819614235262078e-02
2.657627118644067740e-02
2.388100436681222724e-02
2.919505074377867423e-02
2.645143787303309846e-02
2.800637111760021294e-02
2.596685082872928277e-02
2.518034571934122876e-02
2.543525571273122857e-02
2.758907528074310347e-02
3.245856353591160259e-02
3.545713897568265188e-02
3.125428375599725861e-02
3.538627768773636162e-02
3.699219800914715917e-02
3.504006519081896004e-02
4.027124273456961223e-02
3.227966782748459967e-02
2.606951871657754022e-02
1.562705187130663045e-02
1.553502075800187489e-02
1.105500204722260210e-02
1.251850854758379365e-02
9.584233261339092022e-03
1.160885004097241165e-02
9.201623815967523504e-03
8.918918918918919761e-03
9.371554575523704037e-03
9.126821958861190340e-03
9.517144856543037837e-03
1.140579909303284303e-02
