3.704948902130126953e+00
3.638195514678955078e+00
3.645602941513061523e+00
3.626994609832763672e+00
3.668547391891479492e+00
3.583765029907226562e+00
3.619685649871826172e+00
3.708708047866821289e+00
3.609049081802368164e+00
3.617901086807250977e+00
3.613699674606323242e+00
3.656578063964843750e+00
3.667527198791503906e+00
3.615749359130859375e+00
3.608597278594970703e+00
3.649001598358154297e+00
3.692167520523071289e+00
3.605242967605590820e+00
3.627184391021728516e+00
3.641660928726196289e+00
3.678671360015869141e+00
3.608158349990844727e+00
3.606876373291015625e+00
3.652247905731201172e+00
3.674376487731933594e+00
3.625095605850219727e+00
3.677267551422119141e+00
3.589331626892089844e+00
3.628264427185058594e+00
3.599230289459228516e+00
3.630634784698486328e+00
3.605329036712646484e+00
3.644946575164794922e+00
3.600454330444335938e+00
3.624884128570556641e+00
3.585220813751220703e+00
3.606842517852783203e+00
3.624029874801635742e+00
3.648441791534423828e+00
3.598592758178710938e+00
3.588513374328613281e+00
3.613599300384521484e+00
3.636213302612304688e+00
3.579930305480957031e+00
3.624685764312744141e+00
3.673969030380249023e+00
3.576803445816040039e+00
3.609150409698486328e+00
3.679997205734252930e+00
3.640922784805297852e+00
3.601764678955078125e+00
3.613751888275146484e+00
3.574597120285034180e+00
3.631560087203979492e+00
3.582245349884033203e+00
3.676689147949218750e+00
3.627487659454345703e+00
3.704184293746948242e+00
3.648239374160766602e+00
3.591588497161865234e+00
3.631171464920043945e+00
