2.100000000000000000e+02
2.240000000000000000e+02
2.160000000000000000e+02
2.330000000000000000e+02
2.250000000000000000e+02
2.180000000000000000e+02
2.210000000000000000e+02
2.320000000000000000e+02
2.560000000000000000e+02
2.480000000000000000e+02
2.110000000000000000e+02
2.210000000000000000e+02
2.280000000000000000e+02
2.940000000000000000e+02
2.640000000000000000e+02
2.250000000000000000e+02
1.700000000000000000e+02
2.450000000000000000e+02
2.200000000000000000e+02
2.120000000000000000e+02
1.920000000000000000e+02
2.580000000000000000e+02
2.120000000000000000e+02
1.870000000000000000e+02
1.980000000000000000e+02
1.820000000000000000e+02
2.370000000000000000e+02
2.220000000000000000e+02
2.330000000000000000e+02
2.160000000000000000e+02
2.380000000000000000e+02
1.920000000000000000e+02
2.060000000000000000e+02
2.120000000000000000e+02
1.840000000000000000e+02
1.540000000000000000e+02
1.820000000000000000e+02
1.870000000000000000e+02
1.660000000000000000e+02
1.200000000000000000e+02
1.420000000000000000e+02
1.100000000000000000e+02
1.500000000000000000e+02
1.740000000000000000e+02
1.720000000000000000e+02
1.720000000000000000e+02
1.920000000000000000e+02
1.820000000000000000e+02
1.690000000000000000e+02
1.680000000000000000e+02
2.020000000000000000e+02
1.740000000000000000e+02
1.940000000000000000e+02
1.840000000000000000e+02
1.780000000000000000e+02
2.020000000000000000e+02
1.980000000000000000e+02
1.830000000000000000e+02
1.940000000000000000e+02
2.300000000000000000e+02
1.880000000000000000e+02
1.980000000000000000e+02
1.940000000000000000e+02
2.180000000000000000e+02
2.100000000000000000e+02
2.180000000000000000e+02
1.700000000000000000e+02
2.200000000000000000e+02
2.140000000000000000e+02
2.070000000000000000e+02
1.740000000000000000e+02
2.040000000000000000e+02
2.320000000000000000e+02
2.120000000000000000e+02
2.100000000000000000e+02
1.920000000000000000e+02
2.160000000000000000e+02
2.580000000000000000e+02
2.240000000000000000e+02
2.120000000000000000e+02
2.320000000000000000e+02
