4.140000000000000000e+02
3.940000000000000000e+02
4.320000000000000000e+02
4.300000000000000000e+02
4.680000000000000000e+02
4.140000000000000000e+02
4.140000000000000000e+02
4.800000000000000000e+02
5.140000000000000000e+02
4.700000000000000000e+02
5.720000000000000000e+02
5.140000000000000000e+02
5.060000000000000000e+02
6.040000000000000000e+02
6.460000000000000000e+02
6.700000000000000000e+02
6.880000000000000000e+02
6.380000000000000000e+02
6.480000000000000000e+02
6.780000000000000000e+02
6.560000000000000000e+02
6.460000000000000000e+02
7.140000000000000000e+02
7.140000000000000000e+02
7.880000000000000000e+02
9.000000000000000000e+02
1.148000000000000000e+03
1.084000000000000000e+03
9.320000000000000000e+02
9.380000000000000000e+02
9.220000000000000000e+02
9.420000000000000000e+02
9.160000000000000000e+02
1.010000000000000000e+03
9.800000000000000000e+02
1.084000000000000000e+03
1.134000000000000000e+03
1.126000000000000000e+03
1.124000000000000000e+03
1.122000000000000000e+03
1.166000000000000000e+03
1.022000000000000000e+03
1.140000000000000000e+03
1.106000000000000000e+03
1.034000000000000000e+03
9.780000000000000000e+02
1.048000000000000000e+03
1.122000000000000000e+03
1.222000000000000000e+03
1.266000000000000000e+03
1.334000000000000000e+03
1.222000000000000000e+03
9.340000000000000000e+02
6.500000000000000000e+02
6.160000000000000000e+02
5.100000000000000000e+02
5.320000000000000000e+02
5.040000000000000000e+02
5.340000000000000000e+02
5.120000000000000000e+02
4.820000000000000000e+02
4.960000000000000000e+02
4.800000000000000000e+02
4.500000000000000000e+02
5.100000000000000000e+02
5.280000000000000000e+02
5.720000000000000000e+02
5.440000000000000000e+02
5.880000000000000000e+02
6.080000000000000000e+02
5.860000000000000000e+02
6.080000000000000000e+02
5.580000000000000000e+02
5.640000000000000000e+02
5.420000000000000000e+02
4.800000000000000000e+02
5.300000000000000000e+02
5.280000000000000000e+02
4.620000000000000000e+02
4.520000000000000000e+02
4.740000000000000000e+02
