5.268000000000000000e+03
5.508000000000000000e+03
5.572000000000000000e+03
5.624000000000000000e+03
5.636000000000000000e+03
5.598000000000000000e+03
5.560000000000000000e+03
5.618000000000000000e+03
5.640000000000000000e+03
5.380000000000000000e+03
5.486000000000000000e+03
5.693000000000000000e+03
5.600000000000000000e+03
5.448000000000000000e+03
5.556000000000000000e+03
5.650000000000000000e+03
5.361000000000000000e+03
5.456000000000000000e+03
5.590000000000000000e+03
5.497000000000000000e+03
5.512000000000000000e+03
5.302000000000000000e+03
5.450000000000000000e+03
5.430000000000000000e+03
5.308000000000000000e+03
5.062000000000000000e+03
5.088000000000000000e+03
5.038000000000000000e+03
4.854000000000000000e+03
4.826000000000000000e+03
4.842000000000000000e+03
4.846000000000000000e+03
4.544000000000000000e+03
4.632000000000000000e+03
4.548000000000000000e+03
4.514000000000000000e+03
4.100000000000000000e+03
3.986000000000000000e+03
4.122000000000000000e+03
3.844000000000000000e+03
3.618000000000000000e+03
3.415000000000000000e+03
2.678000000000000000e+03
2.418000000000000000e+03
4.066000000000000000e+03
4.832000000000000000e+03
4.906000000000000000e+03
5.116000000000000000e+03
5.150000000000000000e+03
5.140000000000000000e+03
5.036000000000000000e+03
5.604000000000000000e+03
5.534000000000000000e+03
5.402000000000000000e+03
5.370000000000000000e+03
5.392000000000000000e+03
5.474000000000000000e+03
5.559000000000000000e+03
5.594000000000000000e+03
5.526000000000000000e+03
5.269000000000000000e+03
5.352000000000000000e+03
5.388000000000000000e+03
5.342000000000000000e+03
5.372000000000000000e+03
5.438000000000000000e+03
5.228000000000000000e+03
5.610000000000000000e+03
5.504000000000000000e+03
5.497000000000000000e+03
5.462000000000000000e+03
5.476000000000000000e+03
5.546000000000000000e+03
5.484000000000000000e+03
5.376000000000000000e+03
5.346000000000000000e+03
5.468000000000000000e+03
5.494000000000000000e+03
5.432000000000000000e+03
5.334000000000000000e+03
5.422000000000000000e+03
5.455000000000000000e+03
5.372000000000000000e+03
5.514000000000000000e+03
5.342000000000000000e+03
5.372000000000000000e+03
5.302000000000000000e+03
5.458000000000000000e+03
5.326000000000000000e+03
5.556000000000000000e+03
5.420000000000000000e+03
5.477000000000000000e+03
5.482000000000000000e+03
5.446000000000000000e+03
5.510000000000000000e+03
5.568000000000000000e+03
5.506000000000000000e+03
5.552000000000000000e+03
5.402000000000000000e+03
5.576000000000000000e+03
5.501000000000000000e+03
5.373000000000000000e+03
5.478000000000000000e+03
5.604000000000000000e+03
5.480000000000000000e+03
5.310000000000000000e+03
5.446000000000000000e+03
5.292000000000000000e+03
5.276000000000000000e+03
5.224000000000000000e+03
5.012000000000000000e+03
4.968000000000000000e+03
4.951000000000000000e+03
5.054000000000000000e+03
4.912000000000000000e+03
4.998000000000000000e+03
4.976000000000000000e+03
4.874000000000000000e+03
5.084000000000000000e+03
4.806000000000000000e+03
4.894000000000000000e+03
4.958000000000000000e+03
4.980000000000000000e+03
5.086000000000000000e+03
4.940000000000000000e+03
5.238000000000000000e+03
5.376000000000000000e+03
5.452000000000000000e+03
5.450000000000000000e+03
5.340000000000000000e+03
5.314000000000000000e+03
5.446000000000000000e+03
5.308000000000000000e+03
5.370000000000000000e+03
5.372000000000000000e+03
5.596000000000000000e+03
5.478000000000000000e+03
5.546000000000000000e+03
5.350000000000000000e+03
5.420000000000000000e+03
5.466000000000000000e+03
5.510000000000000000e+03
5.676000000000000000e+03
5.423000000000000000e+03
5.408000000000000000e+03
5.380000000000000000e+03
5.490000000000000000e+03
5.410000000000000000e+03
5.466000000000000000e+03
5.518000000000000000e+03
5.468000000000000000e+03
5.288000000000000000e+03
5.552000000000000000e+03
