9.718023300170898438e+00
9.680268526077270508e+00
9.650711059570312500e+00
9.640219926834106445e+00
9.688645839691162109e+00
9.651612043380737305e+00
9.638845920562744141e+00
9.704574108123779297e+00
9.707397699356079102e+00
9.679893016815185547e+00
9.594307661056518555e+00
9.780650615692138672e+00
9.634490013122558594e+00
9.666741371154785156e+00
9.741895914077758789e+00
9.670420885086059570e+00
9.640087366104125977e+00
9.737772703170776367e+00
9.592076301574707031e+00
9.708595514297485352e+00
9.653047561645507812e+00
9.617058753967285156e+00
9.595260620117187500e+00
9.658898115158081055e+00
9.622689723968505859e+00
9.557850599288940430e+00
9.689099550247192383e+00
9.610610961914062500e+00
9.604642868041992188e+00
9.598952531814575195e+00
9.683148145675659180e+00
9.553407430648803711e+00
9.655439853668212891e+00
9.639470815658569336e+00
9.704767227172851562e+00
9.583354949951171875e+00
9.622071504592895508e+00
9.647061109542846680e+00
9.626072645187377930e+00
9.631931304931640625e+00
9.812093257904052734e+00
9.615173578262329102e+00
9.651671409606933594e+00
9.569825887680053711e+00
9.665276527404785156e+00
9.685245990753173828e+00
9.624736070632934570e+00
9.640930891036987305e+00
9.646676540374755859e+00
9.635342597961425781e+00
9.596253871917724609e+00
9.659872055053710938e+00
9.588891029357910156e+00
9.780560493469238281e+00
9.634576559066772461e+00
9.607459068298339844e+00
9.750638723373413086e+00
9.659605979919433594e+00
9.614297628402709961e+00
9.600519895553588867e+00
9.737728118896484375e+00
9.595687389373779297e+00
9.619158506393432617e+00
9.635364770889282227e+00
9.638643741607666016e+00
9.672249078750610352e+00
9.618104219436645508e+00
9.594179153442382812e+00
9.711802482604980469e+00
9.777311801910400391e+00
9.632394552230834961e+00
9.588460922241210938e+00
9.635151386260986328e+00
9.602502584457397461e+00
9.590234756469726562e+00
9.722813844680786133e+00
9.740870952606201172e+00
9.577538013458251953e+00
9.590445280075073242e+00
9.639753818511962891e+00
9.625127077102661133e+00
