1.377088531631976212e-02
1.463048643241215453e-02
1.315584375097421897e-02
1.330082021724673068e-02
1.289140257196119861e-02
1.429445285084189263e-02
1.374812162291779924e-02
1.530905147668559091e-02
1.615611239585643122e-02
1.522573398645908106e-02
1.632653061224489943e-02
1.827051548954417015e-02
2.302956843481866744e-02
2.017136172499920874e-02
2.223405254752137267e-02
1.967603471504214205e-02
2.065997130559540929e-02
2.040881001426081420e-02
2.095003006424253980e-02
2.256513403941041648e-02
2.160994057266342472e-02
2.305291982423740560e-02
2.247894555586863255e-02
2.612536415750399410e-02
2.855909203059462179e-02
3.133242238393339762e-02
3.298256635778231555e-02
2.918330765118400116e-02
2.535828910991769561e-02
2.668169860954528252e-02
2.834790320537184868e-02
2.944421676491913720e-02
2.787412097877621162e-02
2.938832754279157092e-02
3.296460874223944987e-02
3.736187189310705148e-02
3.675189303931818835e-02
3.940264578663214834e-02
3.654202962357306489e-02
3.526035260352603645e-02
3.480741797432239382e-02
3.487596480640345331e-02
3.040551422037555962e-02
3.162180073847319084e-02
3.342386962773605946e-02
3.434635187743313028e-02
3.626926606956356464e-02
3.843234010248623711e-02
3.719796192679190872e-02
4.188416604523986786e-02
4.008192847014337146e-02
3.402460679857940290e-02
2.544658438303137871e-02
2.074781225139220309e-02
1.894716897716866230e-02
1.829679324623631823e-02
1.766412651850907123e-02
1.812478215406064866e-02
1.617949123084215513e-02
1.644496650687323272e-02
1.671573748694082928e-02
1.593702616382230638e-02
1.666825714921907342e-02
1.653412127117845007e-02
1.441112614455177660e-02
1.839226256540351864e-02
1.617988979838838257e-02
1.728055297769528695e-02
1.679403717331823601e-02
1.940570042449969723e-02
1.960471279415051601e-02
1.971103243708735922e-02
1.860849131497888456e-02
1.614260338433731040e-02
1.605338537568069476e-02
1.580284074875364445e-02
1.381788889921616026e-02
1.545440325355857888e-02
1.566127085332260499e-02
1.355141659575809232e-02
1.544036552702063997e-02
