5.220000000000000000e+02
6.420000000000000000e+02
5.760000000000000000e+02
5.600000000000000000e+02
4.760000000000000000e+02
5.400000000000000000e+02
5.200000000000000000e+02
5.240000000000000000e+02
4.560000000000000000e+02
4.180000000000000000e+02
4.900000000000000000e+02
5.280000000000000000e+02
4.860000000000000000e+02
5.320000000000000000e+02
4.920000000000000000e+02
5.520000000000000000e+02
5.510000000000000000e+02
5.720000000000000000e+02
6.620000000000000000e+02
5.560000000000000000e+02
6.380000000000000000e+02
6.220000000000000000e+02
7.660000000000000000e+02
6.720000000000000000e+02
7.840000000000000000e+02
8.360000000000000000e+02
8.360000000000000000e+02
8.760000000000000000e+02
9.680000000000000000e+02
1.086000000000000000e+03
1.122000000000000000e+03
1.266000000000000000e+03
1.242000000000000000e+03
1.344000000000000000e+03
1.380000000000000000e+03
1.324000000000000000e+03
1.310000000000000000e+03
1.222000000000000000e+03
1.176000000000000000e+03
1.102000000000000000e+03
9.320000000000000000e+02
9.560000000000000000e+02
8.820000000000000000e+02
8.860000000000000000e+02
8.080000000000000000e+02
6.400000000000000000e+02
5.900000000000000000e+02
6.180000000000000000e+02
6.060000000000000000e+02
6.100000000000000000e+02
6.200000000000000000e+02
4.800000000000000000e+02
4.800000000000000000e+02
4.500000000000000000e+02
4.620000000000000000e+02
4.160000000000000000e+02
4.360000000000000000e+02
4.180000000000000000e+02
4.140000000000000000e+02
4.260000000000000000e+02
4.380000000000000000e+02
4.000000000000000000e+02
4.260000000000000000e+02
4.500000000000000000e+02
4.200000000000000000e+02
3.660000000000000000e+02
4.000000000000000000e+02
4.020000000000000000e+02
4.680000000000000000e+02
4.440000000000000000e+02
4.460000000000000000e+02
4.840000000000000000e+02
4.600000000000000000e+02
4.300000000000000000e+02
4.980000000000000000e+02
4.140000000000000000e+02
4.920000000000000000e+02
4.580000000000000000e+02
5.260000000000000000e+02
4.740000000000000000e+02
4.420000000000000000e+02
4.500000000000000000e+02
5.340000000000000000e+02
4.600000000000000000e+02
4.480000000000000000e+02
4.340000000000000000e+02
4.540000000000000000e+02
4.860000000000000000e+02
4.520000000000000000e+02
4.360000000000000000e+02
4.680000000000000000e+02
4.500000000000000000e+02
5.000000000000000000e+02
4.980000000000000000e+02
5.100000000000000000e+02
5.340000000000000000e+02
5.020000000000000000e+02
4.980000000000000000e+02
6.260000000000000000e+02
6.100000000000000000e+02
6.560000000000000000e+02
6.960000000000000000e+02
7.100000000000000000e+02
7.840000000000000000e+02
9.040000000000000000e+02
9.720000000000000000e+02
9.100000000000000000e+02
9.840000000000000000e+02
9.780000000000000000e+02
1.046000000000000000e+03
1.108000000000000000e+03
1.182000000000000000e+03
1.302000000000000000e+03
1.266000000000000000e+03
1.376000000000000000e+03
1.425000000000000000e+03
1.644000000000000000e+03
1.704000000000000000e+03
1.740000000000000000e+03
2.024000000000000000e+03
2.104000000000000000e+03
2.242000000000000000e+03
2.624000000000000000e+03
2.752000000000000000e+03
1.414000000000000000e+03
9.620000000000000000e+02
8.080000000000000000e+02
8.380000000000000000e+02
7.400000000000000000e+02
6.500000000000000000e+02
6.300000000000000000e+02
6.160000000000000000e+02
5.520000000000000000e+02
5.840000000000000000e+02
5.820000000000000000e+02
5.840000000000000000e+02
5.500000000000000000e+02
5.360000000000000000e+02
6.220000000000000000e+02
5.480000000000000000e+02
5.420000000000000000e+02
5.340000000000000000e+02
6.200000000000000000e+02
5.800000000000000000e+02
5.440000000000000000e+02
5.180000000000000000e+02
6.520000000000000000e+02
5.700000000000000000e+02
6.060000000000000000e+02
6.520000000000000000e+02
5.920000000000000000e+02
6.020000000000000000e+02
5.900000000000000000e+02
6.120000000000000000e+02
6.540000000000000000e+02
6.440000000000000000e+02
6.420000000000000000e+02
5.940000000000000000e+02
5.660000000000000000e+02
5.860000000000000000e+02
6.900000000000000000e+02
6.060000000000000000e+02
7.220000000000000000e+02
6.000000000000000000e+02
6.320000000000000000e+02
5.720000000000000000e+02
5.460000000000000000e+02
5.420000000000000000e+02
5.660000000000000000e+02
5.180000000000000000e+02
5.340000000000000000e+02
4.620000000000000000e+02
4.960000000000000000e+02
4.780000000000000000e+02
4.440000000000000000e+02
4.700000000000000000e+02
4.940000000000000000e+02
4.040000000000000000e+02
4.280000000000000000e+02
5.140000000000000000e+02
5.260000000000000000e+02
4.860000000000000000e+02
4.960000000000000000e+02
5.580000000000000000e+02
5.460000000000000000e+02
6.360000000000000000e+02
6.840000000000000000e+02
7.380000000000000000e+02
8.220000000000000000e+02
8.700000000000000000e+02
8.040000000000000000e+02
9.140000000000000000e+02
8.740000000000000000e+02
8.940000000000000000e+02
8.740000000000000000e+02
9.220000000000000000e+02
9.300000000000000000e+02
9.210000000000000000e+02
8.940000000000000000e+02
8.200000000000000000e+02
7.300000000000000000e+02
7.800000000000000000e+02
7.140000000000000000e+02
7.020000000000000000e+02
7.060000000000000000e+02
6.280000000000000000e+02
5.140000000000000000e+02
5.200000000000000000e+02
5.320000000000000000e+02
4.820000000000000000e+02
5.220000000000000000e+02
4.540000000000000000e+02
3.940000000000000000e+02
4.380000000000000000e+02
4.380000000000000000e+02
4.640000000000000000e+02
5.020000000000000000e+02
4.340000000000000000e+02
4.480000000000000000e+02
3.980000000000000000e+02
4.540000000000000000e+02
4.620000000000000000e+02
4.920000000000000000e+02
5.360000000000000000e+02
4.560000000000000000e+02
4.900000000000000000e+02
5.500000000000000000e+02
5.580000000000000000e+02
5.020000000000000000e+02
4.700000000000000000e+02
4.140000000000000000e+02
4.660000000000000000e+02
4.460000000000000000e+02
3.840000000000000000e+02
4.560000000000000000e+02
4.680000000000000000e+02
4.460000000000000000e+02
4.380000000000000000e+02
3.900000000000000000e+02
4.440000000000000000e+02
3.880000000000000000e+02
