1.147300000000000075e+01
1.147100000000000009e+01
1.147100000000000009e+01
1.146199999999999974e+01
1.145899999999999963e+01
1.146199999999999974e+01
1.145400000000000063e+01
1.145199999999999996e+01
1.145400000000000063e+01
1.144699999999999918e+01
1.143500000000000050e+01
1.143099999999999916e+01
1.142699999999999960e+01
1.142800000000000082e+01
1.142300000000000004e+01
1.142500000000000071e+01
1.141900000000000048e+01
1.142500000000000071e+01
1.142300000000000004e+01
1.141999999999999993e+01
1.141900000000000048e+01
1.141900000000000048e+01
1.141900000000000048e+01
1.141999999999999993e+01
1.141799999999999926e+01
1.141600000000000037e+01
1.141399999999999970e+01
1.141600000000000037e+01
1.141799999999999926e+01
1.141499999999999915e+01
1.141600000000000037e+01
1.141799999999999926e+01
1.141600000000000037e+01
1.141600000000000037e+01
1.141200000000000081e+01
1.141200000000000081e+01
1.141000000000000014e+01
1.141600000000000037e+01
1.141399999999999970e+01
1.141099999999999959e+01
1.141399999999999970e+01
1.141200000000000081e+01
1.140700000000000003e+01
1.141099999999999959e+01
1.140900000000000070e+01
1.140900000000000070e+01
1.140700000000000003e+01
1.140600000000000058e+01
1.141000000000000014e+01
1.140499999999999936e+01
1.140700000000000003e+01
1.140700000000000003e+01
1.141000000000000014e+01
1.140700000000000003e+01
1.140900000000000070e+01
1.140600000000000058e+01
1.140600000000000058e+01
1.140900000000000070e+01
1.140700000000000003e+01
1.140700000000000003e+01
1.140900000000000070e+01
1.140600000000000058e+01
1.140499999999999936e+01
1.140499999999999936e+01
1.140600000000000058e+01
1.140600000000000058e+01
1.140600000000000058e+01
1.140499999999999936e+01
1.140499999999999936e+01
1.140499999999999936e+01
1.140499999999999936e+01
1.140700000000000003e+01
1.141000000000000014e+01
1.140799999999999947e+01
1.141200000000000081e+01
1.140499999999999936e+01
1.140799999999999947e+01
1.141000000000000014e+01
1.140799999999999947e+01
1.140900000000000070e+01
1.140900000000000070e+01
