1.825260967341321705e-01
1.836824771670118595e-01
1.845451136789719448e-01
1.852266938359653503e-01
1.779615254809314984e-01
1.848467082801669159e-01
1.835427866999965740e-01
1.838111876134689848e-01
1.830144751493066047e-01
1.823833496638172791e-01
1.825323632885883229e-01
1.888148122560364683e-01
1.824470088689518210e-01
1.824839896443657128e-01
1.753876296321318917e-01
1.763725990141084554e-01
1.741647651806695618e-01
1.745746017729171706e-01
1.757121849457952967e-01
1.674652529989465455e-01
1.711406013774567358e-01
1.755485893416927901e-01
1.729351156604599371e-01
1.664135021097046530e-01
1.721510336579531730e-01
1.640527505143512532e-01
1.592667052850376408e-01
1.563717882393516057e-01
1.560896019579183502e-01
1.622310208297469414e-01
1.500832285898698881e-01
1.565914306264342137e-01
1.704681054174763954e-01
1.574292056231922921e-01
1.614669039862981492e-01
1.694454820197629774e-01
1.631882396574395599e-01
1.687514831011220628e-01
1.646314500493213928e-01
1.580898608890854151e-01
1.537214095070779385e-01
1.561208373937296168e-01
1.554935784870709048e-01
1.646715724507443468e-01
1.598906046759830668e-01
1.766688225482520302e-01
1.851049936419562059e-01
1.839205921479005468e-01
1.861161184993707640e-01
1.812502122169026564e-01
1.845207932164453779e-01
1.848472695675422717e-01
1.888577316801243189e-01
1.819413857360664133e-01
1.858034058337548478e-01
1.841473719790434338e-01
1.858175769713839576e-01
1.838044976301724531e-01
1.781309219056484705e-01
1.836260069432741338e-01
1.824929352081985645e-01
1.881057715038330358e-01
1.808973969411526439e-01
1.790067186603193916e-01
1.831704925791947103e-01
1.852135925567746089e-01
1.799680087125208328e-01
1.850192728409209286e-01
1.835049444387807094e-01
1.854935416452530295e-01
1.892067176406335427e-01
1.888254627227123339e-01
1.884873920906268152e-01
1.860623152458292240e-01
1.916701059292887643e-01
1.844372552358249651e-01
1.879267588409145040e-01
1.858349354572919609e-01
1.883030116147599853e-01
1.901619057440445404e-01
1.832798537073456746e-01
