1.867701630749327713e-01
1.893521990023799562e-01
1.796892448074530191e-01
1.790133376185119585e-01
1.835412435934629105e-01
1.848989490703314420e-01
1.834058321250201518e-01
1.825389213899811514e-01
1.832525425339796565e-01
1.828665039187973851e-01
1.859489688919958028e-01
1.876347719738662989e-01
1.875298995375538069e-01
1.805112336008767582e-01
1.809761311008193929e-01
1.833017443541392344e-01
1.856726550741345516e-01
1.855710000967523421e-01
1.866923200256533633e-01
1.788977589689333403e-01
1.815553628216247384e-01
1.845378477045843679e-01
1.804789388093492042e-01
1.725350996735651177e-01
1.751541964026221421e-01
1.750723899831355124e-01
1.724348468781130572e-01
1.691567646777738798e-01
1.725682250217482339e-01
1.631198844487241340e-01
1.597943053042567285e-01
1.636369475847893051e-01
1.618344244847937652e-01
1.482046878478516794e-01
1.534616508163199056e-01
1.437858751149589387e-01
1.537524444586926553e-01
1.567631841115788849e-01
1.594393905300716952e-01
1.603367454319334084e-01
1.586063608758190857e-01
1.607299412280416839e-01
1.657964700983375617e-01
1.607261456719061288e-01
1.731309369773093021e-01
1.812217855866974092e-01
1.792792792792792800e-01
1.828311613460984197e-01
1.792002579812963514e-01
1.747291268323773183e-01
1.784804000645265343e-01
1.831063021286188086e-01
1.863206791606599466e-01
1.831919321274211587e-01
1.861782598899153485e-01
1.804992397364419687e-01
1.881235154394299280e-01
1.860925671575047180e-01
1.911683948703039593e-01
1.824322151104821321e-01
1.974849679963793792e-01
1.871848402119800914e-01
1.913835691142976303e-01
1.882928714018932415e-01
1.867237140394009953e-01
1.851933981689739273e-01
1.937303465490971544e-01
1.897847246441140001e-01
1.898131885677790121e-01
1.933735131860072065e-01
1.908359972876101929e-01
1.856805155273469066e-01
1.912703248773291453e-01
1.814963643321852171e-01
1.926549497156443691e-01
1.812318400970656662e-01
1.823125810225440235e-01
1.915350357245842738e-01
1.924329903557720212e-01
1.807861095210837599e-01
1.944579170304264748e-01
1.915647648542511405e-01
1.814180461199885186e-01
1.834170050842579835e-01
1.867868443762585040e-01
1.877761179798493607e-01
1.912363368272590181e-01
1.882142056912390893e-01
1.916920357458509194e-01
1.897248290122474923e-01
1.866436715531283042e-01
1.926690527930461361e-01
1.891192537456473921e-01
1.865855610693132605e-01
1.895897519053024172e-01
1.901201946315212721e-01
1.886644696055078674e-01
1.884890700735081803e-01
1.876532204145308635e-01
1.830854420191874443e-01
1.876586039638944992e-01
1.787709497206703968e-01
1.792666943707444949e-01
1.721470635046952191e-01
1.821678891605542083e-01
1.740009477175801511e-01
1.678542640657746388e-01
1.682887137432592106e-01
1.685880350663112870e-01
1.650432024853564494e-01
1.658558587583362776e-01
1.637129149123665861e-01
1.611260662277430034e-01
1.613328615998198823e-01
1.545286745895534386e-01
1.520614415630322236e-01
1.432129111549532707e-01
1.377493655433839892e-01
1.353344713195271942e-01
1.362415455810491449e-01
1.228075821452708077e-01
1.109234054760462884e-01
8.996050984043407750e-02
1.062904628466518481e-01
1.595243510185516134e-01
1.684126477163845337e-01
1.650805857284757538e-01
1.698143664245359286e-01
1.728143598230482691e-01
1.758938683060993491e-01
1.808996405324006518e-01
1.825073073587511752e-01
1.818823604916086356e-01
1.875964411175678748e-01
1.832765700098672734e-01
1.811287084541601533e-01
1.818240267463914761e-01
1.798187622948176356e-01
1.838710715089909020e-01
1.830229341567757018e-01
1.855091173148297468e-01
1.766489039216311840e-01
1.831017843842093207e-01
1.875301456638477082e-01
1.815807078461979529e-01
1.827560795873249821e-01
1.867751263067586043e-01
1.787388086234202866e-01
1.837416842446860377e-01
1.892322188647366510e-01
1.827642694247261779e-01
1.870777982481657553e-01
1.833817360438851352e-01
1.870727361088611596e-01
1.811564126305034994e-01
1.850048371493066834e-01
1.887793047696038895e-01
1.827349609063347591e-01
1.830681341380757110e-01
1.830871611751339056e-01
1.775403134957674878e-01
1.822317624066895070e-01
1.791638592100619209e-01
1.788536623457754049e-01
1.748320758921465545e-01
1.848862089087726090e-01
1.869177469084640220e-01
1.796827625825806740e-01
1.847836639590951791e-01
1.850265003649750883e-01
1.920991982341675730e-01
1.893199026049831590e-01
1.830936288798488132e-01
1.887208059343720712e-01
1.922072899545586300e-01
1.844789935139011239e-01
1.920020590033137131e-01
1.890894845091573850e-01
1.864433862772043038e-01
1.812287242664937514e-01
1.923165100055677368e-01
1.899543978215937901e-01
1.794382857696907030e-01
1.837162096852144322e-01
1.862812571690754815e-01
1.777933718222704240e-01
1.820836442685182244e-01
1.764724722159946302e-01
1.794646059538948235e-01
1.706848192619205284e-01
1.629776738524616464e-01
1.687340091330116199e-01
1.684428751903080668e-01
1.720402455880934711e-01
1.729826696992023682e-01
1.773116023882523873e-01
1.667044901928999845e-01
1.717149005878007284e-01
1.702755589773201073e-01
1.727381452629537517e-01
1.728725950033502545e-01
1.735686448464877629e-01
1.793493814990301249e-01
1.812960658562266791e-01
1.818587882461793759e-01
1.777447508221603745e-01
1.788301368988735318e-01
1.925044233553160622e-01
1.875503691047999688e-01
1.869828488095615637e-01
1.838177035464139686e-01
1.838313167945055948e-01
1.860420466545070484e-01
1.888525862905573727e-01
1.841391415350247251e-01
1.936449084463524872e-01
1.854976885526783692e-01
1.921477455057467587e-01
1.869510258321719076e-01
1.854773788439864624e-01
1.866623607298562859e-01
1.905731647232714598e-01
1.882903676733526099e-01
1.802937694006208069e-01
1.835010841774814827e-01
1.889036955179250465e-01
1.811768478435145102e-01
1.824311245886831301e-01
1.848977620350990281e-01
1.806936160812900316e-01
1.868485143692157902e-01
1.845367163985889569e-01
1.861145826481615528e-01
1.917296862429605786e-01
1.914545279445282744e-01
1.891953056803853672e-01
1.851406275402373569e-01
1.803252190217566886e-01
1.868612179171185439e-01
1.894112718718783117e-01
1.918485508896334013e-01
