2.782300000000000000e+04
2.917700000000000000e+04
3.007700000000000000e+04
2.960100000000000000e+04
3.007000000000000000e+04
3.011700000000000000e+04
2.980000000000000000e+04
2.978900000000000000e+04
2.978300000000000000e+04
2.939900000000000000e+04
2.961500000000000000e+04
3.008300000000000000e+04
3.000500000000000000e+04
2.964100000000000000e+04
3.034700000000000000e+04
3.072800000000000000e+04
2.943100000000000000e+04
2.982200000000000000e+04
2.949700000000000000e+04
3.057700000000000000e+04
3.052500000000000000e+04
2.959100000000000000e+04
2.944900000000000000e+04
3.012300000000000000e+04
3.048700000000000000e+04
2.962700000000000000e+04
3.032700000000000000e+04
3.025900000000000000e+04
2.988100000000000000e+04
3.034600000000000000e+04
2.979600000000000000e+04
2.975100000000000000e+04
3.020100000000000000e+04
2.975900000000000000e+04
3.027500000000000000e+04
3.000700000000000000e+04
2.979700000000000000e+04
3.066700000000000000e+04
2.990100000000000000e+04
3.006500000000000000e+04
2.957500000000000000e+04
3.004600000000000000e+04
3.018500000000000000e+04
2.965700000000000000e+04
2.986900000000000000e+04
3.003500000000000000e+04
2.979500000000000000e+04
3.012100000000000000e+04
2.986300000000000000e+04
3.024600000000000000e+04
2.982100000000000000e+04
3.006600000000000000e+04
2.981100000000000000e+04
2.997700000000000000e+04
3.014500000000000000e+04
3.008700000000000000e+04
3.000100000000000000e+04
2.943700000000000000e+04
3.002100000000000000e+04
2.983900000000000000e+04
3.034200000000000000e+04
2.977700000000000000e+04
3.009500000000000000e+04
3.000100000000000000e+04
3.009900000000000000e+04
2.958700000000000000e+04
2.968900000000000000e+04
3.007200000000000000e+04
3.002500000000000000e+04
3.005100000000000000e+04
2.968100000000000000e+04
2.963800000000000000e+04
2.998700000000000000e+04
3.019600000000000000e+04
2.996300000000000000e+04
2.991300000000000000e+04
3.028100000000000000e+04
3.008700000000000000e+04
2.988300000000000000e+04
2.962500000000000000e+04
3.016700000000000000e+04
