1.826518914787925163e-01
1.754924700271144333e-01
1.802533604100183817e-01
1.800207106336159379e-01
1.821318144833197761e-01
1.805033265837431289e-01
1.812186333805173022e-01
1.810783968218370454e-01
1.779454182382959881e-01
1.850702332576072695e-01
1.880797252623808424e-01
1.801859365515478817e-01
1.834501017014819324e-01
1.812004530011324943e-01
1.865922148344199838e-01
1.845955941469689665e-01
1.782338469506668521e-01
1.902469175965386117e-01
1.839599806357915257e-01
1.863018976977169894e-01
1.793490532563465634e-01
1.816851008458035266e-01
1.761508138351983721e-01
1.809439119981556543e-01
1.773179928454026999e-01
1.739214485936140808e-01
1.756296800544588088e-01
1.738272903586338403e-01
1.695630113528255323e-01
1.655042657410711326e-01
1.628198937711250738e-01
1.591254568388369706e-01
1.633345292064838084e-01
1.513432932559873045e-01
1.518681677271985775e-01
1.503837310967909013e-01
1.521578219032600765e-01
1.490861114686574951e-01
1.583746600543912975e-01
1.586306191009438371e-01
1.627238986606422411e-01
1.633325792586368397e-01
1.580895144709789646e-01
1.639386938270801508e-01
1.679379485694055540e-01
1.786272976143918612e-01
1.817831572864160306e-01
1.804796649543565779e-01
1.765250422957831966e-01
1.721610538891220898e-01
1.786824622836011289e-01
1.812991178829189975e-01
1.793459223641053479e-01
1.853909134692567073e-01
1.908104453102360265e-01
1.891722476988552115e-01
1.873179035584509045e-01
1.888720054314441954e-01
1.927899176083629207e-01
1.882115014515444995e-01
1.897212824230707362e-01
1.904668046384810076e-01
1.883255219429058325e-01
1.898846495119786981e-01
1.858617433492885385e-01
1.876563000961846694e-01
1.865836971395060939e-01
1.894899835478563721e-01
1.857212554886973621e-01
1.884916091465209942e-01
1.861703834429648541e-01
1.906975221760335293e-01
1.847878612158113387e-01
1.876225687188554925e-01
1.870137448132780100e-01
1.826129032258064500e-01
1.883224485817331095e-01
1.887763410741621350e-01
1.878514088855666453e-01
1.842921003687147119e-01
1.888250381481120788e-01
1.845907416306263038e-01
1.858011387396661107e-01
1.888914166856251464e-01
1.869356705804531282e-01
1.917160920289382731e-01
1.846124168086679673e-01
1.845700937569997868e-01
1.885291700903861944e-01
1.890547263681592038e-01
1.879798271819086986e-01
1.880257946250286361e-01
1.846851160266845537e-01
1.877275261552589225e-01
1.858409976107092687e-01
1.844512687893971326e-01
1.866308935641134703e-01
1.814903846153846090e-01
1.850995211258429085e-01
1.835516115198099762e-01
1.818659140878810809e-01
1.815065106312840071e-01
1.755786627177027270e-01
1.711679542946179244e-01
1.765141991425716317e-01
1.727210418094585198e-01
1.674526032143200949e-01
1.677729677729677682e-01
1.656987004652655249e-01
1.690804115730735746e-01
1.626582484459921374e-01
1.610853172643155751e-01
1.618493308342376091e-01
1.511608867930707145e-01
1.484908285076509959e-01
1.549231272489368649e-01
1.399916017959236536e-01
1.376879547291835204e-01
1.367359592729171514e-01
1.294380856651859424e-01
1.291810841983852265e-01
1.145924273288712186e-01
9.465540124955489076e-02
9.091795288383427986e-02
1.476985499534388679e-01
1.658744468119980331e-01
1.677016603477578804e-01
1.706628597384899915e-01
1.759629690857993090e-01
1.840492797079721077e-01
1.830879700973802315e-01
1.811563858914478908e-01
1.869791839580359216e-01
1.786303496910684740e-01
1.812696662017062865e-01
1.814526505404014389e-01
1.835637227409191441e-01
1.875599986758912929e-01
1.826398528035120539e-01
1.802739904331131515e-01
1.822587511051442510e-01
1.820770898734586918e-01
1.813698089632722887e-01
1.865028242988801821e-01
1.854172883716303510e-01
1.865845266572729866e-01
1.764260308259781307e-01
1.900016946280291552e-01
1.893061197529641027e-01
1.847301301901241866e-01
1.857644011671748530e-01
1.857844267967179719e-01
1.881295318087863877e-01
1.793976571931999997e-01
1.831822859608936704e-01
1.814501648656589861e-01
1.834406563592978767e-01
1.747557108652041669e-01
1.831214947067998644e-01
1.821876829030369960e-01
1.760219945668183295e-01
1.820869051138043204e-01
1.838818042464368530e-01
1.846748060619946841e-01
1.795566582873559525e-01
1.833993399339934049e-01
1.858293605129048287e-01
1.864401154880031830e-01
1.800687285223367684e-01
1.847907997772025857e-01
1.823513818013122179e-01
1.894176066296162364e-01
1.879785730717407621e-01
1.888275907634369422e-01
1.909564300309801732e-01
1.896613656402050818e-01
1.909140951332448377e-01
1.878602246154859601e-01
1.858775002455232972e-01
1.902752596011208219e-01
1.843369163916750986e-01
1.826010943115226604e-01
1.771179603033725958e-01
1.940154118157254026e-01
1.860953651217072402e-01
1.834049673545720127e-01
1.800757451012679200e-01
1.721600941730429546e-01
1.691044141225745145e-01
1.705136068696129492e-01
1.796645282010157774e-01
1.755946562398175426e-01
1.719424223459270762e-01
1.756136236001453466e-01
1.728273369475932242e-01
1.698992730710304211e-01
1.670984031216185273e-01
1.714982211095005815e-01
1.782125329683170167e-01
1.813583574589864023e-01
1.727079588168001223e-01
1.765230901457802981e-01
1.824552211925734302e-01
1.796477880169219110e-01
1.776820392310453911e-01
1.853739796768282544e-01
1.832030863586902869e-01
1.870205534876193676e-01
1.838050057255030401e-01
1.906680315688670246e-01
1.881401438562763095e-01
1.883372991296978494e-01
1.816341853556621977e-01
1.868099658036150579e-01
1.834306021975155576e-01
1.874818237632080720e-01
1.885055970758134636e-01
1.852592908452783127e-01
1.816510750041030742e-01
1.835300271339370404e-01
1.837602611017703502e-01
1.914441648419883124e-01
1.842105263157894635e-01
1.871997367555116865e-01
1.858615318330958111e-01
1.878306019795554227e-01
1.810840090607662156e-01
1.880263459710980745e-01
1.856548379697893214e-01
1.852129427482159807e-01
1.812506034177581715e-01
1.878180922672795794e-01
1.835289552817926106e-01
1.837394729258061410e-01
1.898143552069889717e-01
1.868975657572292115e-01
1.823317424758936489e-01
1.872861751001922426e-01
1.956721612924410547e-01
1.867503350001634144e-01
1.887297288478480828e-01
