1.758241758241758379e-01
9.523809523809523281e-02
5.607476635514018620e-02
7.766990291262135249e-02
1.975308641975308532e-01
2.307692307692307820e-01
9.821428571428571230e-02
8.474576271186440302e-02
3.636363636363636187e-02
9.322033898305084887e-02
1.418439716312056703e-02
9.433962264150944077e-02
1.165048543689320426e-01
0.000000000000000000e+00
4.958677685950413361e-02
1.120689655172413812e-01
3.973509933774834607e-02
4.800000000000000100e-02
3.680981595092024800e-02
5.594405594405594401e-02
3.301886792452830149e-02
4.444444444444444614e-02
9.561752988047808599e-02
5.970149253731343170e-02
6.481481481481481122e-02
6.363636363636362980e-02
6.691449814126393392e-02
1.158301158301158346e-01
5.341246290801186791e-02
4.603580562659846664e-02
4.988662131519274595e-02
4.554865424430641629e-02
7.441860465116278966e-02
4.243542435424354359e-02
5.709342560553633261e-02
3.586206896551723949e-02
3.799185888738127598e-02
2.918069584736251304e-02
4.229607250755287179e-02
3.890362511052166544e-02
4.205607476635513792e-02
5.729166666666666435e-02
3.883495145631067624e-02
3.639672429481346366e-02
3.161555485298767065e-02
3.705636743215031531e-02
2.491036044536705171e-02
2.846422564367964703e-02
2.876348288260121774e-02
3.344722172271174382e-02
4.145077720207254041e-02
3.011514614703277373e-02
5.101509630400832829e-02
3.718115002161694743e-02
2.775748721694667673e-02
3.623611922852133099e-02
4.303967720242098116e-02
5.034324942791761764e-02
4.560810810810810717e-02
3.242147922998987047e-02
2.996254681647940107e-02
