9.654104948043823242e+00
9.620041131973266602e+00
9.720982074737548828e+00
9.637897253036499023e+00
9.684249639511108398e+00
9.819293260574340820e+00
9.576185226440429688e+00
9.693933963775634766e+00
9.815390825271606445e+00
9.576637029647827148e+00
9.676419496536254883e+00
9.679661035537719727e+00
9.611042499542236328e+00
9.611041545867919922e+00
9.615802049636840820e+00
9.645335912704467773e+00
9.568236827850341797e+00
9.661801576614379883e+00
9.598509311676025391e+00
9.644607305526733398e+00
9.571789264678955078e+00
9.676550626754760742e+00
9.633258104324340820e+00
9.685073137283325195e+00
9.613491296768188477e+00
9.603775739669799805e+00
9.640728712081909180e+00
9.605909585952758789e+00
9.642322301864624023e+00
9.654253959655761719e+00
9.677129507064819336e+00
9.592502593994140625e+00
9.602245330810546875e+00
9.654167413711547852e+00
9.816257476806640625e+00
9.564912557601928711e+00
9.537333488464355469e+00
9.548750400543212891e+00
9.669255256652832031e+00
9.600357770919799805e+00
9.594216108322143555e+00
9.629720211029052734e+00
9.637385129928588867e+00
9.605185508728027344e+00
9.665499925613403320e+00
9.628835439682006836e+00
9.567648649215698242e+00
9.600217103958129883e+00
9.645791769027709961e+00
9.707907676696777344e+00
9.597161769866943359e+00
9.635917425155639648e+00
9.650685071945190430e+00
9.669723510742187500e+00
9.770262718200683594e+00
9.613095045089721680e+00
9.631208896636962891e+00
9.643430233001708984e+00
9.588085412979125977e+00
9.593590974807739258e+00
9.631463289260864258e+00
9.600203037261962891e+00
9.640254259109497070e+00
9.638649463653564453e+00
9.582936525344848633e+00
9.674370765686035156e+00
9.679268598556518555e+00
9.696608066558837891e+00
9.714147806167602539e+00
9.601425409317016602e+00
9.688671112060546875e+00
9.590940952301025391e+00
9.728270053863525391e+00
9.559226036071777344e+00
9.602220535278320312e+00
9.583050727844238281e+00
9.653795480728149414e+00
9.592203140258789062e+00
9.615807056427001953e+00
9.650878667831420898e+00
9.757595539093017578e+00
