9.726331710815429688e+00
9.666785955429077148e+00
9.614092111587524414e+00
9.785265445709228516e+00
9.635174036026000977e+00
9.637919425964355469e+00
9.926098108291625977e+00
9.691817045211791992e+00
9.621623277664184570e+00
9.588186979293823242e+00
9.658478260040283203e+00
9.630528450012207031e+00
9.693480730056762695e+00
9.619217872619628906e+00
9.629994869232177734e+00
9.656093358993530273e+00
9.604551315307617188e+00
9.648350715637207031e+00
9.604974746704101562e+00
9.665653228759765625e+00
9.576509952545166016e+00
9.608008384704589844e+00
9.696486949920654297e+00
9.743315458297729492e+00
9.606241226196289062e+00
9.664112329483032227e+00
9.617876052856445312e+00
9.610922336578369141e+00
9.661517143249511719e+00
9.665695190429687500e+00
9.675698041915893555e+00
9.592565536499023438e+00
9.618037462234497070e+00
9.659664154052734375e+00
9.625826358795166016e+00
9.604859828948974609e+00
9.571182966232299805e+00
9.630122423171997070e+00
9.786635875701904297e+00
9.557211160659790039e+00
9.578151702880859375e+00
9.753297328948974609e+00
9.616250038146972656e+00
9.618770360946655273e+00
9.652568340301513672e+00
9.651369094848632812e+00
9.665570735931396484e+00
9.645650625228881836e+00
9.647945404052734375e+00
9.655388116836547852e+00
9.603656053543090820e+00
9.748995065689086914e+00
9.612439393997192383e+00
9.678287029266357422e+00
9.791585683822631836e+00
9.622951984405517578e+00
9.582523822784423828e+00
9.628334045410156250e+00
9.667834043502807617e+00
9.682382583618164062e+00
9.693816900253295898e+00
9.671150922775268555e+00
9.613193273544311523e+00
9.664796352386474609e+00
9.666228055953979492e+00
9.655092954635620117e+00
9.589473724365234375e+00
9.690153121948242188e+00
9.770672559738159180e+00
9.594632625579833984e+00
9.674587965011596680e+00
9.652662754058837891e+00
9.613433361053466797e+00
9.824066877365112305e+00
9.642384052276611328e+00
9.599238634109497070e+00
9.674446105957031250e+00
9.701618432998657227e+00
9.623409986495971680e+00
9.693843603134155273e+00
9.595226049423217773e+00
