1.167300000000000004e+01
1.166900000000000048e+01
1.167200000000000060e+01
1.167200000000000060e+01
1.167200000000000060e+01
1.166799999999999926e+01
1.166799999999999926e+01
1.166900000000000048e+01
1.166300000000000026e+01
1.166300000000000026e+01
1.166000000000000014e+01
1.166300000000000026e+01
1.166000000000000014e+01
1.166000000000000014e+01
1.166000000000000014e+01
1.165900000000000070e+01
1.165900000000000070e+01
1.165300000000000047e+01
1.165600000000000058e+01
1.165600000000000058e+01
1.165499999999999936e+01
1.165499999999999936e+01
1.165199999999999925e+01
1.165300000000000047e+01
1.165499999999999936e+01
1.165499999999999936e+01
1.165300000000000047e+01
1.165300000000000047e+01
1.165199999999999925e+01
1.165000000000000036e+01
1.165099999999999980e+01
1.164700000000000024e+01
1.165099999999999980e+01
1.164799999999999969e+01
1.164799999999999969e+01
1.164799999999999969e+01
1.165000000000000036e+01
1.165000000000000036e+01
1.165099999999999980e+01
1.164799999999999969e+01
1.164799999999999969e+01
1.165000000000000036e+01
1.164799999999999969e+01
1.164700000000000024e+01
1.164400000000000013e+01
1.164700000000000024e+01
1.164799999999999969e+01
1.164400000000000013e+01
1.164700000000000024e+01
1.164700000000000024e+01
1.164700000000000024e+01
1.164700000000000024e+01
1.164400000000000013e+01
1.164300000000000068e+01
1.164499999999999957e+01
1.164700000000000024e+01
1.164400000000000013e+01
1.164799999999999969e+01
1.164400000000000013e+01
1.164300000000000068e+01
1.164400000000000013e+01
1.164499999999999957e+01
1.164799999999999969e+01
1.164899999999999913e+01
1.164799999999999969e+01
1.164799999999999969e+01
1.164700000000000024e+01
1.164300000000000068e+01
1.164700000000000024e+01
1.164799999999999969e+01
1.164799999999999969e+01
1.164700000000000024e+01
1.164899999999999913e+01
1.164899999999999913e+01
1.164799999999999969e+01
1.164799999999999969e+01
1.164799999999999969e+01
1.164899999999999913e+01
1.165099999999999980e+01
1.164700000000000024e+01
1.164700000000000024e+01
