1.903088653852911261e-01
1.818424833762154469e-01
1.861135685966119335e-01
1.857364443417708899e-01
1.872082013777792153e-01
1.861971923165025022e-01
1.940442522042921392e-01
1.877100806056848092e-01
1.875187219171243203e-01
1.867890509752499484e-01
1.899645078310703006e-01
1.934828884886196088e-01
1.836499142593325529e-01
1.816115098567763209e-01
1.842626195974925718e-01
1.868695112794228064e-01
1.884331446353494088e-01
1.815304473970525134e-01
1.842148515827882194e-01
1.837855834859330739e-01
1.904236835070836631e-01
1.838363272142130023e-01
1.818122148928489334e-01
1.897254148587327327e-01
1.877813927503368396e-01
1.826375867627224592e-01
1.831195943930808145e-01
1.870039192438164855e-01
1.673678979625641827e-01
1.713322536933602203e-01
1.664948282169820826e-01
1.614754370252429738e-01
1.578174460725124961e-01
1.563290931203365763e-01
1.497551642507377601e-01
1.535348260330308690e-01
1.541542198732888946e-01
1.500735654732712199e-01
1.527153805496828665e-01
1.534445060862187071e-01
1.550896853766141892e-01
1.548910355741650591e-01
1.595452893162816743e-01
1.590595198947714617e-01
1.590325067454708974e-01
1.619862561120655464e-01
1.578558106630651436e-01
1.629673087578631663e-01
1.624064631481358933e-01
1.778424702342012165e-01
1.702421689918399705e-01
1.719359171772106287e-01
1.736939032664534255e-01
1.706189117386598397e-01
1.804383936423150925e-01
1.844250024949269928e-01
1.714192814176556667e-01
1.870656876884751463e-01
1.807603046448534034e-01
1.895474529767610938e-01
1.831964006259780842e-01
1.798666449829240399e-01
1.860288784861871270e-01
1.869953251168720854e-01
1.891719958482606101e-01
1.885038320559813407e-01
1.923102844049063287e-01
1.866981658299701474e-01
1.861558043144805885e-01
1.784913386850401351e-01
1.831935536918269936e-01
1.901077375122428859e-01
1.823126576886529571e-01
1.861675837754127039e-01
1.854407619788123185e-01
1.849939937015031843e-01
1.933997960056592080e-01
1.879057505355083146e-01
1.851136921315229833e-01
1.922180265966179635e-01
1.884341342170671174e-01
