2.994652406417112195e-02
2.975557917109458023e-02
5.155746509129967986e-02
4.424778761061946841e-02
2.794411177644710517e-02
5.303867403314917184e-02
4.326923076923076816e-02
3.733955659276545769e-02
5.633802816901408578e-02
4.713804713804713858e-02
4.852320675105484954e-02
3.105590062111801206e-02
4.324324324324324564e-02
2.120890774125132675e-02
4.189636163175303185e-02
5.470459518599562337e-02
3.875134553283100108e-02
5.681818181818181629e-02
5.599104143337066408e-02
3.436426116838488254e-02
4.745762711864406902e-02
4.255319148936170109e-02
5.330243337195828685e-02
5.288461538461538408e-02
6.153846153846154188e-02
6.257822277847309433e-02
6.235565819861432074e-02
2.753441802252816137e-02
6.038647342995168837e-02
4.630650496141124756e-02
4.520990312163616909e-02
5.387205387205386969e-02
7.538280329799763868e-02
7.874015748031495954e-02
6.342015855039637162e-02
8.877928483353883515e-02
7.927519818799547147e-02
7.126436781609195303e-02
1.035673187571921755e-01
8.287895310796074277e-02
9.578107183580387984e-02
1.183723797780517895e-01
1.127733026467203636e-01
1.144114411441144175e-01
1.088139281828073984e-01
9.745293466223699241e-02
9.337676438653637334e-02
7.700892857142857539e-02
6.490384615384615918e-02
7.577497129735935588e-02
7.215332581736189077e-02
7.197382769901854160e-02
6.011560693641618269e-02
5.549389567147614000e-02
5.561993047508690530e-02
6.690561529271206453e-02
4.293785310734463123e-02
4.017857142857143155e-02
5.667060212514758027e-02
5.475880052151238520e-02
2.594594594594594461e-02
5.493133583021223704e-02
3.290246768507638225e-02
2.430939226519336985e-02
5.616605616605616774e-02
4.624277456647398615e-02
4.311377245508982159e-02
4.086265607264472077e-02
4.180418041804180584e-02
3.623188405797101580e-02
6.165228113440197194e-02
2.687569988801791557e-02
5.807200929152148833e-02
4.602991944764096843e-02
4.005006257822277954e-02
3.149606299212598381e-02
2.911534154535274505e-02
4.984423676012460919e-02
3.942181340341655710e-02
4.678362573099414945e-02
3.939745075318655532e-02
