2.968500000000000000e+04
3.076100000000000000e+04
3.110400000000000000e+04
3.191700000000000000e+04
3.154700000000000000e+04
3.114900000000000000e+04
3.169300000000000000e+04
3.162500000000000000e+04
3.175700000000000000e+04
3.088500000000000000e+04
3.133100000000000000e+04
3.152100000000000000e+04
3.105300000000000000e+04
3.149100000000000000e+04
3.148100000000000000e+04
3.157700000000000000e+04
3.090700000000000000e+04
3.185700000000000000e+04
3.136100000000000000e+04
3.067500000000000000e+04
3.124500000000000000e+04
3.095400000000000000e+04
3.096700000000000000e+04
3.131700000000000000e+04
3.149900000000000000e+04
3.106700000000000000e+04
3.142700000000000000e+04
3.185900000000000000e+04
3.150300000000000000e+04
3.136500000000000000e+04
3.110100000000000000e+04
3.149700000000000000e+04
3.107100000000000000e+04
3.155700000000000000e+04
3.142900000000000000e+04
3.155900000000000000e+04
3.124700000000000000e+04
3.152900000000000000e+04
3.110800000000000000e+04
3.146900000000000000e+04
3.110300000000000000e+04
3.144700000000000000e+04
3.173100000000000000e+04
3.156900000000000000e+04
3.114500000000000000e+04
3.123500000000000000e+04
3.164000000000000000e+04
3.089700000000000000e+04
3.133400000000000000e+04
3.154500000000000000e+04
3.107100000000000000e+04
3.104500000000000000e+04
3.191100000000000000e+04
3.142100000000000000e+04
3.142500000000000000e+04
3.131500000000000000e+04
3.122700000000000000e+04
3.140400000000000000e+04
3.125900000000000000e+04
3.176300000000000000e+04
3.194300000000000000e+04
3.158700000000000000e+04
3.146900000000000000e+04
3.133300000000000000e+04
3.130300000000000000e+04
3.113000000000000000e+04
3.105000000000000000e+04
3.136200000000000000e+04
3.116300000000000000e+04
3.083300000000000000e+04
3.121900000000000000e+04
3.103600000000000000e+04
3.154300000000000000e+04
3.100300000000000000e+04
3.109900000000000000e+04
3.145700000000000000e+04
3.105500000000000000e+04
3.116200000000000000e+04
3.106300000000000000e+04
3.146500000000000000e+04
3.120100000000000000e+04
