1.868178412015769063e-01
1.853580048270313807e-01
1.998630628280786414e-01
1.906867929365766157e-01
1.843176210465600762e-01
1.911524805680836769e-01
1.936964603200258539e-01
1.869770125997884114e-01
1.864336246358718197e-01
1.857772345694895522e-01
1.836337533896953145e-01
1.819640050046517632e-01
1.849956551124843085e-01
1.769883585197337406e-01
1.838820987455254963e-01
1.767836089602650984e-01
1.865487986529369979e-01
1.786875221267419656e-01
1.790098005011259430e-01
1.821721507675613527e-01
1.820888759426481651e-01
1.778899932883760970e-01
1.780843792916227408e-01
1.753806057909290395e-01
1.721329943030029952e-01
1.811416821697836022e-01
1.639333902107624752e-01
1.690186536901865377e-01
1.712431194120080102e-01
1.724863273033235278e-01
1.715180368725436888e-01
1.647645535628656510e-01
1.635228101322004912e-01
1.616000510383106270e-01
1.520828741459114009e-01
1.563273042696051718e-01
1.530152439998721803e-01
1.550957756387707498e-01
1.542534528404197747e-01
1.557441706370491785e-01
1.595162683558882799e-01
1.683272322139105492e-01
1.668835496873710689e-01
1.613181890897456283e-01
1.665018028654392246e-01
1.645018895487312949e-01
1.658660728487354741e-01
1.657214265115831975e-01
1.585549744938881678e-01
1.559536354056902108e-01
1.594005016987902201e-01
1.681367849153083960e-01
1.711656242911306358e-01
1.773234320249461593e-01
1.796712940801021285e-01
1.828747551931165227e-01
1.819215104347551570e-01
1.890784762764893823e-01
1.889703293537752515e-01
1.901487645792500625e-01
1.819158686514332768e-01
1.858565549307279186e-01
1.820690092604338450e-01
1.910783280646294324e-01
1.900009657792228746e-01
1.890827597246678426e-01
1.847192585751138705e-01
1.873271064536075892e-01
1.835570148873091334e-01
1.853639822244956548e-01
1.920655928209432095e-01
1.844879757923236219e-01
1.822577053977543771e-01
1.831393499968199390e-01
1.854680199774448313e-01
1.837136494206500215e-01
1.862842812590425334e-01
1.869170778290625556e-01
1.849878934624697435e-01
1.881701613159820485e-01
1.882164071279499029e-01
