1.833714185269818830e-01
1.908299797062566749e-01
1.773907218221403570e-01
1.820073151907654063e-01
1.915086120233228384e-01
1.845821228295385363e-01
1.903008802168747182e-01
1.898149708469549501e-01
1.860465116279069742e-01
1.894099848714069501e-01
1.844728627529956810e-01
1.839003706053220222e-01
1.851544061430043520e-01
1.906404431030479796e-01
1.819327034642797825e-01
1.822035323801513840e-01
1.812439746019081921e-01
1.874979273752279962e-01
1.862488529381776114e-01
1.864665738634434522e-01
1.859392237488717292e-01
1.774198849630238273e-01
1.886805068030622257e-01
1.763198189201784227e-01
1.790248941913553382e-01
1.747751902236568955e-01
1.677984812497909095e-01
1.750332276863306447e-01
1.739982723104525342e-01
1.659626833405394575e-01
1.650533878854405778e-01
1.657336327980959423e-01
1.605730239978727658e-01
1.584751621292425083e-01
1.508499752434395158e-01
1.554282651659799619e-01
1.405961743858626933e-01
1.508687481454617507e-01
1.480840296967073921e-01
1.523822332806563373e-01
1.562344841282976293e-01
1.552991254032123902e-01
1.572371762315896426e-01
1.579490594306642293e-01
1.662446979909907030e-01
1.717492234209559432e-01
1.769230769230769329e-01
1.694558605951010932e-01
1.785187854171443600e-01
1.792081500347302569e-01
1.703029299784803718e-01
1.813860985640126655e-01
1.835305158025270500e-01
1.818063040992977386e-01
1.816948030453492124e-01
1.787118733683619176e-01
1.841243315508021283e-01
1.874229346485820069e-01
1.836349174786239824e-01
1.902443971199675454e-01
1.841049330680783747e-01
1.884349258649093972e-01
1.844869288625294035e-01
1.820604203444026181e-01
1.899823844185196398e-01
1.784250341586963162e-01
1.832340510499517461e-01
1.843771529805452447e-01
1.913521024249842939e-01
1.852011256414500817e-01
1.821479209944933675e-01
1.849223221586263344e-01
1.861726609244526154e-01
1.806366485238330988e-01
1.804278321632222515e-01
1.873636882193067676e-01
1.801145581564745357e-01
1.849991793861808509e-01
1.902168498655066042e-01
1.834603911170036572e-01
1.914814939321612397e-01
1.831592297166505234e-01
1.866084135967960855e-01
1.886754768483073219e-01
1.878197886902784330e-01
1.835959435800878781e-01
1.886642095826277510e-01
1.904953549988261663e-01
1.866914967909281409e-01
1.881773724557229688e-01
1.843835706968905974e-01
1.857071464267865957e-01
1.891936824605153777e-01
1.875529355964359601e-01
1.872167115548840632e-01
1.883318322825978108e-01
1.834087082824414905e-01
1.804918303350387943e-01
1.806192093375976748e-01
1.740538753924971149e-01
1.820962005119170224e-01
1.799633272212035340e-01
1.777083402586178140e-01
1.748597603478607154e-01
1.723921723921723881e-01
1.685605433162166711e-01
1.706874360582159023e-01
1.680739048375881617e-01
1.706053414446635774e-01
1.671262556627929885e-01
1.602058658572795280e-01
1.593030491599253251e-01
1.531714124331328697e-01
1.535613948107750759e-01
1.465640718163951917e-01
1.418010973486217297e-01
1.367310955121594229e-01
1.304391317395218464e-01
1.273290890303656608e-01
1.174387724992623228e-01
1.047717496415352251e-01
8.856528214463015025e-02
1.228888963502669240e-01
1.551308710433376148e-01
1.713330832452341079e-01
1.666282021693976378e-01
1.711923267736067400e-01
1.727792450937782054e-01
1.696617853298979239e-01
1.800907074519151052e-01
1.839713394811915426e-01
1.826238224964716050e-01
1.788046540922199890e-01
1.817030494917513672e-01
1.853054393305439418e-01
1.838027935370425692e-01
1.847968106134208754e-01
1.817091454272863615e-01
1.844335640722606917e-01
1.834996188140143869e-01
1.821732366861946728e-01
1.833793723167038425e-01
1.843486505705868306e-01
1.797043680451752279e-01
1.832493912811447301e-01
1.825079738123216444e-01
1.879306327597110859e-01
1.809348299547662853e-01
1.826491662760329482e-01
1.815684566681183276e-01
1.867565290648694198e-01
1.833366673334666797e-01
1.826511303655014573e-01
1.791894127377998414e-01
1.789903957994084527e-01
1.826520175525421508e-01
1.781153603767952620e-01
1.815776418058541453e-01
1.768959028029978009e-01
1.805485614529828420e-01
1.823143741471694446e-01
1.794268676494947812e-01
1.815671496329023527e-01
1.860403308860170690e-01
1.817566881996820760e-01
1.778895470037391291e-01
1.811255755407598922e-01
1.752100006614193961e-01
1.863329491190515441e-01
1.819704532511473571e-01
1.821445346574515067e-01
1.866451591222233475e-01
1.850276335622173807e-01
1.849596840546322285e-01
1.837938735375487520e-01
1.924145549492853047e-01
1.816920484952594950e-01
1.896212247622225955e-01
1.809866496284090465e-01
1.860418410041841109e-01
1.845758185235253368e-01
1.898448803795551587e-01
1.764879876425543004e-01
1.776708309984507406e-01
1.833338913254544955e-01
1.826267417729024733e-01
1.732137538471721083e-01
1.746945840684397955e-01
1.757849031396125639e-01
1.716270835421050966e-01
1.684084801433263778e-01
1.727991460119424894e-01
1.720178111085071404e-01
1.666058212472204814e-01
1.659847653261484202e-01
1.653877819858389497e-01
1.737927310768400124e-01
1.695509744879388492e-01
1.703740648379052369e-01
1.700912863070539460e-01
1.788366544574750416e-01
1.725659313318958499e-01
1.717188596637812814e-01
1.741288560197215007e-01
1.803601200400133386e-01
1.759169964417545140e-01
1.808478501661464066e-01
1.886589264681137468e-01
1.904095438035256216e-01
1.805779029230356603e-01
1.896373402729122915e-01
1.845793610971734333e-01
1.896192142088266863e-01
1.847213313979002847e-01
1.865175232485024870e-01
1.926930472624228396e-01
1.868355274120979959e-01
1.841224779478860263e-01
1.883119085574737894e-01
1.831138550458112912e-01
1.791840519239684681e-01
1.824371683188144577e-01
1.802253652990938593e-01
1.838554460109694255e-01
1.825810469728259000e-01
1.832950497686341162e-01
1.875189234650967152e-01
1.859240506329113973e-01
1.854057831164941939e-01
1.934669985870954845e-01
1.901665717062707428e-01
1.876034453639587873e-01
1.840454138034060272e-01
1.859341986115303214e-01
1.884091897134066718e-01
1.908815802600512257e-01
1.891773284272355860e-01
1.884268486302063950e-01
1.901891292106919207e-01
1.830108887482934377e-01
1.904507690767742178e-01
