1.166699999999999982e+01
1.166300000000000026e+01
1.166600000000000037e+01
1.166200000000000081e+01
1.166000000000000014e+01
1.166000000000000014e+01
1.166000000000000014e+01
1.165399999999999991e+01
1.165300000000000047e+01
1.165399999999999991e+01
1.165199999999999925e+01
1.164799999999999969e+01
1.164600000000000080e+01
1.164899999999999913e+01
1.164799999999999969e+01
1.164400000000000013e+01
1.164100000000000001e+01
1.164100000000000001e+01
1.164000000000000057e+01
1.164000000000000057e+01
1.164000000000000057e+01
1.164100000000000001e+01
1.163599999999999923e+01
1.163599999999999923e+01
1.163899999999999935e+01
1.163599999999999923e+01
1.163700000000000045e+01
1.163299999999999912e+01
1.162199999999999989e+01
1.161999999999999922e+01
1.162199999999999989e+01
1.161500000000000021e+01
1.161599999999999966e+01
1.161999999999999922e+01
1.161800000000000033e+01
1.161599999999999966e+01
1.161999999999999922e+01
1.161800000000000033e+01
1.161599999999999966e+01
1.161999999999999922e+01
1.161999999999999922e+01
1.162100000000000044e+01
1.161999999999999922e+01
1.161800000000000033e+01
1.161999999999999922e+01
1.161700000000000088e+01
1.162400000000000055e+01
1.161999999999999922e+01
1.162199999999999989e+01
1.162100000000000044e+01
1.162400000000000055e+01
1.162199999999999989e+01
1.162500000000000000e+01
1.162400000000000055e+01
1.161999999999999922e+01
1.161800000000000033e+01
1.162100000000000044e+01
1.162100000000000044e+01
1.161999999999999922e+01
1.161700000000000088e+01
1.161999999999999922e+01
1.162100000000000044e+01
1.161999999999999922e+01
1.161999999999999922e+01
1.161999999999999922e+01
1.162100000000000044e+01
1.162199999999999989e+01
1.162100000000000044e+01
1.162400000000000055e+01
1.162100000000000044e+01
1.162500000000000000e+01
1.162199999999999989e+01
1.162100000000000044e+01
1.162100000000000044e+01
1.162400000000000055e+01
1.162500000000000000e+01
1.162199999999999989e+01
1.162199999999999989e+01
1.162400000000000055e+01
1.162400000000000055e+01
1.162199999999999989e+01
