9.600627899169921875e+00
9.578159570693969727e+00
9.623839139938354492e+00
9.653886318206787109e+00
9.665356397628784180e+00
9.661101579666137695e+00
9.635769128799438477e+00
9.832182884216308594e+00
9.670635223388671875e+00
9.626849651336669922e+00
9.698981046676635742e+00
9.701107263565063477e+00
9.607638359069824219e+00
9.764668941497802734e+00
9.574009180068969727e+00
9.707547903060913086e+00
9.799196481704711914e+00
9.583650588989257812e+00
9.591254234313964844e+00
9.674442052841186523e+00
9.666312694549560547e+00
9.639849662780761719e+00
9.620402574539184570e+00
9.662799119949340820e+00
9.629053592681884766e+00
9.541827678680419922e+00
9.705140113830566406e+00
9.602975606918334961e+00
9.622399330139160156e+00
9.745858907699584961e+00
9.612491607666015625e+00
9.550862550735473633e+00
9.661553382873535156e+00
9.654391527175903320e+00
9.658855915069580078e+00
9.604612588882446289e+00
9.593529701232910156e+00
9.551337003707885742e+00
9.613459825515747070e+00
9.798868656158447266e+00
9.553797483444213867e+00
9.559496402740478516e+00
9.658209562301635742e+00
9.628117322921752930e+00
9.576935291290283203e+00
9.660656929016113281e+00
9.584815263748168945e+00
9.602408647537231445e+00
9.642269611358642578e+00
9.718282938003540039e+00
9.595558166503906250e+00
9.633994579315185547e+00
9.585376739501953125e+00
9.673004627227783203e+00
9.616837263107299805e+00
9.599350929260253906e+00
9.610486507415771484e+00
9.625087499618530273e+00
9.610739707946777344e+00
9.710821628570556641e+00
9.669113874435424805e+00
9.598715066909790039e+00
9.741982936859130859e+00
9.643733263015747070e+00
9.710656642913818359e+00
9.579873561859130859e+00
9.623579740524291992e+00
9.607171297073364258e+00
9.696467399597167969e+00
9.593754053115844727e+00
9.610494852066040039e+00
9.637700557708740234e+00
9.653797149658203125e+00
9.710673570632934570e+00
9.600762844085693359e+00
9.812497377395629883e+00
9.762513875961303711e+00
9.593688249588012695e+00
9.655320644378662109e+00
9.713862895965576172e+00
9.633383750915527344e+00
