2.885800000000000000e+04
3.057700000000000000e+04
3.056300000000000000e+04
3.045100000000000000e+04
3.103100000000000000e+04
3.112900000000000000e+04
3.036900000000000000e+04
3.106900000000000000e+04
3.062400000000000000e+04
3.106900000000000000e+04
3.090100000000000000e+04
3.069100000000000000e+04
3.083800000000000000e+04
3.134700000000000000e+04
3.091700000000000000e+04
3.068700000000000000e+04
3.092700000000000000e+04
3.045500000000000000e+04
3.062600000000000000e+04
3.045400000000000000e+04
3.075300000000000000e+04
3.083200000000000000e+04
3.104300000000000000e+04
3.092700000000000000e+04
3.053500000000000000e+04
3.059500000000000000e+04
3.067900000000000000e+04
3.076100000000000000e+04
3.055100000000000000e+04
3.076000000000000000e+04
3.117300000000000000e+04
3.086900000000000000e+04
3.090500000000000000e+04
3.094900000000000000e+04
3.098900000000000000e+04
3.049500000000000000e+04
3.046500000000000000e+04
3.040900000000000000e+04
3.078500000000000000e+04
3.093700000000000000e+04
3.094100000000000000e+04
3.107300000000000000e+04
3.075000000000000000e+04
3.052100000000000000e+04
3.111400000000000000e+04
3.066900000000000000e+04
3.080100000000000000e+04
3.021200000000000000e+04
3.088500000000000000e+04
3.026100000000000000e+04
3.087100000000000000e+04
3.075700000000000000e+04
3.098500000000000000e+04
3.028700000000000000e+04
3.107700000000000000e+04
3.107100000000000000e+04
3.038100000000000000e+04
3.069900000000000000e+04
3.040500000000000000e+04
3.070100000000000000e+04
3.076500000000000000e+04
3.089000000000000000e+04
3.042500000000000000e+04
3.062300000000000000e+04
3.066100000000000000e+04
3.098700000000000000e+04
3.103100000000000000e+04
3.041700000000000000e+04
3.096900000000000000e+04
3.069300000000000000e+04
3.090700000000000000e+04
3.074900000000000000e+04
3.042500000000000000e+04
3.048100000000000000e+04
3.057700000000000000e+04
3.092900000000000000e+04
3.059100000000000000e+04
3.055900000000000000e+04
3.126900000000000000e+04
3.099200000000000000e+04
3.060700000000000000e+04
