5.550000000000000000e+03
5.702000000000000000e+03
5.742000000000000000e+03
6.040000000000000000e+03
5.970000000000000000e+03
5.772000000000000000e+03
5.916000000000000000e+03
6.164000000000000000e+03
5.992000000000000000e+03
6.002000000000000000e+03
5.936000000000000000e+03
5.936000000000000000e+03
6.026000000000000000e+03
5.842000000000000000e+03
5.883000000000000000e+03
5.926000000000000000e+03
5.930000000000000000e+03
5.584000000000000000e+03
5.806000000000000000e+03
5.700000000000000000e+03
5.742000000000000000e+03
5.824000000000000000e+03
5.728000000000000000e+03
5.660000000000000000e+03
5.874000000000000000e+03
5.803000000000000000e+03
5.616000000000000000e+03
5.880000000000000000e+03
5.530000000000000000e+03
5.276000000000000000e+03
5.162000000000000000e+03
5.228000000000000000e+03
5.130000000000000000e+03
4.955000000000000000e+03
5.022000000000000000e+03
4.892000000000000000e+03
4.877000000000000000e+03
4.888000000000000000e+03
4.729000000000000000e+03
4.944000000000000000e+03
4.907000000000000000e+03
5.094000000000000000e+03
5.060000000000000000e+03
5.058000000000000000e+03
5.100000000000000000e+03
5.238000000000000000e+03
5.122000000000000000e+03
5.418000000000000000e+03
5.264000000000000000e+03
5.256000000000000000e+03
5.238000000000000000e+03
5.410000000000000000e+03
5.470000000000000000e+03
5.544000000000000000e+03
5.414000000000000000e+03
5.600000000000000000e+03
5.736000000000000000e+03
5.722000000000000000e+03
5.790000000000000000e+03
5.786000000000000000e+03
5.629000000000000000e+03
5.940000000000000000e+03
5.936000000000000000e+03
5.870000000000000000e+03
5.868000000000000000e+03
5.830000000000000000e+03
5.854000000000000000e+03
5.810000000000000000e+03
5.812000000000000000e+03
5.822000000000000000e+03
5.838000000000000000e+03
5.777000000000000000e+03
6.074000000000000000e+03
5.874000000000000000e+03
5.866000000000000000e+03
5.804000000000000000e+03
6.007000000000000000e+03
5.844000000000000000e+03
5.894000000000000000e+03
5.873000000000000000e+03
5.822000000000000000e+03
