5.416000000000000000e+03
5.442000000000000000e+03
5.680000000000000000e+03
5.628000000000000000e+03
5.734000000000000000e+03
5.690000000000000000e+03
5.832000000000000000e+03
5.752000000000000000e+03
5.634000000000000000e+03
5.698000000000000000e+03
5.834000000000000000e+03
5.908000000000000000e+03
5.569000000000000000e+03
5.592000000000000000e+03
5.585000000000000000e+03
5.724000000000000000e+03
5.692000000000000000e+03
5.506000000000000000e+03
5.604000000000000000e+03
5.520000000000000000e+03
5.699000000000000000e+03
5.598000000000000000e+03
5.540000000000000000e+03
5.728000000000000000e+03
5.714000000000000000e+03
5.552000000000000000e+03
5.526000000000000000e+03
5.678000000000000000e+03
5.052000000000000000e+03
5.184000000000000000e+03
5.006000000000000000e+03
4.868000000000000000e+03
4.836000000000000000e+03
4.756000000000000000e+03
4.618000000000000000e+03
4.704000000000000000e+03
4.696000000000000000e+03
4.590000000000000000e+03
4.623000000000000000e+03
4.702000000000000000e+03
4.816000000000000000e+03
4.698000000000000000e+03
4.828000000000000000e+03
4.837000000000000000e+03
4.951000000000000000e+03
4.903000000000000000e+03
4.909000000000000000e+03
5.000000000000000000e+03
4.905000000000000000e+03
5.437000000000000000e+03
5.174000000000000000e+03
5.248000000000000000e+03
5.376000000000000000e+03
5.202000000000000000e+03
5.540000000000000000e+03
5.544000000000000000e+03
5.272000000000000000e+03
5.707000000000000000e+03
5.530000000000000000e+03
5.734000000000000000e+03
5.619000000000000000e+03
5.530000000000000000e+03
5.643000000000000000e+03
5.720000000000000000e+03
5.650000000000000000e+03
5.657000000000000000e+03
5.707000000000000000e+03
5.690000000000000000e+03
5.704000000000000000e+03
5.492000000000000000e+03
5.570000000000000000e+03
5.823000000000000000e+03
5.564000000000000000e+03
5.650000000000000000e+03
5.724000000000000000e+03
5.698000000000000000e+03
5.878000000000000000e+03
5.702000000000000000e+03
5.658000000000000000e+03
5.854000000000000000e+03
5.686000000000000000e+03
