7.600000000000000000e+01
8.600000000000000000e+01
1.040000000000000000e+02
6.600000000000000000e+01
1.080000000000000000e+02
5.800000000000000000e+01
9.400000000000000000e+01
7.000000000000000000e+01
1.020000000000000000e+02
6.000000000000000000e+01
1.060000000000000000e+02
8.000000000000000000e+01
9.800000000000000000e+01
9.200000000000000000e+01
1.160000000000000000e+02
9.400000000000000000e+01
1.140000000000000000e+02
1.220000000000000000e+02
1.060000000000000000e+02
1.640000000000000000e+02
1.140000000000000000e+02
9.200000000000000000e+01
1.020000000000000000e+02
1.080000000000000000e+02
9.600000000000000000e+01
9.400000000000000000e+01
6.200000000000000000e+01
9.000000000000000000e+01
9.800000000000000000e+01
8.600000000000000000e+01
1.380000000000000000e+02
1.660000000000000000e+02
1.860000000000000000e+02
1.780000000000000000e+02
1.840000000000000000e+02
2.020000000000000000e+02
2.520000000000000000e+02
2.800000000000000000e+02
2.240000000000000000e+02
3.180000000000000000e+02
3.000000000000000000e+02
1.300000000000000000e+02
1.280000000000000000e+02
1.240000000000000000e+02
1.420000000000000000e+02
1.280000000000000000e+02
1.600000000000000000e+02
1.020000000000000000e+02
1.180000000000000000e+02
1.020000000000000000e+02
1.220000000000000000e+02
1.600000000000000000e+02
1.780000000000000000e+02
2.640000000000000000e+02
2.260000000000000000e+02
3.180000000000000000e+02
2.960000000000000000e+02
3.540000000000000000e+02
3.860000000000000000e+02
4.340000000000000000e+02
4.200000000000000000e+02
4.460000000000000000e+02
2.420000000000000000e+02
2.380000000000000000e+02
2.190000000000000000e+02
1.940000000000000000e+02
1.600000000000000000e+02
1.660000000000000000e+02
1.400000000000000000e+02
1.260000000000000000e+02
1.160000000000000000e+02
1.140000000000000000e+02
1.100000000000000000e+02
1.080000000000000000e+02
1.240000000000000000e+02
9.600000000000000000e+01
1.340000000000000000e+02
1.880000000000000000e+02
2.780000000000000000e+02
3.260000000000000000e+02
4.260000000000000000e+02
3.620000000000000000e+02
3.060000000000000000e+02
1.820000000000000000e+02
1.760000000000000000e+02
1.380000000000000000e+02
9.800000000000000000e+01
1.000000000000000000e+02
1.400000000000000000e+02
1.100000000000000000e+02
1.140000000000000000e+02
1.060000000000000000e+02
1.240000000000000000e+02
1.160000000000000000e+02
9.600000000000000000e+01
1.200000000000000000e+02
1.160000000000000000e+02
1.600000000000000000e+02
3.100000000000000000e+02
3.460000000000000000e+02
4.440000000000000000e+02
6.650000000000000000e+02
2.920000000000000000e+02
1.860000000000000000e+02
1.640000000000000000e+02
7.800000000000000000e+01
1.360000000000000000e+02
1.080000000000000000e+02
1.860000000000000000e+02
1.420000000000000000e+02
1.560000000000000000e+02
1.800000000000000000e+02
1.360000000000000000e+02
1.300000000000000000e+02
1.280000000000000000e+02
1.160000000000000000e+02
9.600000000000000000e+01
1.200000000000000000e+02
1.960000000000000000e+02
2.480000000000000000e+02
2.360000000000000000e+02
2.320000000000000000e+02
2.060000000000000000e+02
1.640000000000000000e+02
1.360000000000000000e+02
1.040000000000000000e+02
8.800000000000000000e+01
1.200000000000000000e+02
1.240000000000000000e+02
1.140000000000000000e+02
8.000000000000000000e+01
1.100000000000000000e+02
1.020000000000000000e+02
9.000000000000000000e+01
1.080000000000000000e+02
1.060000000000000000e+02
1.040000000000000000e+02
1.100000000000000000e+02
1.560000000000000000e+02
1.480000000000000000e+02
2.220000000000000000e+02
2.620000000000000000e+02
4.080000000000000000e+02
3.970000000000000000e+02
3.260000000000000000e+02
2.660000000000000000e+02
1.700000000000000000e+02
1.640000000000000000e+02
9.000000000000000000e+01
1.020000000000000000e+02
1.020000000000000000e+02
9.600000000000000000e+01
9.000000000000000000e+01
8.600000000000000000e+01
9.600000000000000000e+01
7.600000000000000000e+01
1.320000000000000000e+02
1.340000000000000000e+02
1.080000000000000000e+02
1.080000000000000000e+02
8.600000000000000000e+01
9.600000000000000000e+01
1.080000000000000000e+02
1.140000000000000000e+02
1.300000000000000000e+02
1.100000000000000000e+02
1.340000000000000000e+02
1.240000000000000000e+02
1.200000000000000000e+02
8.400000000000000000e+01
9.800000000000000000e+01
8.200000000000000000e+01
9.600000000000000000e+01
8.000000000000000000e+01
1.100000000000000000e+02
6.600000000000000000e+01
8.600000000000000000e+01
8.200000000000000000e+01
8.800000000000000000e+01
9.800000000000000000e+01
8.400000000000000000e+01
1.180000000000000000e+02
1.300000000000000000e+02
1.000000000000000000e+02
9.400000000000000000e+01
7.200000000000000000e+01
1.000000000000000000e+02
7.400000000000000000e+01
9.600000000000000000e+01
8.600000000000000000e+01
1.100000000000000000e+02
8.800000000000000000e+01
8.600000000000000000e+01
1.160000000000000000e+02
8.600000000000000000e+01
8.200000000000000000e+01
6.600000000000000000e+01
8.000000000000000000e+01
1.000000000000000000e+02
8.600000000000000000e+01
