2.746504545211791992e+00
2.767918586730957031e+00
2.724585294723510742e+00
2.716076612472534180e+00
2.727045536041259766e+00
2.770869493484497070e+00
2.893692255020141602e+00
2.805973291397094727e+00
2.720122337341308594e+00
2.744289875030517578e+00
2.726672887802124023e+00
2.789920091629028320e+00
2.713778018951416016e+00
2.783779859542846680e+00
2.745192766189575195e+00
2.846243619918823242e+00
3.790974378585815430e+00
2.785058736801147461e+00
2.731835365295410156e+00
2.872870683670043945e+00
2.810840606689453125e+00
2.737684488296508789e+00
2.745530366897583008e+00
2.796484708786010742e+00
2.807948827743530273e+00
2.736806392669677734e+00
2.827699184417724609e+00
2.804850339889526367e+00
2.731163024902343750e+00
2.730163335800170898e+00
2.759259939193725586e+00
2.742459535598754883e+00
2.733783006668090820e+00
2.751538753509521484e+00
2.811783075332641602e+00
2.801666975021362305e+00
2.746009588241577148e+00
2.740307092666625977e+00
2.807943344116210938e+00
2.711806297302246094e+00
2.838464975357055664e+00
2.719376802444458008e+00
2.785576581954956055e+00
2.718659400939941406e+00
2.674595355987548828e+00
2.826254844665527344e+00
2.715909719467163086e+00
2.739624500274658203e+00
2.736682653427124023e+00
2.752379894256591797e+00
2.754107713699340820e+00
2.738686800003051758e+00
2.741878986358642578e+00
2.780443191528320312e+00
2.865670442581176758e+00
2.774645328521728516e+00
2.752787828445434570e+00
2.775649547576904297e+00
2.752991437911987305e+00
2.781423330307006836e+00
2.728058815002441406e+00
2.793966293334960938e+00
2.729856252670288086e+00
2.755404949188232422e+00
2.779844522476196289e+00
2.720980167388916016e+00
2.677347660064697266e+00
2.754745483398437500e+00
2.932451486587524414e+00
2.746564388275146484e+00
2.693136692047119141e+00
2.787068128585815430e+00
2.716960430145263672e+00
2.753056526184082031e+00
2.689537048339843750e+00
2.801164627075195312e+00
2.775585174560546875e+00
2.717531681060791016e+00
2.722823619842529297e+00
2.767615318298339844e+00
2.713167428970336914e+00
2.722614288330078125e+00
2.663441896438598633e+00
2.846692562103271484e+00
2.725297689437866211e+00
2.732415914535522461e+00
2.686018228530883789e+00
2.989095926284790039e+00
2.735164165496826172e+00
2.741091012954711914e+00
2.736078977584838867e+00
2.757061481475830078e+00
2.805568218231201172e+00
2.753074407577514648e+00
2.726907968521118164e+00
2.769659280776977539e+00
2.885654211044311523e+00
2.779310226440429688e+00
2.755208492279052734e+00
2.763835906982421875e+00
2.693300008773803711e+00
2.729573965072631836e+00
2.755176544189453125e+00
2.713439226150512695e+00
2.732155084609985352e+00
2.743202686309814453e+00
2.775838136672973633e+00
2.825757741928100586e+00
2.729083776473999023e+00
2.733615398406982422e+00
2.921657562255859375e+00
2.716811895370483398e+00
2.764916419982910156e+00
2.751670598983764648e+00
2.737606048583984375e+00
2.688590049743652344e+00
2.770572662353515625e+00
2.788755655288696289e+00
2.715945243835449219e+00
2.749575376510620117e+00
2.740220308303833008e+00
2.773829936981201172e+00
2.718553781509399414e+00
2.723034143447875977e+00
2.743917942047119141e+00
2.776725530624389648e+00
2.717407464981079102e+00
2.727472543716430664e+00
2.750844955444335938e+00
2.954633951187133789e+00
2.705865144729614258e+00
2.800516843795776367e+00
2.774935245513916016e+00
2.750968456268310547e+00
2.769419908523559570e+00
2.719664573669433594e+00
2.779272079467773438e+00
2.784115791320800781e+00
2.844337940216064453e+00
2.780961990356445312e+00
2.761667490005493164e+00
2.765127182006835938e+00
2.782933712005615234e+00
2.727056503295898438e+00
2.744357347488403320e+00
2.711364984512329102e+00
2.781659841537475586e+00
2.806343793869018555e+00
2.819268465042114258e+00
2.821052312850952148e+00
2.718257427215576172e+00
2.766819477081298828e+00
2.736174821853637695e+00
2.706500053405761719e+00
2.764331340789794922e+00
2.764475107192993164e+00
2.709373235702514648e+00
2.733007431030273438e+00
2.739872932434082031e+00
2.775995492935180664e+00
2.813778638839721680e+00
2.746319770812988281e+00
2.737028121948242188e+00
2.768294572830200195e+00
2.795740365982055664e+00
2.691536903381347656e+00
2.778605699539184570e+00
2.769059896469116211e+00
2.775178432464599609e+00
2.782647609710693359e+00
2.766316890716552734e+00
2.786411046981811523e+00
2.780489206314086914e+00
2.762720346450805664e+00
2.783236742019653320e+00
2.788230180740356445e+00
2.734728336334228516e+00
2.742823123931884766e+00
2.778612375259399414e+00
2.811368942260742188e+00
2.732863664627075195e+00
2.727055072784423828e+00
2.783509016036987305e+00
2.770036697387695312e+00
2.788003206253051758e+00
2.733466625213623047e+00
2.779342651367187500e+00
2.710966110229492188e+00
2.818400382995605469e+00
2.762680292129516602e+00
2.708163499832153320e+00
2.738263130187988281e+00
2.756968021392822266e+00
2.815676450729370117e+00
2.802714824676513672e+00
2.743499279022216797e+00
2.720368385314941406e+00
2.818138599395751953e+00
2.798645019531250000e+00
2.715219974517822266e+00
