9.679423809051513672e+00
9.694215297698974609e+00
9.675289630889892578e+00
9.720256328582763672e+00
9.628589391708374023e+00
9.664515733718872070e+00
9.768464803695678711e+00
9.731637716293334961e+00
9.641921281814575195e+00
9.786666154861450195e+00
9.599563837051391602e+00
9.707141399383544922e+00
9.764322757720947266e+00
9.606049299240112305e+00
9.580834388732910156e+00
9.692114114761352539e+00
9.599799871444702148e+00
9.620561838150024414e+00
9.680632352828979492e+00
9.697382688522338867e+00
9.585486888885498047e+00
9.603977680206298828e+00
9.618407726287841797e+00
9.671751022338867188e+00
9.606949806213378906e+00
9.666997432708740234e+00
9.673850297927856445e+00
9.595215320587158203e+00
9.574631452560424805e+00
9.582828044891357422e+00
9.682053565979003906e+00
9.589055299758911133e+00
9.630172014236450195e+00
9.607449769973754883e+00
9.578029394149780273e+00
9.754687070846557617e+00
9.538916110992431641e+00
9.654067516326904297e+00
9.685805559158325195e+00
9.648705244064331055e+00
9.657253265380859375e+00
9.633878707885742188e+00
9.684641361236572266e+00
9.629675149917602539e+00
9.633873224258422852e+00
9.719079494476318359e+00
9.632627725601196289e+00
9.638072252273559570e+00
9.582609176635742188e+00
9.673748016357421875e+00
9.604566097259521484e+00
9.828100204467773438e+00
9.761504888534545898e+00
9.756020545959472656e+00
9.630512714385986328e+00
9.611115455627441406e+00
9.605952739715576172e+00
9.826607465744018555e+00
9.653389692306518555e+00
9.610495567321777344e+00
9.710516452789306641e+00
9.631392478942871094e+00
9.668799400329589844e+00
9.623799324035644531e+00
9.661176681518554688e+00
9.675638437271118164e+00
9.638819456100463867e+00
9.625032663345336914e+00
9.701104164123535156e+00
9.684481859207153320e+00
9.633819341659545898e+00
9.668052911758422852e+00
9.689278125762939453e+00
9.663919448852539062e+00
9.662515401840209961e+00
9.664086341857910156e+00
9.760485649108886719e+00
9.652223348617553711e+00
9.682843208312988281e+00
9.749746561050415039e+00
9.671295881271362305e+00
9.614498138427734375e+00
9.731891870498657227e+00
9.655762672424316406e+00
9.604428291320800781e+00
9.783780813217163086e+00
9.678330183029174805e+00
9.690410137176513672e+00
9.688804626464843750e+00
9.597697019577026367e+00
9.673210382461547852e+00
9.904245615005493164e+00
9.661459207534790039e+00
9.675254583358764648e+00
9.698089838027954102e+00
9.627451181411743164e+00
9.662236928939819336e+00
9.676628828048706055e+00
9.734616279602050781e+00
9.619283437728881836e+00
9.728330373764038086e+00
9.608160972595214844e+00
9.652851819992065430e+00
9.598515748977661133e+00
9.614643573760986328e+00
9.637157440185546875e+00
9.665301799774169922e+00
9.599905967712402344e+00
9.626415014266967773e+00
9.640505790710449219e+00
9.729111433029174805e+00
9.625183343887329102e+00
9.718336343765258789e+00
9.660297870635986328e+00
9.680845975875854492e+00
9.709707498550415039e+00
9.554575920104980469e+00
9.615552663803100586e+00
9.580393314361572266e+00
9.601849794387817383e+00
9.614543437957763672e+00
9.696550607681274414e+00
9.577800273895263672e+00
9.527018070220947266e+00
9.585067749023437500e+00
9.679817438125610352e+00
9.514428853988647461e+00
9.598692178726196289e+00
9.661329984664916992e+00
9.701153755187988281e+00
9.672896862030029297e+00
9.610992908477783203e+00
9.684800148010253906e+00
9.625085592269897461e+00
9.564905643463134766e+00
9.586186170578002930e+00
9.867796659469604492e+00
9.604397296905517578e+00
9.691926002502441406e+00
9.770168781280517578e+00
9.751982450485229492e+00
9.662348747253417969e+00
9.702145338058471680e+00
9.615702867507934570e+00
9.688576698303222656e+00
9.712552547454833984e+00
9.604024171829223633e+00
9.623723983764648438e+00
9.709101200103759766e+00
9.611251354217529297e+00
9.625650644302368164e+00
9.692069292068481445e+00
9.688111305236816406e+00
9.629090547561645508e+00
9.641179561614990234e+00
9.724194288253784180e+00
9.676031351089477539e+00
9.640120506286621094e+00
9.618936061859130859e+00
9.658181905746459961e+00
9.605642080307006836e+00
9.640645027160644531e+00
9.559981822967529297e+00
9.694772958755493164e+00
9.671273469924926758e+00
9.603533029556274414e+00
9.631689071655273438e+00
9.739323377609252930e+00
9.626703500747680664e+00
9.623850107192993164e+00
9.734824419021606445e+00
9.646401882171630859e+00
9.670195102691650391e+00
9.608461380004882812e+00
9.707016944885253906e+00
9.605154037475585938e+00
9.695142984390258789e+00
9.686594963073730469e+00
9.672198772430419922e+00
9.596430301666259766e+00
9.776609420776367188e+00
9.570964336395263672e+00
9.723348379135131836e+00
9.849161863327026367e+00
9.657843828201293945e+00
9.594810724258422852e+00
9.834891080856323242e+00
9.628633499145507812e+00
9.613191843032836914e+00
9.777099132537841797e+00
9.546841859817504883e+00
9.586379289627075195e+00
9.605553150177001953e+00
9.696995735168457031e+00
9.606606960296630859e+00
9.656971216201782227e+00
9.592102527618408203e+00
9.655438184738159180e+00
9.683178901672363281e+00
9.604239225387573242e+00
9.628100633621215820e+00
9.699017047882080078e+00
9.715006113052368164e+00
9.699324369430541992e+00
9.720105648040771484e+00
9.697705268859863281e+00
9.602872610092163086e+00
9.655583381652832031e+00
9.873367786407470703e+00
9.678964376449584961e+00
9.613953828811645508e+00
9.723401784896850586e+00
9.814941644668579102e+00
9.673405408859252930e+00
9.643535375595092773e+00
9.654200553894042969e+00
9.712653875350952148e+00
9.709577083587646484e+00
9.625578403472900391e+00
9.619874238967895508e+00
9.883801221847534180e+00
9.596930980682373047e+00
9.645164251327514648e+00
9.788748979568481445e+00
9.663019657135009766e+00
9.691588163375854492e+00
9.709899425506591797e+00
9.688709735870361328e+00
9.649766445159912109e+00
9.735265731811523438e+00
9.622869014739990234e+00
9.753581047058105469e+00
9.729516029357910156e+00
9.618804931640625000e+00
9.611546277999877930e+00
9.723591804504394531e+00
9.650220870971679688e+00
9.609327793121337891e+00
9.664232969284057617e+00
9.767372131347656250e+00
9.679778099060058594e+00
