9.652051210403442383e+00
9.600064516067504883e+00
9.601524114608764648e+00
9.596005201339721680e+00
9.696532726287841797e+00
9.677757024765014648e+00
9.636155128479003906e+00
9.676240682601928711e+00
9.621539115905761719e+00
9.586837053298950195e+00
9.624485015869140625e+00
9.618232011795043945e+00
9.562817573547363281e+00
9.675894737243652344e+00
9.637117862701416016e+00
9.656404733657836914e+00
9.623015165328979492e+00
9.623114109039306641e+00
9.677574396133422852e+00
9.594466924667358398e+00
9.624206066131591797e+00
9.726391553878784180e+00
9.587915182113647461e+00
9.672138929367065430e+00
9.567929983139038086e+00
9.656671762466430664e+00
9.619698286056518555e+00
9.568570852279663086e+00
9.558069467544555664e+00
9.577667951583862305e+00
9.659270763397216797e+00
9.589964151382446289e+00
9.622454881668090820e+00
9.646910190582275391e+00
9.692960500717163086e+00
9.632367372512817383e+00
9.636024236679077148e+00
9.582074880599975586e+00
9.646338462829589844e+00
9.601535081863403320e+00
9.581573724746704102e+00
9.563784837722778320e+00
9.634683609008789062e+00
9.610199451446533203e+00
9.658703088760375977e+00
9.672502994537353516e+00
9.566363334655761719e+00
9.620889186859130859e+00
9.692017555236816406e+00
9.701011180877685547e+00
9.608669042587280273e+00
9.786538362503051758e+00
9.584687232971191406e+00
9.664165973663330078e+00
9.577075004577636719e+00
9.574705123901367188e+00
9.630824089050292969e+00
9.704783678054809570e+00
9.590163469314575195e+00
9.649482488632202148e+00
9.707130908966064453e+00
9.668461799621582031e+00
9.590417146682739258e+00
9.596202850341796875e+00
9.872882127761840820e+00
9.603852033615112305e+00
9.611233711242675781e+00
9.815869808197021484e+00
9.584015369415283203e+00
9.586131334304809570e+00
9.626446723937988281e+00
9.625915765762329102e+00
9.677696943283081055e+00
9.572029113769531250e+00
9.649942398071289062e+00
9.653236150741577148e+00
9.667976140975952148e+00
9.572341203689575195e+00
9.637329816818237305e+00
9.682438373565673828e+00
9.773036479949951172e+00
