2.069693769799366423e-01
2.811839323467230645e-01
2.695390781563126170e-01
2.848664688427299807e-01
2.579403272377285838e-01
2.941777323799795729e-01
2.674199623352165878e-01
2.436260623229461741e-01
2.592964824120603251e-01
2.678062678062678170e-01
2.254059216809933264e-01
2.306976744186046424e-01
2.552342971086739576e-01
2.507970244420829053e-01
2.770199370409234252e-01
2.433234421364985078e-01
2.550335570469798863e-01
2.455775234131113427e-01
2.627883650952858585e-01
2.577422577422577299e-01
2.420749279538904897e-01
2.324687800192122844e-01
2.823758519961051539e-01
2.016806722689075682e-01
2.347908745247148377e-01
2.399250234301780749e-01
2.497441146366427833e-01
1.994301994301994341e-01
2.375271149674620386e-01
1.895124195032198700e-01
2.028436018957346099e-01
2.091932457786116195e-01
1.858802502234137566e-01
1.912720519962859689e-01
1.623550401427296952e-01
1.851106639839034118e-01
1.665034280117531906e-01
1.652631578947368340e-01
1.598546775658492292e-01
1.648822269807280472e-01
1.034155597722960090e-01
9.387351778656126411e-02
1.940441882804995188e-01
2.001906577693040867e-01
2.213359920239282019e-01
2.138248847926267349e-01
2.127215849843586970e-01
2.280701754385964786e-01
1.960985626283367478e-01
2.350636630754162626e-01
2.224352828379674019e-01
2.088024564994882259e-01
2.418879056047197607e-01
2.578199052132701397e-01
2.315996074582924447e-01
2.170172084130018997e-01
2.831578947368421084e-01
2.616822429906541791e-01
2.071065989847715727e-01
2.344186046511627930e-01
2.068965517241379282e-01
2.428430404738400883e-01
2.443991853360488742e-01
2.367957746478873138e-01
2.310030395136778159e-01
2.338164251207729416e-01
2.590775269872424014e-01
1.989847715736040579e-01
2.453385672227674230e-01
2.056074766355140138e-01
2.245508982035928081e-01
2.477157360406091469e-01
1.998183469573115434e-01
2.889576883384932793e-01
2.454642475987193206e-01
2.326024785510009407e-01
2.543950361944157246e-01
2.286785379568884724e-01
2.460896767466110580e-01
2.243947858472998269e-01
2.136832239925023358e-01
1.939864209505334502e-01
2.771213748657357923e-01
2.133333333333333470e-01
2.411483253588516673e-01
2.156663275686673542e-01
2.161137440758293948e-01
3.196902654867256888e-01
2.346609257265877269e-01
2.391959798994974795e-01
2.297297297297297425e-01
2.390670553935859977e-01
2.487852283770650985e-01
2.460567823343848548e-01
2.824974411463664348e-01
2.579403272377285838e-01
2.467402206619859484e-01
2.354066985645933141e-01
2.456499488229273165e-01
2.333000997008972954e-01
2.825428859737638687e-01
2.654584221748400585e-01
2.863113897596656354e-01
2.384105960264900625e-01
2.027649769585253559e-01
2.244224422442244182e-01
2.664543524416135845e-01
2.430622009569378128e-01
2.507522567703109329e-01
2.333654773384763736e-01
2.102102102102102188e-01
2.219850586979722484e-01
2.100591715976331264e-01
2.389666307857911676e-01
2.133333333333333470e-01
1.927461139896373132e-01
2.344546381243629019e-01
1.556650246305418817e-01
2.283384301732925559e-01
2.229508196721311508e-01
2.453038674033149180e-01
2.100750267952840311e-01
2.349336057201225625e-01
2.505617977528090123e-01
1.969230769230769229e-01
2.141434262948207212e-01
2.341968911917098328e-01
2.325581395348837177e-01
2.387161484453360072e-01
2.326064382139148567e-01
2.572227399813606930e-01
2.367101303911735288e-01
2.669735327963175808e-01
2.140039447731755529e-01
2.719211822660098643e-01
2.544316996871741621e-01
2.285174693106704347e-01
2.316326530612244916e-01
2.294056308654848775e-01
2.327394209354120280e-01
2.269155206286836979e-01
2.281659388646288256e-01
2.430939226519336915e-01
2.583423035522066646e-01
2.277722277722277755e-01
2.512664640324214771e-01
2.408839779005524928e-01
2.448173741362290323e-01
2.504950495049504955e-01
2.287513116474291786e-01
2.267379679144385096e-01
2.528735632183908288e-01
2.275641025641025605e-01
2.637711864406779849e-01
3.293607800650054096e-01
2.886133032694475631e-01
2.956926658905704164e-01
