9.545412540435791016e+00
9.689801692962646484e+00
9.491131305694580078e+00
9.495033502578735352e+00
9.603160381317138672e+00
9.524909496307373047e+00
9.551092863082885742e+00
9.533798933029174805e+00
9.485760211944580078e+00
9.540440797805786133e+00
9.545952081680297852e+00
9.581565380096435547e+00
9.479926109313964844e+00
9.543774604797363281e+00
9.557030439376831055e+00
9.570188283920288086e+00
9.620198011398315430e+00
9.553760766983032227e+00
9.474010705947875977e+00
9.588786840438842773e+00
9.506766796112060547e+00
9.459730386734008789e+00
9.487102031707763672e+00
9.499695301055908203e+00
9.500483036041259766e+00
9.502264738082885742e+00
9.582876920700073242e+00
9.518202304840087891e+00
9.482180356979370117e+00
9.494667530059814453e+00
9.510798692703247070e+00
9.483157396316528320e+00
9.591993570327758789e+00
9.535410642623901367e+00
9.550254583358764648e+00
9.475363254547119141e+00
9.490154981613159180e+00
9.552974700927734375e+00
9.523078441619873047e+00
9.509466171264648438e+00
9.530584573745727539e+00
9.475820541381835938e+00
9.548074245452880859e+00
9.501910448074340820e+00
9.564577817916870117e+00
9.579923868179321289e+00
9.535443067550659180e+00
9.556648015975952148e+00
9.533425807952880859e+00
9.567883253097534180e+00
9.471957683563232422e+00
9.482717514038085938e+00
9.524396181106567383e+00
9.567552328109741211e+00
9.486300706863403320e+00
9.526058912277221680e+00
9.576251745223999023e+00
9.508765697479248047e+00
9.466305732727050781e+00
9.512101650238037109e+00
9.567996740341186523e+00
9.526134729385375977e+00
9.484536647796630859e+00
9.524179220199584961e+00
9.573183536529541016e+00
9.501137495040893555e+00
9.566097736358642578e+00
9.624119043350219727e+00
9.571335077285766602e+00
9.485353708267211914e+00
9.523524284362792969e+00
9.523778438568115234e+00
9.506076335906982422e+00
9.531318902969360352e+00
9.500763654708862305e+00
9.522662878036499023e+00
9.459700107574462891e+00
9.539466619491577148e+00
9.510277509689331055e+00
9.538762092590332031e+00
9.499379634857177734e+00
9.457353830337524414e+00
9.533307313919067383e+00
9.583796977996826172e+00
9.471551418304443359e+00
9.553967237472534180e+00
9.497007608413696289e+00
9.582534551620483398e+00
9.531161785125732422e+00
9.510382413864135742e+00
9.539147853851318359e+00
9.497972965240478516e+00
9.509190559387207031e+00
9.550132751464843750e+00
9.472298383712768555e+00
9.534729242324829102e+00
9.499966382980346680e+00
9.530754566192626953e+00
9.490587472915649414e+00
9.528564929962158203e+00
9.502036809921264648e+00
9.527394533157348633e+00
9.556794166564941406e+00
9.574475288391113281e+00
9.476282119750976562e+00
9.533132791519165039e+00
9.692265272140502930e+00
9.478117227554321289e+00
9.510169029235839844e+00
9.541299343109130859e+00
9.558358907699584961e+00
9.478645086288452148e+00
9.499760627746582031e+00
9.458538532257080078e+00
9.570710659027099609e+00
9.535434246063232422e+00
9.498640060424804688e+00
9.610531806945800781e+00
9.468248844146728516e+00
9.489599227905273438e+00
9.518056631088256836e+00
9.658888816833496094e+00
9.523841381072998047e+00
9.542294502258300781e+00
9.545654773712158203e+00
9.544415950775146484e+00
9.469089746475219727e+00
9.531669378280639648e+00
9.515281677246093750e+00
9.599687814712524414e+00
9.516140460968017578e+00
9.515528917312622070e+00
9.566490411758422852e+00
9.718556880950927734e+00
9.556737184524536133e+00
9.477158069610595703e+00
9.578980207443237305e+00
9.507818937301635742e+00
9.471950292587280273e+00
9.475787878036499023e+00
9.523998498916625977e+00
9.478250265121459961e+00
9.467452764511108398e+00
9.514089822769165039e+00
9.552020072937011719e+00
9.482416629791259766e+00
9.526560544967651367e+00
9.525116920471191406e+00
9.591059684753417969e+00
9.488163232803344727e+00
9.458783149719238281e+00
9.617251634597778320e+00
9.473721265792846680e+00
9.587949991226196289e+00
9.525093555450439453e+00
9.551114797592163086e+00
9.532239913940429688e+00
