1.400000000000000000e+01
2.200000000000000000e+01
1.400000000000000000e+01
1.800000000000000000e+01
1.000000000000000000e+01
2.500000000000000000e+01
2.000000000000000000e+01
3.100000000000000000e+01
2.700000000000000000e+01
1.400000000000000000e+01
2.200000000000000000e+01
1.700000000000000000e+01
1.400000000000000000e+01
3.000000000000000000e+01
3.000000000000000000e+01
1.600000000000000000e+01
3.000000000000000000e+01
4.000000000000000000e+01
3.200000000000000000e+01
4.600000000000000000e+01
5.000000000000000000e+01
5.400000000000000000e+01
6.400000000000000000e+01
6.800000000000000000e+01
5.700000000000000000e+01
5.700000000000000000e+01
7.800000000000000000e+01
9.200000000000000000e+01
6.600000000000000000e+01
9.400000000000000000e+01
9.200000000000000000e+01
1.000000000000000000e+02
1.150000000000000000e+02
1.180000000000000000e+02
1.420000000000000000e+02
1.440000000000000000e+02
1.760000000000000000e+02
2.060000000000000000e+02
2.560000000000000000e+02
2.480000000000000000e+02
3.170000000000000000e+02
3.910000000000000000e+02
4.640000000000000000e+02
5.330000000000000000e+02
6.500000000000000000e+02
8.150000000000000000e+02
1.032000000000000000e+03
1.310000000000000000e+03
1.070000000000000000e+03
1.092000000000000000e+03
5.630000000000000000e+02
5.190000000000000000e+02
4.960000000000000000e+02
5.340000000000000000e+02
3.560000000000000000e+02
3.640000000000000000e+02
2.940000000000000000e+02
2.640000000000000000e+02
2.970000000000000000e+02
2.540000000000000000e+02
1.880000000000000000e+02
