9.557395696640014648e+00
9.707860231399536133e+00
9.581929922103881836e+00
9.632697343826293945e+00
9.650730371475219727e+00
9.596262216567993164e+00
9.689098119735717773e+00
9.705717802047729492e+00
9.598064661026000977e+00
9.621792793273925781e+00
9.597640514373779297e+00
9.711747169494628906e+00
9.645922660827636719e+00
9.595072507858276367e+00
9.692224740982055664e+00
9.712348461151123047e+00
9.624853610992431641e+00
9.744083642959594727e+00
9.585831880569458008e+00
9.710683584213256836e+00
9.798548936843872070e+00
9.589404344558715820e+00
9.654372453689575195e+00
9.629754066467285156e+00
9.586898565292358398e+00
9.576272964477539062e+00
9.653884410858154297e+00
9.587615966796875000e+00
9.592730045318603516e+00
9.684024333953857422e+00
9.712862730026245117e+00
9.582374095916748047e+00
9.631096124649047852e+00
9.578768253326416016e+00
9.596861600875854492e+00
9.596908807754516602e+00
9.566375017166137695e+00
9.657160043716430664e+00
9.693709850311279297e+00
9.584740400314331055e+00
9.720414161682128906e+00
9.531657695770263672e+00
9.688031196594238281e+00
9.613052845001220703e+00
9.692166566848754883e+00
9.680629014968872070e+00
9.666362047195434570e+00
9.651547193527221680e+00
9.739055871963500977e+00
9.669929742813110352e+00
9.561642885208129883e+00
9.651765108108520508e+00
9.629132747650146484e+00
9.669339895248413086e+00
9.596241474151611328e+00
9.636051177978515625e+00
9.731213569641113281e+00
9.606726408004760742e+00
9.615203857421875000e+00
9.638956785202026367e+00
9.616603136062622070e+00
9.722915649414062500e+00
9.642109155654907227e+00
9.650970220565795898e+00
9.622582435607910156e+00
9.585925340652465820e+00
9.666049718856811523e+00
9.683250904083251953e+00
9.679492473602294922e+00
9.635009527206420898e+00
9.621120691299438477e+00
9.679385900497436523e+00
9.758549451828002930e+00
9.637379169464111328e+00
9.559409141540527344e+00
9.684037923812866211e+00
9.659063100814819336e+00
9.687625646591186523e+00
9.661829710006713867e+00
9.791765451431274414e+00
9.628572463989257812e+00
9.558549404144287109e+00
9.628864765167236328e+00
9.672971248626708984e+00
9.653368234634399414e+00
9.629457712173461914e+00
9.658585548400878906e+00
9.640867233276367188e+00
9.668629884719848633e+00
9.613207817077636719e+00
9.659303665161132812e+00
9.656873941421508789e+00
9.574975252151489258e+00
9.592965364456176758e+00
9.624839305877685547e+00
9.650332689285278320e+00
9.677393198013305664e+00
9.678510665893554688e+00
9.769944667816162109e+00
9.615154266357421875e+00
9.654621124267578125e+00
9.648963689804077148e+00
9.663165092468261719e+00
9.542608737945556641e+00
9.753172636032104492e+00
9.589256525039672852e+00
9.701758384704589844e+00
9.772499084472656250e+00
9.675341606140136719e+00
9.582777738571166992e+00
9.654225111007690430e+00
9.617500066757202148e+00
9.627444982528686523e+00
9.638361930847167969e+00
9.674888134002685547e+00
9.622219324111938477e+00
9.544417142868041992e+00
9.643924951553344727e+00
9.568178176879882812e+00
9.619299173355102539e+00
9.530532121658325195e+00
9.687089920043945312e+00
9.583503246307373047e+00
9.583665609359741211e+00
9.636707544326782227e+00
9.681706905364990234e+00
9.596014022827148438e+00
9.715131521224975586e+00
9.650692224502563477e+00
9.699762105941772461e+00
9.776704311370849609e+00
9.704088926315307617e+00
9.695825099945068359e+00
9.603268384933471680e+00
9.626770734786987305e+00
9.649654388427734375e+00
9.683230876922607422e+00
9.592894315719604492e+00
9.591817378997802734e+00
9.653382301330566406e+00
9.685046911239624023e+00
9.545405864715576172e+00
9.613878965377807617e+00
9.627162218093872070e+00
9.697561025619506836e+00
9.627977609634399414e+00
9.751544475555419922e+00
9.635938882827758789e+00
9.709413528442382812e+00
9.759415149688720703e+00
9.654312372207641602e+00
9.688398838043212891e+00
9.787814617156982422e+00
9.541420698165893555e+00
9.589359760284423828e+00
9.681342124938964844e+00
9.615148544311523438e+00
9.720996618270874023e+00
9.649137735366821289e+00
9.680140495300292969e+00
9.597713947296142578e+00
9.726190805435180664e+00
9.688779830932617188e+00
9.708594322204589844e+00
9.599246263504028320e+00
9.650691270828247070e+00
9.672801494598388672e+00
9.671557188034057617e+00
9.629085540771484375e+00
9.630625247955322266e+00
9.706340074539184570e+00
9.759553670883178711e+00
9.706717967987060547e+00
9.657453536987304688e+00
9.804806709289550781e+00
9.624086618423461914e+00
9.639360189437866211e+00
9.712966680526733398e+00
9.738308906555175781e+00
9.957880258560180664e+00
9.610506057739257812e+00
9.609482288360595703e+00
9.670500755310058594e+00
9.610825061798095703e+00
9.646571636199951172e+00
9.666270971298217773e+00
9.788226366043090820e+00
9.635512828826904297e+00
9.631402015686035156e+00
9.974841594696044922e+00
9.610026121139526367e+00
9.650047063827514648e+00
9.651674747467041016e+00
9.730537652969360352e+00
9.589927911758422852e+00
9.741281747817993164e+00
9.575582265853881836e+00
9.745881080627441406e+00
9.828535318374633789e+00
9.651310920715332031e+00
9.664605617523193359e+00
9.764908552169799805e+00
9.642594099044799805e+00
9.639065742492675781e+00
9.821674346923828125e+00
9.616225957870483398e+00
9.608538389205932617e+00
9.679081201553344727e+00
9.693078517913818359e+00
9.642450094223022461e+00
9.629455327987670898e+00
9.651114702224731445e+00
9.716444492340087891e+00
9.699800491333007812e+00
9.666820287704467773e+00
9.642442226409912109e+00
9.701307058334350586e+00
9.557944774627685547e+00
9.618166685104370117e+00
9.645550012588500977e+00
9.686136960983276367e+00
9.670286178588867188e+00
9.639107227325439453e+00
9.733539342880249023e+00
9.685629606246948242e+00
9.597892761230468750e+00
9.714656829833984375e+00
9.710405826568603516e+00
9.680481195449829102e+00
9.715492963790893555e+00
9.669755220413208008e+00
9.636026382446289062e+00
9.790292263031005859e+00
9.591724872589111328e+00
9.628085613250732422e+00
9.716998100280761719e+00
9.619376659393310547e+00
9.591371774673461914e+00
9.546325922012329102e+00
9.667755603790283203e+00
9.677389383316040039e+00
