1.052953410148620605e+01
1.057341790199279785e+01
1.048970055580139160e+01
1.054145574569702148e+01
1.050714492797851562e+01
1.045505928993225098e+01
1.046463012695312500e+01
1.054181790351867676e+01
1.050475668907165527e+01
1.049887442588806152e+01
1.051569485664367676e+01
1.060319852828979492e+01
1.051786780357360840e+01
1.048434138298034668e+01
1.046709752082824707e+01
1.049819159507751465e+01
1.050029635429382324e+01
1.054203248023986816e+01
1.047449517250061035e+01
1.056037163734436035e+01
1.051432418823242188e+01
1.049571967124938965e+01
1.048274183273315430e+01
1.050280356407165527e+01
1.052177238464355469e+01
1.047232508659362793e+01
1.051657938957214355e+01
1.052404832839965820e+01
1.048251700401306152e+01
1.049956798553466797e+01
1.053985071182250977e+01
1.050936985015869141e+01
1.053908038139343262e+01
1.050417733192443848e+01
1.056030726432800293e+01
1.048273038864135742e+01
1.051346087455749512e+01
1.054767775535583496e+01
1.053909778594970703e+01
1.044222617149353027e+01
1.050166249275207520e+01
