9.641282320022583008e+00
9.606346368789672852e+00
9.634175062179565430e+00
9.691957235336303711e+00
9.639850378036499023e+00
9.641892433166503906e+00
9.693151712417602539e+00
9.632983207702636719e+00
9.616405725479125977e+00
9.613933086395263672e+00
9.670054674148559570e+00
9.646798133850097656e+00
9.618148326873779297e+00
9.677040815353393555e+00
9.679385662078857422e+00
9.711591958999633789e+00
9.552342891693115234e+00
9.612158060073852539e+00
9.600386857986450195e+00
9.666366815567016602e+00
9.616626977920532227e+00
9.720788002014160156e+00
9.638710975646972656e+00
9.746979475021362305e+00
9.687774181365966797e+00
9.634161233901977539e+00
9.693608522415161133e+00
9.865626573562622070e+00
9.633593320846557617e+00
9.587489843368530273e+00
9.809030532836914062e+00
9.582195758819580078e+00
9.562541961669921875e+00
9.619997501373291016e+00
9.691352128982543945e+00
9.658329248428344727e+00
9.622544050216674805e+00
9.642647027969360352e+00
9.665265560150146484e+00
9.578860998153686523e+00
9.616053342819213867e+00
9.620788574218750000e+00
9.677514553070068359e+00
9.716421127319335938e+00
9.679900646209716797e+00
9.704482078552246094e+00
9.774337291717529297e+00
9.590219259262084961e+00
9.659301042556762695e+00
9.716155767440795898e+00
9.588414907455444336e+00
9.682487249374389648e+00
9.688854932785034180e+00
9.699568510055541992e+00
9.638551235198974609e+00
9.655049800872802734e+00
9.640945196151733398e+00
9.651715517044067383e+00
9.576044559478759766e+00
9.662729740142822266e+00
9.689127445220947266e+00
9.690471887588500977e+00
9.635250329971313477e+00
9.604486942291259766e+00
9.693842172622680664e+00
9.798524379730224609e+00
9.621600627899169922e+00
9.625656604766845703e+00
9.820145368576049805e+00
9.671059846878051758e+00
9.757718086242675781e+00
9.568859338760375977e+00
9.655511379241943359e+00
9.607008457183837891e+00
9.624599218368530273e+00
9.660822153091430664e+00
9.657791376113891602e+00
9.583053588867187500e+00
9.659656763076782227e+00
9.661704540252685547e+00
9.672713518142700195e+00
9.722699165344238281e+00
9.627631187438964844e+00
9.714372634887695312e+00
9.578981637954711914e+00
9.610222578048706055e+00
9.616807460784912109e+00
9.757175683975219727e+00
9.620274543762207031e+00
9.589626073837280273e+00
9.629477024078369141e+00
9.655963420867919922e+00
9.670965671539306641e+00
9.685685873031616211e+00
9.652368307113647461e+00
9.635622501373291016e+00
9.635074138641357422e+00
9.657828807830810547e+00
9.696916580200195312e+00
9.674584388732910156e+00
9.661761283874511719e+00
9.670114755630493164e+00
9.717779874801635742e+00
9.613671541213989258e+00
9.636805057525634766e+00
9.632584571838378906e+00
9.797041177749633789e+00
9.605018138885498047e+00
9.635238647460937500e+00
9.779014348983764648e+00
9.648469448089599609e+00
9.652778863906860352e+00
9.699527263641357422e+00
9.678927659988403320e+00
9.637996912002563477e+00
9.602732896804809570e+00
9.557366609573364258e+00
9.669200420379638672e+00
9.588919878005981445e+00
9.579134225845336914e+00
9.568228960037231445e+00
9.646370887756347656e+00
9.644941806793212891e+00
9.610781431198120117e+00
9.678217887878417969e+00
9.729394435882568359e+00
9.593976736068725586e+00
9.656925201416015625e+00
9.651197671890258789e+00
9.725412130355834961e+00
9.590644836425781250e+00
9.672949790954589844e+00
9.687020540237426758e+00
9.682873249053955078e+00
9.667705535888671875e+00
9.548666954040527344e+00
9.646224260330200195e+00
9.686038970947265625e+00
9.740888595581054688e+00
9.648799180984497070e+00
9.634806156158447266e+00
9.782201290130615234e+00
9.553409099578857422e+00
9.679332017898559570e+00
9.720338821411132812e+00
9.688060045242309570e+00
9.678130149841308594e+00
9.634771585464477539e+00
9.683781147003173828e+00
9.634173393249511719e+00
9.654254436492919922e+00
9.665434598922729492e+00
9.600270271301269531e+00
9.684742450714111328e+00
9.632834672927856445e+00
9.680621385574340820e+00
9.595492362976074219e+00
9.647432565689086914e+00
9.628568172454833984e+00
9.750624179840087891e+00
9.677612066268920898e+00
9.605618238449096680e+00
9.596940517425537109e+00
9.756609678268432617e+00
9.693191051483154297e+00
9.657333135604858398e+00
9.658638715744018555e+00
9.709745883941650391e+00
9.661895275115966797e+00
9.639118432998657227e+00
9.700247764587402344e+00
9.671399593353271484e+00
9.639446735382080078e+00
9.647049427032470703e+00
9.665480375289916992e+00
9.603790760040283203e+00
9.599955320358276367e+00
9.625439882278442383e+00
9.753987550735473633e+00
9.708538293838500977e+00
9.655836582183837891e+00
9.664443969726562500e+00
9.815271377563476562e+00
9.758196353912353516e+00
9.603171348571777344e+00
9.671223402023315430e+00
9.678030967712402344e+00
9.651169061660766602e+00
9.739807605743408203e+00
9.691847562789916992e+00
9.586578607559204102e+00
9.808268308639526367e+00
9.666733741760253906e+00
9.670461416244506836e+00
9.771206378936767578e+00
9.632541179656982422e+00
9.672637701034545898e+00
9.799554109573364258e+00
9.662217617034912109e+00
9.614843130111694336e+00
9.716011047363281250e+00
9.700176239013671875e+00
9.600388050079345703e+00
9.788113832473754883e+00
9.738498926162719727e+00
9.687825679779052734e+00
9.710121631622314453e+00
9.622087717056274414e+00
9.724211692810058594e+00
9.739225387573242188e+00
9.628004550933837891e+00
9.600419521331787109e+00
9.724383115768432617e+00
9.695605516433715820e+00
9.641985177993774414e+00
9.594016313552856445e+00
9.673392534255981445e+00
9.666019439697265625e+00
9.598058700561523438e+00
9.604476928710937500e+00
9.708600521087646484e+00
9.643815040588378906e+00
9.638114213943481445e+00
9.784646749496459961e+00
9.656203031539916992e+00
9.599439620971679688e+00
9.656395673751831055e+00
9.677440643310546875e+00
9.730772256851196289e+00
9.658158063888549805e+00
9.627545595169067383e+00
9.821861982345581055e+00
9.667999267578125000e+00
9.667389154434204102e+00
9.681857109069824219e+00
9.728718996047973633e+00
9.686488866806030273e+00
9.703106403350830078e+00
9.655236244201660156e+00
9.762084245681762695e+00
9.651480197906494141e+00
