1.921594499809021195e-01
1.880931271139132388e-01
1.891936063805445822e-01
1.836478796257595691e-01
1.904518927193290245e-01
1.867199845206230502e-01
1.871451283215989081e-01
1.866653701542849708e-01
1.889687630959672460e-01
1.920391286160182676e-01
1.821666395972064423e-01
1.868284340615017358e-01
1.906506591645130699e-01
1.873238980470900705e-01
1.805075157588492130e-01
1.855834199584199540e-01
1.880956200866356620e-01
1.882512164470080129e-01
1.875545498626151608e-01
1.797098682954762494e-01
1.883072518463090039e-01
1.890902019252584942e-01
1.784527916187556018e-01
1.884512230587779003e-01
1.823811230974806963e-01
1.882229576957105965e-01
1.757047799672120658e-01
1.791597621600545809e-01
1.687169333636275026e-01
1.677596852106593428e-01
1.653142041028304310e-01
1.692362621311954418e-01
1.579271255060728796e-01
1.602536578921293364e-01
1.504233877459029700e-01
1.515993073479922904e-01
1.572652914915110556e-01
1.531106619180543638e-01
1.525562506140896724e-01
1.491721588169104551e-01
1.515987664340204544e-01
1.549563480557971662e-01
1.550402638983215398e-01
1.598142151571648184e-01
1.634972321719309618e-01
1.608592966449901296e-01
1.643986165432976820e-01
1.706226125567272822e-01
1.630473709913722868e-01
1.738816975258069830e-01
1.693647607330182048e-01
1.742789254834664348e-01
1.804574341107777757e-01
1.703729812868495230e-01
1.736292849988691767e-01
1.753559092229718952e-01
1.787773565671689213e-01
1.784252425306990797e-01
1.755305466237942202e-01
1.828431530457752252e-01
1.863892783774089290e-01
1.891952910820835221e-01
1.840419710965914557e-01
1.811717223485697914e-01
1.852055503444706708e-01
1.882100192051039955e-01
1.843925567499107021e-01
1.780756035781846103e-01
1.893472011369876362e-01
1.884492599400212909e-01
1.869718194074512507e-01
1.822946628315755824e-01
1.890376324916534234e-01
1.864629801983375690e-01
1.882585837606282897e-01
1.874051838223427247e-01
1.897858103453931300e-01
1.853237410071942315e-01
1.847794093599764431e-01
1.946297803091944778e-01
1.846034264986883555e-01
