7.090756509999999935e+02
7.090751169999999775e+02
7.090751729999999498e+02
7.090752670000000535e+02
7.090753630000000385e+02
7.090754640000000109e+02
7.090755629999999883e+02
7.090756639999999607e+02
7.090757599999999456e+02
7.090758560000000443e+02
7.090759560000000192e+02
7.090760599999999840e+02
7.090761529999999766e+02
7.090762590000000500e+02
7.090763510000000451e+02
7.090764619999999923e+02
7.090765619999999672e+02
7.090766569999999547e+02
7.090767509999999447e+02
7.090768550000000232e+02
7.090769599999999855e+02
7.090770710000000463e+02
7.090771570000000565e+02
7.090772580000000289e+02
7.090773619999999937e+02
7.090774549999999863e+02
7.090775519999999688e+02
7.090776590000000397e+02
7.090777339999999640e+02
7.090777120000000195e+02
7.090806229999999459e+02
7.090775599999999486e+02
7.090776250000000118e+02
7.090777070000000322e+02
7.090777090000000271e+02
7.090776590000000397e+02
7.090776899999999614e+02
7.090775919999999815e+02
7.090807710000000270e+02
7.090777329999999665e+02
7.090806330000000344e+02
7.090807479999999714e+02
7.090778189999999768e+02
7.090808829999999716e+02
7.090776879999999665e+02
7.090811109999999644e+02
7.090808019999999487e+02
7.090775049999999737e+02
7.090782040000000279e+02
7.090806830000000218e+02
7.090808990000000449e+02
7.090791880000000447e+02
7.090775099999999611e+02
7.090806019999999990e+02
7.090819960000000037e+02
7.090805370000000494e+02
7.090802489999999807e+02
7.090806609999999637e+02
7.090821560000000545e+02
7.090814689999999700e+02
7.090810719999999492e+02
