4.980000000000000000e+02
5.620000000000000000e+02
4.300000000000000000e+02
4.720000000000000000e+02
4.780000000000000000e+02
5.070000000000000000e+02
4.480000000000000000e+02
4.580000000000000000e+02
4.500000000000000000e+02
4.160000000000000000e+02
4.440000000000000000e+02
4.280000000000000000e+02
4.640000000000000000e+02
4.740000000000000000e+02
4.920000000000000000e+02
4.660000000000000000e+02
4.720000000000000000e+02
5.060000000000000000e+02
5.340000000000000000e+02
4.760000000000000000e+02
4.700000000000000000e+02
5.400000000000000000e+02
5.420000000000000000e+02
6.600000000000000000e+02
6.700000000000000000e+02
7.860000000000000000e+02
7.460000000000000000e+02
8.360000000000000000e+02
8.800000000000000000e+02
9.840000000000000000e+02
1.126000000000000000e+03
1.130000000000000000e+03
1.200000000000000000e+03
1.308000000000000000e+03
1.394000000000000000e+03
1.390000000000000000e+03
1.422000000000000000e+03
1.312000000000000000e+03
1.310000000000000000e+03
1.322000000000000000e+03
1.318000000000000000e+03
1.378000000000000000e+03
1.276000000000000000e+03
1.128000000000000000e+03
9.680000000000000000e+02
7.760000000000000000e+02
8.040000000000000000e+02
7.800000000000000000e+02
7.100000000000000000e+02
6.700000000000000000e+02
6.380000000000000000e+02
5.920000000000000000e+02
5.040000000000000000e+02
4.820000000000000000e+02
4.520000000000000000e+02
3.920000000000000000e+02
4.660000000000000000e+02
4.480000000000000000e+02
4.100000000000000000e+02
4.280000000000000000e+02
4.400000000000000000e+02
4.280000000000000000e+02
4.620000000000000000e+02
3.920000000000000000e+02
4.480000000000000000e+02
4.560000000000000000e+02
4.500000000000000000e+02
4.220000000000000000e+02
4.400000000000000000e+02
4.480000000000000000e+02
4.160000000000000000e+02
4.100000000000000000e+02
4.300000000000000000e+02
4.220000000000000000e+02
4.360000000000000000e+02
4.900000000000000000e+02
4.860000000000000000e+02
4.600000000000000000e+02
4.760000000000000000e+02
4.380000000000000000e+02
4.300000000000000000e+02
4.300000000000000000e+02
4.060000000000000000e+02
4.220000000000000000e+02
3.860000000000000000e+02
4.300000000000000000e+02
4.600000000000000000e+02
4.720000000000000000e+02
4.300000000000000000e+02
4.360000000000000000e+02
4.120000000000000000e+02
4.040000000000000000e+02
5.140000000000000000e+02
4.600000000000000000e+02
4.750000000000000000e+02
4.980000000000000000e+02
5.160000000000000000e+02
5.700000000000000000e+02
5.000000000000000000e+02
6.180000000000000000e+02
6.020000000000000000e+02
6.180000000000000000e+02
7.160000000000000000e+02
8.040000000000000000e+02
8.420000000000000000e+02
9.200000000000000000e+02
9.880000000000000000e+02
9.500000000000000000e+02
9.980000000000000000e+02
1.068000000000000000e+03
1.230000000000000000e+03
1.270000000000000000e+03
1.238000000000000000e+03
1.366000000000000000e+03
1.518000000000000000e+03
1.678000000000000000e+03
1.834000000000000000e+03
2.080000000000000000e+03
2.164000000000000000e+03
2.440000000000000000e+03
2.774000000000000000e+03
2.882000000000000000e+03
2.144000000000000000e+03
1.322000000000000000e+03
1.092000000000000000e+03
8.800000000000000000e+02
8.580000000000000000e+02
7.840000000000000000e+02
7.080000000000000000e+02
6.540000000000000000e+02
6.040000000000000000e+02
5.480000000000000000e+02
5.340000000000000000e+02
5.860000000000000000e+02
4.980000000000000000e+02
5.160000000000000000e+02
5.460000000000000000e+02
5.920000000000000000e+02
5.220000000000000000e+02
5.520000000000000000e+02
5.740000000000000000e+02
5.380000000000000000e+02
5.020000000000000000e+02
5.260000000000000000e+02
5.320000000000000000e+02
5.360000000000000000e+02
5.740000000000000000e+02
5.020000000000000000e+02
5.240000000000000000e+02
5.480000000000000000e+02
5.700000000000000000e+02
6.460000000000000000e+02
6.020000000000000000e+02
5.620000000000000000e+02
5.720000000000000000e+02
5.760000000000000000e+02
6.100000000000000000e+02
5.600000000000000000e+02
5.760000000000000000e+02
6.120000000000000000e+02
6.160000000000000000e+02
6.280000000000000000e+02
5.780000000000000000e+02
5.560000000000000000e+02
5.460000000000000000e+02
5.860000000000000000e+02
5.660000000000000000e+02
5.610000000000000000e+02
5.380000000000000000e+02
4.900000000000000000e+02
5.220000000000000000e+02
5.860000000000000000e+02
4.720000000000000000e+02
4.560000000000000000e+02
4.420000000000000000e+02
4.340000000000000000e+02
4.620000000000000000e+02
4.480000000000000000e+02
4.220000000000000000e+02
4.260000000000000000e+02
4.180000000000000000e+02
4.660000000000000000e+02
5.160000000000000000e+02
5.020000000000000000e+02
5.240000000000000000e+02
5.820000000000000000e+02
5.500000000000000000e+02
6.540000000000000000e+02
7.460000000000000000e+02
7.840000000000000000e+02
7.860000000000000000e+02
8.120000000000000000e+02
9.220000000000000000e+02
8.920000000000000000e+02
9.200000000000000000e+02
9.700000000000000000e+02
9.580000000000000000e+02
9.360000000000000000e+02
8.780000000000000000e+02
9.480000000000000000e+02
7.920000000000000000e+02
7.760000000000000000e+02
7.480000000000000000e+02
7.180000000000000000e+02
6.380000000000000000e+02
6.740000000000000000e+02
6.140000000000000000e+02
5.320000000000000000e+02
5.580000000000000000e+02
4.480000000000000000e+02
4.940000000000000000e+02
4.740000000000000000e+02
4.800000000000000000e+02
5.200000000000000000e+02
4.580000000000000000e+02
4.940000000000000000e+02
4.420000000000000000e+02
4.280000000000000000e+02
4.460000000000000000e+02
4.840000000000000000e+02
4.820000000000000000e+02
4.720000000000000000e+02
4.680000000000000000e+02
4.620000000000000000e+02
4.780000000000000000e+02
4.740000000000000000e+02
4.760000000000000000e+02
5.060000000000000000e+02
4.940000000000000000e+02
4.620000000000000000e+02
4.660000000000000000e+02
4.400000000000000000e+02
4.440000000000000000e+02
4.820000000000000000e+02
4.420000000000000000e+02
4.060000000000000000e+02
4.380000000000000000e+02
3.560000000000000000e+02
4.340000000000000000e+02
3.880000000000000000e+02
4.340000000000000000e+02
