5.060000000000000000e+02
5.240000000000000000e+02
4.780000000000000000e+02
4.660000000000000000e+02
4.800000000000000000e+02
4.620000000000000000e+02
4.540000000000000000e+02
4.800000000000000000e+02
4.460000000000000000e+02
4.460000000000000000e+02
4.720000000000000000e+02
4.640000000000000000e+02
4.780000000000000000e+02
4.700000000000000000e+02
4.760000000000000000e+02
6.000000000000000000e+02
5.060000000000000000e+02
5.540000000000000000e+02
6.040000000000000000e+02
5.960000000000000000e+02
6.380000000000000000e+02
6.580000000000000000e+02
7.760000000000000000e+02
8.320000000000000000e+02
7.900000000000000000e+02
8.180000000000000000e+02
8.120000000000000000e+02
9.600000000000000000e+02
9.660000000000000000e+02
1.022000000000000000e+03
1.120000000000000000e+03
1.168000000000000000e+03
1.312000000000000000e+03
1.414000000000000000e+03
1.442000000000000000e+03
1.476000000000000000e+03
1.382000000000000000e+03
1.340000000000000000e+03
1.200000000000000000e+03
1.134000000000000000e+03
1.040000000000000000e+03
1.160000000000000000e+03
1.110000000000000000e+03
9.720000000000000000e+02
7.280000000000000000e+02
7.280000000000000000e+02
6.390000000000000000e+02
5.540000000000000000e+02
6.020000000000000000e+02
6.600000000000000000e+02
6.500000000000000000e+02
5.540000000000000000e+02
4.980000000000000000e+02
4.740000000000000000e+02
4.380000000000000000e+02
4.290000000000000000e+02
3.720000000000000000e+02
4.160000000000000000e+02
4.480000000000000000e+02
4.160000000000000000e+02
4.540000000000000000e+02
4.480000000000000000e+02
4.320000000000000000e+02
4.370000000000000000e+02
3.860000000000000000e+02
3.840000000000000000e+02
3.880000000000000000e+02
4.340000000000000000e+02
4.140000000000000000e+02
4.400000000000000000e+02
4.760000000000000000e+02
4.900000000000000000e+02
4.240000000000000000e+02
4.640000000000000000e+02
4.520000000000000000e+02
5.020000000000000000e+02
4.700000000000000000e+02
4.340000000000000000e+02
4.320000000000000000e+02
5.080000000000000000e+02
5.000000000000000000e+02
4.880000000000000000e+02
4.700000000000000000e+02
4.940000000000000000e+02
4.780000000000000000e+02
4.780000000000000000e+02
4.600000000000000000e+02
4.460000000000000000e+02
4.280000000000000000e+02
4.660000000000000000e+02
4.440000000000000000e+02
4.880000000000000000e+02
4.740000000000000000e+02
5.020000000000000000e+02
5.260000000000000000e+02
4.700000000000000000e+02
5.280000000000000000e+02
5.040000000000000000e+02
5.520000000000000000e+02
5.980000000000000000e+02
6.220000000000000000e+02
7.520000000000000000e+02
7.060000000000000000e+02
8.140000000000000000e+02
8.180000000000000000e+02
8.900000000000000000e+02
9.700000000000000000e+02
1.070000000000000000e+03
1.040000000000000000e+03
1.090000000000000000e+03
1.180000000000000000e+03
1.166000000000000000e+03
1.206000000000000000e+03
1.216000000000000000e+03
1.394000000000000000e+03
1.502000000000000000e+03
1.612000000000000000e+03
1.800000000000000000e+03
1.816000000000000000e+03
1.844000000000000000e+03
2.248000000000000000e+03
2.496000000000000000e+03
2.752000000000000000e+03
2.246000000000000000e+03
1.150000000000000000e+03
1.000000000000000000e+03
8.820000000000000000e+02
8.040000000000000000e+02
6.820000000000000000e+02
6.900000000000000000e+02
6.260000000000000000e+02
6.060000000000000000e+02
5.720000000000000000e+02
5.800000000000000000e+02
5.360000000000000000e+02
5.420000000000000000e+02
5.720000000000000000e+02
5.720000000000000000e+02
5.260000000000000000e+02
5.640000000000000000e+02
5.740000000000000000e+02
5.120000000000000000e+02
5.920000000000000000e+02
6.080000000000000000e+02
5.580000000000000000e+02
6.180000000000000000e+02
5.780000000000000000e+02
5.740000000000000000e+02
6.040000000000000000e+02
5.980000000000000000e+02
5.620000000000000000e+02
6.380000000000000000e+02
6.040000000000000000e+02
6.220000000000000000e+02
6.460000000000000000e+02
5.460000000000000000e+02
6.360000000000000000e+02
5.800000000000000000e+02
6.220000000000000000e+02
6.540000000000000000e+02
6.360000000000000000e+02
6.560000000000000000e+02
6.040000000000000000e+02
5.520000000000000000e+02
6.200000000000000000e+02
6.000000000000000000e+02
6.180000000000000000e+02
5.940000000000000000e+02
5.600000000000000000e+02
5.160000000000000000e+02
5.120000000000000000e+02
5.400000000000000000e+02
4.780000000000000000e+02
4.500000000000000000e+02
5.200000000000000000e+02
4.660000000000000000e+02
4.500000000000000000e+02
4.640000000000000000e+02
4.860000000000000000e+02
4.720000000000000000e+02
4.760000000000000000e+02
5.380000000000000000e+02
5.880000000000000000e+02
5.580000000000000000e+02
6.540000000000000000e+02
6.580000000000000000e+02
7.340000000000000000e+02
7.080000000000000000e+02
7.400000000000000000e+02
9.120000000000000000e+02
8.020000000000000000e+02
9.040000000000000000e+02
8.120000000000000000e+02
8.620000000000000000e+02
9.260000000000000000e+02
9.140000000000000000e+02
8.700000000000000000e+02
9.440000000000000000e+02
8.860000000000000000e+02
7.920000000000000000e+02
8.040000000000000000e+02
7.420000000000000000e+02
7.860000000000000000e+02
7.260000000000000000e+02
6.700000000000000000e+02
6.420000000000000000e+02
5.060000000000000000e+02
5.040000000000000000e+02
5.000000000000000000e+02
5.120000000000000000e+02
5.000000000000000000e+02
4.280000000000000000e+02
4.380000000000000000e+02
4.020000000000000000e+02
4.240000000000000000e+02
4.280000000000000000e+02
4.140000000000000000e+02
4.520000000000000000e+02
4.920000000000000000e+02
4.300000000000000000e+02
4.880000000000000000e+02
4.600000000000000000e+02
4.740000000000000000e+02
5.160000000000000000e+02
5.100000000000000000e+02
5.300000000000000000e+02
5.180000000000000000e+02
4.520000000000000000e+02
4.720000000000000000e+02
4.600000000000000000e+02
4.240000000000000000e+02
4.860000000000000000e+02
4.440000000000000000e+02
4.640000000000000000e+02
4.760000000000000000e+02
4.200000000000000000e+02
4.900000000000000000e+02
4.160000000000000000e+02
4.300000000000000000e+02
3.820000000000000000e+02
4.500000000000000000e+02
