1.166200000000000081e+01
1.166099999999999959e+01
1.166099999999999959e+01
1.166200000000000081e+01
1.166000000000000014e+01
1.166000000000000014e+01
1.166000000000000014e+01
1.166000000000000014e+01
1.165499999999999936e+01
1.166000000000000014e+01
1.165900000000000070e+01
1.165499999999999936e+01
1.166000000000000014e+01
1.165300000000000047e+01
1.165300000000000047e+01
1.165300000000000047e+01
1.165499999999999936e+01
1.165199999999999925e+01
1.165300000000000047e+01
1.165199999999999925e+01
1.165700000000000003e+01
1.165300000000000047e+01
1.164899999999999913e+01
1.165300000000000047e+01
1.165499999999999936e+01
1.165099999999999980e+01
1.165099999999999980e+01
1.165499999999999936e+01
1.165499999999999936e+01
1.165499999999999936e+01
1.165300000000000047e+01
1.165499999999999936e+01
1.165300000000000047e+01
1.165700000000000003e+01
1.165900000000000070e+01
1.165600000000000058e+01
1.165900000000000070e+01
1.165600000000000058e+01
1.165600000000000058e+01
1.165700000000000003e+01
1.165700000000000003e+01
1.165700000000000003e+01
1.165900000000000070e+01
1.165499999999999936e+01
1.165600000000000058e+01
1.165199999999999925e+01
1.165700000000000003e+01
1.165700000000000003e+01
1.165499999999999936e+01
1.165700000000000003e+01
1.165600000000000058e+01
1.165499999999999936e+01
1.163100000000000023e+01
1.162700000000000067e+01
1.162899999999999956e+01
1.163100000000000023e+01
1.162899999999999956e+01
1.163000000000000078e+01
1.162899999999999956e+01
1.163299999999999912e+01
1.162899999999999956e+01
1.163299999999999912e+01
1.163100000000000023e+01
1.162700000000000067e+01
1.163100000000000023e+01
1.162599999999999945e+01
1.163299999999999912e+01
1.163299999999999912e+01
1.162899999999999956e+01
1.163299999999999912e+01
1.162899999999999956e+01
1.162899999999999956e+01
1.162599999999999945e+01
1.163299999999999912e+01
1.162700000000000067e+01
1.162899999999999956e+01
1.163000000000000078e+01
1.163000000000000078e+01
1.163299999999999912e+01
1.162599999999999945e+01
1.163000000000000078e+01
