9.696702718734741211e+00
9.589239120483398438e+00
9.658275842666625977e+00
9.622209787368774414e+00
9.654994010925292969e+00
9.699877023696899414e+00
9.579310894012451172e+00
9.657521963119506836e+00
9.572764873504638672e+00
9.731942892074584961e+00
9.624125242233276367e+00
9.547977924346923828e+00
9.604690074920654297e+00
9.515520334243774414e+00
9.604668855667114258e+00
9.610643148422241211e+00
9.681840419769287109e+00
9.696741342544555664e+00
9.636752128601074219e+00
9.783378839492797852e+00
9.613407611846923828e+00
9.564727306365966797e+00
9.591212034225463867e+00
9.695675611495971680e+00
9.611050128936767578e+00
9.594181060791015625e+00
9.670573949813842773e+00
9.646853208541870117e+00
9.643888950347900391e+00
9.618032217025756836e+00
9.609593391418457031e+00
9.523467063903808594e+00
9.647779226303100586e+00
9.639095306396484375e+00
9.657554864883422852e+00
9.585509300231933594e+00
9.560239791870117188e+00
9.562006711959838867e+00
9.657716274261474609e+00
9.690196990966796875e+00
9.524344921112060547e+00
9.622023105621337891e+00
9.664368629455566406e+00
9.566022872924804688e+00
9.609042406082153320e+00
9.669084072113037109e+00
9.560759544372558594e+00
9.580120801925659180e+00
9.599781751632690430e+00
9.683971166610717773e+00
9.592161655426025391e+00
9.631152629852294922e+00
9.628882169723510742e+00
9.628134250640869141e+00
9.651017665863037109e+00
9.618526220321655273e+00
9.627385854721069336e+00
9.698125362396240234e+00
9.559188842773437500e+00
9.785403966903686523e+00
9.715248107910156250e+00
9.572715997695922852e+00
9.613122463226318359e+00
9.548885583877563477e+00
9.670787334442138672e+00
9.716848373413085938e+00
9.588068962097167969e+00
9.634954929351806641e+00
9.678955078125000000e+00
9.680240154266357422e+00
9.655597448348999023e+00
9.580676555633544922e+00
9.732533454895019531e+00
9.626190423965454102e+00
9.652971506118774414e+00
9.811021566390991211e+00
9.647236585617065430e+00
9.628787994384765625e+00
9.628224372863769531e+00
9.684887647628784180e+00
9.705243825912475586e+00
9.618428707122802734e+00
9.653444766998291016e+00
9.665263891220092773e+00
9.537972450256347656e+00
9.635041236877441406e+00
9.645431280136108398e+00
9.718687057495117188e+00
9.659938097000122070e+00
9.591226577758789062e+00
9.591195344924926758e+00
9.683432817459106445e+00
9.647195100784301758e+00
9.575268983840942383e+00
9.661136388778686523e+00
9.641258955001831055e+00
9.655145645141601562e+00
9.618011474609375000e+00
9.716927051544189453e+00
9.639572858810424805e+00
9.707730293273925781e+00
9.646197319030761719e+00
9.696464061737060547e+00
9.639821052551269531e+00
9.736361742019653320e+00
9.661995410919189453e+00
9.661107540130615234e+00
9.775613307952880859e+00
9.594344854354858398e+00
9.656934499740600586e+00
9.860926389694213867e+00
9.670237541198730469e+00
9.585401535034179688e+00
9.660243272781372070e+00
9.647441387176513672e+00
9.587799072265625000e+00
9.625165462493896484e+00
9.663677930831909180e+00
9.524134635925292969e+00
9.596188068389892578e+00
9.550078153610229492e+00
9.678134202957153320e+00
9.691297054290771484e+00
9.771018266677856445e+00
9.587485313415527344e+00
9.640614032745361328e+00
9.569619417190551758e+00
9.680735826492309570e+00
9.641607284545898438e+00
9.683803319931030273e+00
9.658612012863159180e+00
9.665396928787231445e+00
9.729145526885986328e+00
9.595350265502929688e+00
9.659676313400268555e+00
9.590544939041137695e+00
9.695224046707153320e+00
9.588508129119873047e+00
9.626712560653686523e+00
9.822720289230346680e+00
9.640154361724853516e+00
9.596020460128784180e+00
9.681028842926025391e+00
9.659738302230834961e+00
9.671618461608886719e+00
9.579180002212524414e+00
9.620002269744873047e+00
9.643190622329711914e+00
9.714733123779296875e+00
9.691222667694091797e+00
9.625588655471801758e+00
9.643910169601440430e+00
9.667842864990234375e+00
9.591758012771606445e+00
9.586135149002075195e+00
9.787448167800903320e+00
9.616377115249633789e+00
