1.667481446266174316e+01
9.617153167724609375e+00
9.582117557525634766e+00
9.611275196075439453e+00
9.708297014236450195e+00
9.606017112731933594e+00
9.598855018615722656e+00
9.673244237899780273e+00
9.631174564361572266e+00
9.685127496719360352e+00
9.659356117248535156e+00
9.676950454711914062e+00
9.779425382614135742e+00
9.591508150100708008e+00
9.557340145111083984e+00
9.695544481277465820e+00
9.624845743179321289e+00
9.557407140731811523e+00
9.653176069259643555e+00
9.644746303558349609e+00
9.689387321472167969e+00
9.609379768371582031e+00
9.568985939025878906e+00
9.685917615890502930e+00
9.618798732757568359e+00
9.830054521560668945e+00
9.642277717590332031e+00
9.558207511901855469e+00
9.651266336441040039e+00
9.583816289901733398e+00
9.652379989624023438e+00
9.592761039733886719e+00
9.624680280685424805e+00
9.666880846023559570e+00
9.620372533798217773e+00
9.579125642776489258e+00
9.677675008773803711e+00
9.584300041198730469e+00
9.671942710876464844e+00
9.526500463485717773e+00
9.560347795486450195e+00
9.595722913742065430e+00
9.701864719390869141e+00
9.639688014984130859e+00
9.631392717361450195e+00
9.694108247756958008e+00
9.603770494461059570e+00
9.617151975631713867e+00
9.730644226074218750e+00
9.656486034393310547e+00
9.555545568466186523e+00
9.563748598098754883e+00
9.656963348388671875e+00
9.675821542739868164e+00
9.599567174911499023e+00
9.629288196563720703e+00
9.644809484481811523e+00
9.768837690353393555e+00
9.621277093887329102e+00
9.583735942840576172e+00
9.639960765838623047e+00
9.790503263473510742e+00
9.681477546691894531e+00
9.663304090499877930e+00
9.684846162796020508e+00
9.640119552612304688e+00
9.612094402313232422e+00
9.818352460861206055e+00
9.748433351516723633e+00
9.625457525253295898e+00
9.643054723739624023e+00
9.671258687973022461e+00
9.666919946670532227e+00
9.711110830307006836e+00
9.616822719573974609e+00
9.662138700485229492e+00
9.608007192611694336e+00
9.579400062561035156e+00
9.601405143737792969e+00
9.644388198852539062e+00
9.556707859039306641e+00
