7.551919446192574027e-03
1.949317738791422894e-03
2.883506343713956258e-03
7.348029392117568295e-03
5.917159763313609329e-03
4.822182037371910632e-03
5.661712668082095022e-03
4.915730337078651549e-03
5.241700640652300486e-03
4.302397049784880551e-03
6.520450503852993733e-03
1.782531194295900075e-03
3.026634382566585884e-03
4.472843450479233561e-03
4.149377593360995854e-03
4.670169293636894370e-03
4.996876951905059039e-03
2.373887240356082999e-03
6.602641056422569113e-03
0.000000000000000000e+00
4.181600955794504033e-03
8.843967150979153979e-03
7.421150278293135553e-03
4.011461318051575548e-03
5.003126954346466537e-03
9.652509652509652736e-04
2.828854314002828951e-03
7.553747821034282640e-03
1.269841269841269840e-03
9.529860228716645690e-03
2.948113207547170024e-03
6.285714285714285969e-03
1.116071428571428596e-02
4.476776720761052424e-03
7.308160779537149418e-03
4.895104895104895534e-03
3.615328994938539226e-03
7.001166861143524184e-03
2.893518518518518358e-03
6.602641056422569113e-03
9.402283411685695078e-03
1.127596439169139403e-02
9.163802978235968330e-03
6.695069993913572645e-03
7.518796992481202590e-03
7.375537799631222934e-03
9.158557527189466890e-03
4.507405022537025116e-03
4.689331770222742932e-03
6.191950464396285200e-03
4.857316332726169077e-03
7.793764988009592443e-03
4.938271604938271504e-03
4.456824512534819129e-03
7.402837754472547591e-03
7.562536358347876457e-03
6.514657980456026350e-03
8.182349503214494599e-03
1.145958986731001120e-02
8.484848484848485708e-03
3.582089552238806006e-03
7.228915662650602612e-03
9.285051067780872823e-04
1.367053998632945973e-02
8.428657435279951829e-03
7.594936708860759202e-03
1.038485033598045282e-02
7.421150278293135553e-03
5.428226779252111160e-03
2.948113207547170024e-03
5.294117647058823282e-03
7.348784624081401706e-03
5.795235028976174901e-03
6.966434452184927170e-03
4.681100058513750807e-03
5.940594059405940666e-03
1.179391682184978245e-02
5.099150141643059471e-03
4.860267314702308196e-03
0.000000000000000000e+00
4.931506849315068358e-03
1.075949367088607604e-02
8.782201405152224166e-03
8.036739380022962093e-03
8.436445444319460446e-03
7.540603248259860475e-03
6.162464985994397550e-03
1.025641025641025640e-02
8.747949699289228609e-03
1.017524024872809574e-02
1.081081081081081141e-02
6.285714285714285969e-03
9.113001215066827976e-03
8.422234699606961569e-03
7.981755986316989987e-03
6.293266205160478501e-03
4.839685420447671291e-03
9.742120343839541854e-03
7.597895967270601632e-03
1.107692307692307622e-02
6.682867557715674312e-03
8.576329331046312482e-03
9.588268471517202504e-03
8.484162895927601158e-03
9.407858328721638297e-03
9.994447529150471757e-03
8.047210300429184088e-03
7.987220447284344715e-03
7.017543859649122938e-03
5.524861878453038444e-03
1.160092807424593919e-02
1.171458998935037341e-02
7.826610475617098994e-03
9.333333333333334106e-03
5.382775119617225212e-03
1.077844311377245540e-02
1.394538059267867551e-02
1.101321585903083759e-02
6.802721088435373896e-03
8.210180623973727804e-03
7.361268403171007668e-03
7.407407407407407690e-03
1.085776330076004305e-02
8.586147681740126728e-03
8.379888268156424416e-03
5.820721769499418233e-03
5.105296745373325180e-03
1.044529961517317272e-02
8.436445444319460446e-03
8.492569002123142100e-03
5.266237565827969550e-03
1.105293775450843542e-02
1.032110091743119323e-02
4.350190320826535784e-03
0.000000000000000000e+00
6.730229949523275010e-03
9.506833036244801555e-03
6.925945657964837320e-03
7.484168105929764336e-03
8.153756552125801527e-03
5.443658138268916806e-03
6.153846153846153841e-03
5.577244841048521924e-03
1.004134672179562981e-02
7.616974972796518133e-03
8.250825082508250058e-03
9.569377990430621636e-03
8.078476630121176824e-03
8.111239860950173255e-03
8.767123287671232251e-03
1.153644467750393303e-02
0.000000000000000000e+00
6.838506049447658913e-03
1.019830028328611894e-02
7.510729613733905553e-03
8.860011813349085233e-03
6.386375731772218900e-03
1.019252548131370333e-02
8.183306055646481780e-03
1.069518716577540045e-02
8.761682242990653444e-03
0.000000000000000000e+00
1.297998918334234732e-02
1.103752759381898541e-02
8.705114254624592152e-03
1.454952434247341886e-02
8.782201405152224166e-03
7.352941176470588133e-03
1.618303571428571577e-02
1.055555555555555587e-02
1.056142301278488113e-02
1.182432432432432498e-02
8.859357696566998522e-03
9.330406147091107813e-03
4.830917874396135035e-03
9.791921664626682120e-03
1.397428731134712186e-02
8.879023307436182191e-03
1.018099547511312243e-02
8.282716731087796935e-03
8.602150537634408595e-03
1.095890410958904118e-02
1.015801354401805849e-02
1.150026136957658061e-02
7.928118393234671879e-03
7.900677200902934960e-03
1.145662847790507310e-02
1.212440695835529866e-02
1.153846153846153910e-02
1.001581444385872370e-02
1.416122004357298417e-02
8.586147681740126728e-03
1.094091903719912433e-02
1.113063854715875753e-02
1.246105919003115230e-02
1.103143960286817431e-02
9.761388286334056474e-03
1.342281879194630843e-02
1.056338028169014065e-02
8.923591745677635773e-03
1.180438448566610392e-02
1.537585421412300708e-02
1.016949152542372808e-02
1.204128440366972544e-02
9.003601440576229978e-03
1.019252548131370333e-02
1.086956521739130405e-02
1.177163037080635605e-02
1.430205949656750651e-02
8.138903960933261197e-03
0.000000000000000000e+00
5.936319481921208466e-03
1.061320754716981070e-02
1.059602649006622516e-02
5.422993492407809056e-03
1.038819026790595984e-02
8.376963350785341170e-03
1.385189131592967464e-02
1.538461538461538547e-02
8.635578583765112295e-03
9.932043910088865155e-03
1.138211382113821224e-02
1.022727272727272721e-02
1.047729918509895247e-02
9.158557527189466890e-03
1.457399103139013496e-02
1.224055348589675289e-02
1.005322294500295664e-02
9.868421052631578400e-03
1.201529219006007565e-02
1.285797779076563487e-02
6.966773847802787065e-03
1.002785515320334282e-02
9.305210918114143262e-03
1.029252437703141905e-02
1.171221416620189630e-02
1.152737752161383210e-02
8.562691131498470845e-03
9.745533297238765519e-03
8.187772925764192147e-03
1.111728738187882197e-02
1.038251366120218622e-02
1.152213462704669567e-02
1.245048104131295935e-02
1.386036960985626357e-02
1.380775358470525717e-02
7.995735607675906464e-03
1.261656609983543599e-02
1.324122049510650587e-02
1.502817783343769580e-02
1.574803149606299191e-02
1.066350710900474015e-02
1.121794871794871799e-02
1.013110846245530473e-02
7.328072153325817031e-03
9.929906542056074134e-03
1.021566401816118019e-02
1.003134796238244579e-02
1.282873636946760786e-02
1.422319474835886249e-02
1.126609442060085876e-02
1.142546245919477677e-02
1.035953686776355798e-02
9.939260077305356669e-03
1.476433844406587099e-02
7.303370786516854250e-03
6.056935190793458559e-03
1.301641199773627584e-02
7.717750826901874014e-03
1.153644467750393303e-02
8.865248226950355262e-03
1.202843083652268934e-02
1.426126640045636065e-02
1.065022421524663629e-02
1.507246376811594187e-02
1.364175563463819636e-02
7.784431137724551024e-03
6.145251396648044283e-03
9.890109890109889668e-03
1.150086256469235249e-02
1.530311948204826286e-02
0.000000000000000000e+00
1.157407407407407343e-02
1.122964626614261600e-02
1.417233560090703018e-02
1.284198771635957498e-02
8.287292817679557666e-03
1.182033096926713919e-02
1.038062283737024166e-02
9.846153846153846492e-03
1.294498381877022715e-02
7.760532150776053642e-03
8.805723720418271588e-03
1.473922902494331083e-02
1.418439716312056703e-02
1.372683596431022689e-02
1.188546731496488429e-02
8.130081300813008990e-03
8.588298443370907115e-03
8.087810514153668390e-03
8.630609896432680714e-03
1.212121212121212120e-02
7.158590308370044175e-03
1.240560949298813442e-02
1.101591187270501912e-02
8.069164265129682295e-03
