-2.211691488985413068e-01,6.934423760463100106e-02,6.996583280990889553e-02
-2.073315966681454903e-01,5.094862152284194284e-02,-6.918321053890591488e-02
-1.556871219819154772e-01,2.649452009732593608e-02,-8.845164424100157574e-02
-1.823362255358329520e-02,1.036376511248212756e-01,5.419922206460356384e-02
-4.645528536731652336e-02,3.979045535012896290e-02,-3.922865834032873700e-02
-2.816058970232351855e-01,8.752899722851507913e-02,-1.131585094145173831e-02
-8.998706632267663985e-02,1.224008987189099812e-01,1.333178990729114166e-03
-1.403082888573002063e-01,1.260436309693570810e-02,-4.451804642383661026e-02
-1.159959329270383033e-01,1.150625092690786000e-01,8.649880632662521052e-02
-2.567416688020109916e-01,1.431697777146313799e-01,3.784842707547159124e-02
-1.111808395102170111e-01,1.180224432903566739e-01,9.559601912105414323e-02
-1.330787341006341717e-01,1.162680434968479531e-01,7.737783255672883720e-02
-1.047364527099284293e-01,1.095477378547832920e-01,7.862411876275118838e-02
-1.513081371733315805e-02,1.047067192129535161e-02,9.800729773618183094e-02
-9.491010353561868396e-03,1.643376536942783850e-02,9.291024950925649839e-02
-2.130987368102860158e-02,5.755413724651210587e-03,9.411303552198022060e-02
-1.225556622689945030e-01,9.530254692888553980e-02,9.257528721176441766e-02
-2.850209137599983289e-01,1.490565578525766821e-01,-8.954556034011967869e-02
-2.969445014412763761e-03,1.138500922753959838e-01,-9.900810031239869191e-02
-2.913335493963463696e-01,1.631364997047999883e-03,2.423776298861093914e-02
0.000000000000000000e+00,0.000000000000000000e+00,0.000000000000000000e+00
0.000000000000000000e+00,0.000000000000000000e+00,0.000000000000000000e+00
0.000000000000000000e+00,0.000000000000000000e+00,0.000000000000000000e+00
0.000000000000000000e+00,0.000000000000000000e+00,0.000000000000000000e+00
0.000000000000000000e+00,0.000000000000000000e+00,0.000000000000000000e+00
0.000000000000000000e+00,0.000000000000000000e+00,0.000000000000000000e+00
0.000000000000000000e+00,0.000000000000000000e+00,0.000000000000000000e+00
0.000000000000000000e+00,0.000000000000000000e+00,0.000000000000000000e+00
0.000000000000000000e+00,0.000000000000000000e+00,0.000000000000000000e+00
0.000000000000000000e+00,0.000000000000000000e+00,0.000000000000000000e+00
0.000000000000000000e+00,0.000000000000000000e+00,0.000000000000000000e+00
0.000000000000000000e+00,0.000000000000000000e+00,0.000000000000000000e+00
0.000000000000000000e+00,0.000000000000000000e+00,0.000000000000000000e+00
0.000000000000000000e+00,0.000000000000000000e+00,0.000000000000000000e+00
0.000000000000000000e+00,0.000000000000000000e+00,0.000000000000000000e+00
0.000000000000000000e+00,0.000000000000000000e+00,0.000000000000000000e+00
0.000000000000000000e+00,0.000000000000000000e+00,0.000000000000000000e+00
0.000000000000000000e+00,0.000000000000000000e+00,0.000000000000000000e+00
0.000000000000000000e+00,0.000000000000000000e+00,0.000000000000000000e+00
0.000000000000000000e+00,0.000000000000000000e+00,0.000000000000000000e+00
0.000000000000000000e+00,0.000000000000000000e+00,0.000000000000000000e+00
0.000000000000000000e+00,0.000000000000000000e+00,0.000000000000000000e+00
0.000000000000000000e+00,0.000000000000000000e+00,0.000000000000000000e+00
0.000000000000000000e+00,0.000000000000000000e+00,0.000000000000000000e+00
0.000000000000000000e+00,0.000000000000000000e+00,0.000000000000000000e+00
0.000000000000000000e+00,0.000000000000000000e+00,0.000000000000000000e+00
0.000000000000000000e+00,0.000000000000000000e+00,0.000000000000000000e+00
0.000000000000000000e+00,0.000000000000000000e+00,0.000000000000000000e+00
0.000000000000000000e+00,0.000000000000000000e+00,0.000000000000000000e+00
0.000000000000000000e+00,0.000000000000000000e+00,0.000000000000000000e+00
0.000000000000000000e+00,0.000000000000000000e+00,0.000000000000000000e+00
0.000000000000000000e+00,0.000000000000000000e+00,0.000000000000000000e+00
0.000000000000000000e+00,0.000000000000000000e+00,0.000000000000000000e+00
0.000000000000000000e+00,0.000000000000000000e+00,0.000000000000000000e+00
0.000000000000000000e+00,0.000000000000000000e+00,0.000000000000000000e+00
0.000000000000000000e+00,0.000000000000000000e+00,0.000000000000000000e+00
0.000000000000000000e+00,0.000000000000000000e+00,0.000000000000000000e+00
0.000000000000000000e+00,0.000000000000000000e+00,0.000000000000000000e+00
0.000000000000000000e+00,0.000000000000000000e+00,0.000000000000000000e+00
0.000000000000000000e+00,0.000000000000000000e+00,0.000000000000000000e+00
