-8.192365540449997319e-03,5.483212013659378298e-02,-9.745092906947361300e-02
-7.514041144542987771e-02,6.607595623932122075e-02,-4.133575821380485599e-02
-2.959419128195737159e-01,2.725010119423148820e-03,-6.035320867236435710e-02
-2.228346670707936072e-01,1.239068409796557080e-01,4.478427805826207253e-02
-4.785912392500529799e-02,1.469081140341877423e-01,6.616182114862026453e-02
-1.659879199641859371e-01,1.017650296065108900e-01,-3.622902791097802611e-02
-1.998296109474007320e-01,1.092190558196922678e-01,3.893526433665847608e-02
-1.485535955586740064e-01,4.059367879883211266e-02,8.725507791708705940e-02
-2.581461552196649967e-01,1.622663978417073979e-02,3.686441836137949180e-03
-9.812979680512909364e-02,7.810783166910528763e-02,-1.601302822885737609e-02
-1.119099421534650585e-01,8.490407839896361997e-02,-7.501820189797142602e-03
-6.497675456497167823e-02,7.294962872906764206e-02,-5.883779071691103146e-03
-1.160188497579932865e-01,6.971154432808611412e-02,-3.864112731591275163e-02
-1.016744660966333313e-01,8.015398055552715173e-02,-2.556536704177420072e-02
-1.078730301746757547e-01,6.292361071848366627e-02,-1.402304465336660921e-02
-1.271179914606583028e-01,6.374057509108614628e-02,-6.488082066897737921e-02
-2.270167933683294725e-01,1.169981658176152683e-01,-5.725801525614401810e-02
-2.205203339443420618e-01,7.446613083903834418e-02,-4.202617416851879562e-02
0.000000000000000000e+00,0.000000000000000000e+00,0.000000000000000000e+00
0.000000000000000000e+00,0.000000000000000000e+00,0.000000000000000000e+00
0.000000000000000000e+00,0.000000000000000000e+00,0.000000000000000000e+00
0.000000000000000000e+00,0.000000000000000000e+00,0.000000000000000000e+00
0.000000000000000000e+00,0.000000000000000000e+00,0.000000000000000000e+00
0.000000000000000000e+00,0.000000000000000000e+00,0.000000000000000000e+00
0.000000000000000000e+00,0.000000000000000000e+00,0.000000000000000000e+00
0.000000000000000000e+00,0.000000000000000000e+00,0.000000000000000000e+00
0.000000000000000000e+00,0.000000000000000000e+00,0.000000000000000000e+00
0.000000000000000000e+00,0.000000000000000000e+00,0.000000000000000000e+00
0.000000000000000000e+00,0.000000000000000000e+00,0.000000000000000000e+00
0.000000000000000000e+00,0.000000000000000000e+00,0.000000000000000000e+00
0.000000000000000000e+00,0.000000000000000000e+00,0.000000000000000000e+00
0.000000000000000000e+00,0.000000000000000000e+00,0.000000000000000000e+00
0.000000000000000000e+00,0.000000000000000000e+00,0.000000000000000000e+00
0.000000000000000000e+00,0.000000000000000000e+00,0.000000000000000000e+00
0.000000000000000000e+00,0.000000000000000000e+00,0.000000000000000000e+00
0.000000000000000000e+00,0.000000000000000000e+00,0.000000000000000000e+00
0.000000000000000000e+00,0.000000000000000000e+00,0.000000000000000000e+00
0.000000000000000000e+00,0.000000000000000000e+00,0.000000000000000000e+00
0.000000000000000000e+00,0.000000000000000000e+00,0.000000000000000000e+00
0.000000000000000000e+00,0.000000000000000000e+00,0.000000000000000000e+00
0.000000000000000000e+00,0.000000000000000000e+00,0.000000000000000000e+00
0.000000000000000000e+00,0.000000000000000000e+00,0.000000000000000000e+00
0.000000000000000000e+00,0.000000000000000000e+00,0.000000000000000000e+00
0.000000000000000000e+00,0.000000000000000000e+00,0.000000000000000000e+00
0.000000000000000000e+00,0.000000000000000000e+00,0.000000000000000000e+00
0.000000000000000000e+00,0.000000000000000000e+00,0.000000000000000000e+00
0.000000000000000000e+00,0.000000000000000000e+00,0.000000000000000000e+00
0.000000000000000000e+00,0.000000000000000000e+00,0.000000000000000000e+00
0.000000000000000000e+00,0.000000000000000000e+00,0.000000000000000000e+00
0.000000000000000000e+00,0.000000000000000000e+00,0.000000000000000000e+00
0.000000000000000000e+00,0.000000000000000000e+00,0.000000000000000000e+00
0.000000000000000000e+00,0.000000000000000000e+00,0.000000000000000000e+00
0.000000000000000000e+00,0.000000000000000000e+00,0.000000000000000000e+00
0.000000000000000000e+00,0.000000000000000000e+00,0.000000000000000000e+00
0.000000000000000000e+00,0.000000000000000000e+00,0.000000000000000000e+00
0.000000000000000000e+00,0.000000000000000000e+00,0.000000000000000000e+00
0.000000000000000000e+00,0.000000000000000000e+00,0.000000000000000000e+00
0.000000000000000000e+00,0.000000000000000000e+00,0.000000000000000000e+00
0.000000000000000000e+00,0.000000000000000000e+00,0.000000000000000000e+00
0.000000000000000000e+00,0.000000000000000000e+00,0.000000000000000000e+00
