1.273000000000000000e+03
1.072000000000000000e+03
9.350000000000000000e+02
9.960000000000000000e+02
1.000000000000000000e+03
1.020000000000000000e+03
1.106000000000000000e+03
1.062000000000000000e+03
1.205000000000000000e+03
1.120000000000000000e+03
1.075000000000000000e+03
1.109000000000000000e+03
1.128000000000000000e+03
1.123000000000000000e+03
1.158000000000000000e+03
1.135000000000000000e+03
1.089000000000000000e+03
1.083000000000000000e+03
1.128000000000000000e+03
1.148000000000000000e+03
1.207000000000000000e+03
1.124000000000000000e+03
1.203000000000000000e+03
1.206000000000000000e+03
1.156000000000000000e+03
1.144000000000000000e+03
1.158000000000000000e+03
1.171000000000000000e+03
1.137000000000000000e+03
1.146000000000000000e+03
1.010000000000000000e+03
1.212000000000000000e+03
1.202000000000000000e+03
1.131000000000000000e+03
1.120000000000000000e+03
1.055000000000000000e+03
1.191000000000000000e+03
1.173000000000000000e+03
1.119000000000000000e+03
1.111000000000000000e+03
1.130000000000000000e+03
1.154000000000000000e+03
1.167000000000000000e+03
1.107000000000000000e+03
1.153000000000000000e+03
1.200000000000000000e+03
1.158000000000000000e+03
1.132000000000000000e+03
1.113000000000000000e+03
1.134000000000000000e+03
1.132000000000000000e+03
1.152000000000000000e+03
1.114000000000000000e+03
1.154000000000000000e+03
1.228000000000000000e+03
1.198000000000000000e+03
1.213000000000000000e+03
1.138000000000000000e+03
1.134000000000000000e+03
1.089000000000000000e+03
1.211000000000000000e+03
1.082000000000000000e+03
1.120000000000000000e+03
1.231000000000000000e+03
1.170000000000000000e+03
1.148000000000000000e+03
1.153000000000000000e+03
1.098000000000000000e+03
1.132000000000000000e+03
1.111000000000000000e+03
1.114000000000000000e+03
1.126000000000000000e+03
1.079000000000000000e+03
1.157000000000000000e+03
1.114000000000000000e+03
1.029000000000000000e+03
1.114000000000000000e+03
1.082000000000000000e+03
1.127000000000000000e+03
1.044000000000000000e+03
1.133000000000000000e+03
1.118000000000000000e+03
1.108000000000000000e+03
1.064000000000000000e+03
1.068000000000000000e+03
1.174000000000000000e+03
1.164000000000000000e+03
1.080000000000000000e+03
1.105000000000000000e+03
1.158000000000000000e+03
1.129000000000000000e+03
1.157000000000000000e+03
1.193000000000000000e+03
1.050000000000000000e+03
1.084000000000000000e+03
1.076000000000000000e+03
1.052000000000000000e+03
1.108000000000000000e+03
1.156000000000000000e+03
1.120000000000000000e+03
