4.705024056561454282e-01
1.021944834710876437e-01
7.642256239313548194e-02
8.302118052470089382e-02
8.532779152511495158e-02
8.155769627447473358e-02
5.868505022830106110e-02
5.502276513011988834e-02
5.109147185666269159e-02
3.757452387216680956e-02
2.122387386256759101e-02
1.708937830151552317e-02
1.657826578924476157e-02
1.186160433132180461e-02
1.113026425612870934e-02
6.949615650808114997e-03
5.948333890322499845e-03
6.681103075414029924e-03
9.472140925516875365e-03
2.758898607104863857e-03
2.250599697038918601e-03
4.008222978614854604e-03
0.000000000000000000e+00
0.000000000000000000e+00
0.000000000000000000e+00
0.000000000000000000e+00
0.000000000000000000e+00
0.000000000000000000e+00
0.000000000000000000e+00
0.000000000000000000e+00
0.000000000000000000e+00
0.000000000000000000e+00
0.000000000000000000e+00
0.000000000000000000e+00
0.000000000000000000e+00
0.000000000000000000e+00
0.000000000000000000e+00
0.000000000000000000e+00
0.000000000000000000e+00
0.000000000000000000e+00
0.000000000000000000e+00
0.000000000000000000e+00
0.000000000000000000e+00
0.000000000000000000e+00
0.000000000000000000e+00
0.000000000000000000e+00
0.000000000000000000e+00
0.000000000000000000e+00
0.000000000000000000e+00
0.000000000000000000e+00
