1.095299999999999940e+01
1.094899999999999984e+01
1.094500000000000028e+01
1.094699999999999918e+01
1.095199999999999996e+01
1.094899999999999984e+01
1.095599999999999952e+01
1.095199999999999996e+01
1.094999999999999929e+01
1.094699999999999918e+01
1.094100000000000072e+01
1.094699999999999918e+01
1.094699999999999918e+01
1.094100000000000072e+01
1.094899999999999984e+01
1.094100000000000072e+01
1.094299999999999962e+01
1.093999999999999950e+01
1.093999999999999950e+01
1.093900000000000006e+01
1.094400000000000084e+01
1.093900000000000006e+01
1.093699999999999939e+01
1.093599999999999994e+01
1.093999999999999950e+01
1.093900000000000006e+01
1.093599999999999994e+01
1.093500000000000050e+01
1.093299999999999983e+01
1.093200000000000038e+01
1.093299999999999983e+01
1.093299999999999983e+01
1.093200000000000038e+01
1.093599999999999994e+01
1.093900000000000006e+01
1.093200000000000038e+01
1.092800000000000082e+01
1.092999999999999972e+01
1.093299999999999983e+01
1.093299999999999983e+01
1.093500000000000050e+01
1.093500000000000050e+01
1.093200000000000038e+01
1.093500000000000050e+01
1.093200000000000038e+01
1.092800000000000082e+01
1.093200000000000038e+01
1.092600000000000016e+01
1.092999999999999972e+01
1.093200000000000038e+01
1.093099999999999916e+01
1.092800000000000082e+01
1.092800000000000082e+01
1.092999999999999972e+01
1.092999999999999972e+01
1.092699999999999960e+01
1.092999999999999972e+01
1.092699999999999960e+01
1.093200000000000038e+01
1.092999999999999972e+01
