1.846951484680175781e+00
1.957371473312377930e+00
1.840667486190795898e+00
1.777657032012939453e+00
1.784702062606811523e+00
1.810407400131225586e+00
1.862199544906616211e+00
1.763782978057861328e+00
1.785989761352539062e+00
1.824647903442382812e+00
1.694496631622314453e+00
1.831610441207885742e+00
1.800178289413452148e+00
1.753016948699951172e+00
1.741878032684326172e+00
1.910873413085937500e+00
1.831536531448364258e+00
1.750875473022460938e+00
1.748095989227294922e+00
1.924639940261840820e+00
1.916579961776733398e+00
1.843137264251708984e+00
1.745861053466796875e+00
1.791312694549560547e+00
1.799183845520019531e+00
1.970006227493286133e+00
1.860253334045410156e+00
1.783151388168334961e+00
1.812902688980102539e+00
1.750341176986694336e+00
1.882547378540039062e+00
1.864926576614379883e+00
1.768165588378906250e+00
1.811348199844360352e+00
1.782443284988403320e+00
1.934302806854248047e+00
1.766641855239868164e+00
1.775358676910400391e+00
1.798377037048339844e+00
1.812522649765014648e+00
1.770802497863769531e+00
1.750141382217407227e+00
1.794523239135742188e+00
1.767056941986083984e+00
1.816624164581298828e+00
1.758127927780151367e+00
1.781629800796508789e+00
1.821431398391723633e+00
1.766639232635498047e+00
1.794643402099609375e+00
1.843620777130126953e+00
1.750226497650146484e+00
1.798734426498413086e+00
1.756037950515747070e+00
1.795988082885742188e+00
1.683745622634887695e+00
1.680846691131591797e+00
1.857758045196533203e+00
1.835698366165161133e+00
1.754423379898071289e+00
1.745141029357910156e+00
1.791123151779174805e+00
1.851992845535278320e+00
1.748916625976562500e+00
1.754701614379882812e+00
1.811257362365722656e+00
1.772227287292480469e+00
1.856803178787231445e+00
1.748647212982177734e+00
1.795615911483764648e+00
1.746974229812622070e+00
1.805859088897705078e+00
1.750236272811889648e+00
1.792503356933593750e+00
1.818552732467651367e+00
1.750850677490234375e+00
1.745833873748779297e+00
1.814909934997558594e+00
1.841419458389282227e+00
1.844267129898071289e+00
1.781621694564819336e+00
1.813533782958984375e+00
1.752488374710083008e+00
1.842206001281738281e+00
1.785110235214233398e+00
1.897024393081665039e+00
1.810938358306884766e+00
1.789849758148193359e+00
1.880573987960815430e+00
1.827030658721923828e+00
1.876831293106079102e+00
1.747507572174072266e+00
1.919885396957397461e+00
1.794547080993652344e+00
1.775451898574829102e+00
1.980652332305908203e+00
1.786246061325073242e+00
1.836873531341552734e+00
1.796821117401123047e+00
1.752711534500122070e+00
