1.285140562248996039e-02
9.945750452079566220e-03
1.042654028436018968e-02
1.230769230769230768e-02
1.492537313432835792e-02
1.250000000000000069e-02
1.140350877192982532e-02
9.377664109121910258e-03
9.369676320272572745e-03
1.824500434404865284e-02
1.940928270042194259e-02
9.298393913778528821e-03
1.524132091447925538e-02
1.320901320901320987e-02
1.179443976411120518e-02
2.112103980503655595e-02
1.429772918418839404e-02
2.415875754961173405e-02
1.030042918454935653e-02
1.527331189710610937e-02
1.554828150572831399e-02
1.521555367709213902e-02
1.508801341156747709e-02
2.067183462532299829e-02
1.448109412711182618e-02
1.797945205479451955e-02
1.766190075693860329e-02
7.575757575757575968e-03
1.812191103789126748e-02
1.192504258943782001e-02
1.396877567789646737e-02
1.821192052980132384e-02
1.828761429758936005e-02
2.173913043478260809e-02
1.892744479495268167e-02
1.543209876543209791e-02
1.859678782755705764e-02
2.269170579029734097e-02
2.653399668325041524e-02
2.605042016806722802e-02
2.979066022544283460e-02
1.610169491525423671e-02
3.430079155672823010e-02
2.794759825327510980e-02
2.897278314310798922e-02
1.553062985332182878e-02
1.593959731543624289e-02
1.566579634464751805e-02
8.517887563884156410e-03
1.124648547328959726e-02
1.138353765323993003e-02
8.264462809917355601e-03
1.559792027729636071e-02
7.561436672967864099e-03
1.139351446099912298e-02
1.082055906221821538e-02
7.366482504604051837e-03
1.132404181184669054e-02
6.211180124223602064e-03
9.646302250803859279e-03
6.920415224913495020e-03
9.132420091324200406e-03
1.361161524500907431e-02
1.026119402985074640e-02
1.154163231657048642e-02
6.511627906976744443e-03
