2.592223882675170898e+00
2.554241180419921875e+00
2.531715393066406250e+00
2.514815807342529297e+00
2.437645435333251953e+00
2.494855403900146484e+00
2.532801389694213867e+00
2.514873266220092773e+00
2.510769367218017578e+00
2.457794904708862305e+00
2.594386577606201172e+00
2.579538345336914062e+00
2.445008039474487305e+00
2.557009220123291016e+00
2.615157604217529297e+00
2.504322767257690430e+00
2.565788507461547852e+00
2.558102369308471680e+00
2.544282197952270508e+00
2.535196304321289062e+00
2.564103603363037109e+00
2.559373140335083008e+00
2.458074808120727539e+00
2.587177038192749023e+00
2.490782976150512695e+00
2.559385776519775391e+00
0.000000000000000000e+00
0.000000000000000000e+00
0.000000000000000000e+00
0.000000000000000000e+00
0.000000000000000000e+00
0.000000000000000000e+00
0.000000000000000000e+00
0.000000000000000000e+00
0.000000000000000000e+00
0.000000000000000000e+00
0.000000000000000000e+00
0.000000000000000000e+00
0.000000000000000000e+00
0.000000000000000000e+00
0.000000000000000000e+00
0.000000000000000000e+00
0.000000000000000000e+00
0.000000000000000000e+00
0.000000000000000000e+00
0.000000000000000000e+00
0.000000000000000000e+00
0.000000000000000000e+00
0.000000000000000000e+00
0.000000000000000000e+00
0.000000000000000000e+00
0.000000000000000000e+00
0.000000000000000000e+00
0.000000000000000000e+00
0.000000000000000000e+00
0.000000000000000000e+00
0.000000000000000000e+00
0.000000000000000000e+00
0.000000000000000000e+00
0.000000000000000000e+00
