7.300000000000000000e+01
9.800000000000000000e+01
7.800000000000000000e+01
9.500000000000000000e+01
8.300000000000000000e+01
1.030000000000000000e+02
9.700000000000000000e+01
1.120000000000000000e+02
1.040000000000000000e+02
1.000000000000000000e+02
1.170000000000000000e+02
1.260000000000000000e+02
1.130000000000000000e+02
1.220000000000000000e+02
1.270000000000000000e+02
9.100000000000000000e+01
1.010000000000000000e+02
1.100000000000000000e+02
9.700000000000000000e+01
1.030000000000000000e+02
1.070000000000000000e+02
1.220000000000000000e+02
1.280000000000000000e+02
1.210000000000000000e+02
1.200000000000000000e+02
1.090000000000000000e+02
1.060000000000000000e+02
1.260000000000000000e+02
9.600000000000000000e+01
1.400000000000000000e+02
1.430000000000000000e+02
1.550000000000000000e+02
1.360000000000000000e+02
1.290000000000000000e+02
1.400000000000000000e+02
1.470000000000000000e+02
1.710000000000000000e+02
1.620000000000000000e+02
1.940000000000000000e+02
1.600000000000000000e+02
1.810000000000000000e+02
1.970000000000000000e+02
1.720000000000000000e+02
1.890000000000000000e+02
2.070000000000000000e+02
2.230000000000000000e+02
2.020000000000000000e+02
1.920000000000000000e+02
2.290000000000000000e+02
2.600000000000000000e+02
2.310000000000000000e+02
2.100000000000000000e+02
2.530000000000000000e+02
2.330000000000000000e+02
2.110000000000000000e+02
2.310000000000000000e+02
2.340000000000000000e+02
2.520000000000000000e+02
2.530000000000000000e+02
2.580000000000000000e+02
2.710000000000000000e+02
2.770000000000000000e+02
3.260000000000000000e+02
3.300000000000000000e+02
3.290000000000000000e+02
3.720000000000000000e+02
3.650000000000000000e+02
3.440000000000000000e+02
3.860000000000000000e+02
4.160000000000000000e+02
4.170000000000000000e+02
4.550000000000000000e+02
4.340000000000000000e+02
4.480000000000000000e+02
3.350000000000000000e+02
2.650000000000000000e+02
2.080000000000000000e+02
2.290000000000000000e+02
1.450000000000000000e+02
1.910000000000000000e+02
1.640000000000000000e+02
1.640000000000000000e+02
1.500000000000000000e+02
1.460000000000000000e+02
1.170000000000000000e+02
1.090000000000000000e+02
9.700000000000000000e+01
1.210000000000000000e+02
1.250000000000000000e+02
1.050000000000000000e+02
1.090000000000000000e+02
1.170000000000000000e+02
9.200000000000000000e+01
8.800000000000000000e+01
1.100000000000000000e+02
9.300000000000000000e+01
9.000000000000000000e+01
8.700000000000000000e+01
7.700000000000000000e+01
8.700000000000000000e+01
8.300000000000000000e+01
8.300000000000000000e+01
8.100000000000000000e+01
8.000000000000000000e+01
7.300000000000000000e+01
7.900000000000000000e+01
7.800000000000000000e+01
9.900000000000000000e+01
7.100000000000000000e+01
8.000000000000000000e+01
7.500000000000000000e+01
7.700000000000000000e+01
6.800000000000000000e+01
6.200000000000000000e+01
8.400000000000000000e+01
8.700000000000000000e+01
