7.803523540496826172e+00
7.698530197143554688e+00
7.704351902008056641e+00
7.794679403305053711e+00
7.886681079864501953e+00
7.706520318984985352e+00
7.899304866790771484e+00
7.760602951049804688e+00
7.910951852798461914e+00
7.744121789932250977e+00
7.752845525741577148e+00
7.727369785308837891e+00
7.670011520385742188e+00
7.713151931762695312e+00
7.701429367065429688e+00
7.753820896148681641e+00
7.764471054077148438e+00
7.754787683486938477e+00
7.738603115081787109e+00
7.876269578933715820e+00
7.740893363952636719e+00
7.926111459732055664e+00
7.767108678817749023e+00
7.951451539993286133e+00
7.719563484191894531e+00
7.718674182891845703e+00
7.759620666503906250e+00
7.762524604797363281e+00
7.819988250732421875e+00
7.640518426895141602e+00
7.721819639205932617e+00
7.799053907394409180e+00
7.679511308670043945e+00
7.726961612701416016e+00
7.851416587829589844e+00
7.745830059051513672e+00
7.949606895446777344e+00
7.701143980026245117e+00
7.873853445053100586e+00
7.692251443862915039e+00
7.708698987960815430e+00
7.761168956756591797e+00
7.744650363922119141e+00
7.733694791793823242e+00
7.709589958190917969e+00
7.741166830062866211e+00
