1.904669761657714844e+00
1.790119886398315430e+00
1.753234148025512695e+00
1.861941576004028320e+00
1.787389993667602539e+00
1.827757358551025391e+00
1.763938426971435547e+00
1.854077339172363281e+00
1.878785610198974609e+00
1.828942298889160156e+00
1.753469228744506836e+00
1.813927888870239258e+00
1.945131540298461914e+00
1.834666490554809570e+00
1.760259866714477539e+00
1.786669254302978516e+00
1.810210943222045898e+00
2.003440380096435547e+00
1.853075027465820312e+00
1.920983791351318359e+00
1.824251413345336914e+00
1.835189342498779297e+00
1.756436347961425781e+00
1.798732042312622070e+00
1.818668127059936523e+00
1.754106998443603516e+00
1.787296533584594727e+00
1.969957351684570312e+00
1.827507734298706055e+00
1.754956960678100586e+00
1.742303371429443359e+00
1.805157661437988281e+00
1.818708658218383789e+00
1.752348184585571289e+00
1.786642789840698242e+00
1.818079233169555664e+00
1.810368776321411133e+00
1.810614824295043945e+00
1.796858549118041992e+00
1.691626787185668945e+00
1.789958238601684570e+00
1.748754262924194336e+00
1.790688037872314453e+00
1.808595418930053711e+00
1.756966114044189453e+00
1.783361911773681641e+00
1.852066993713378906e+00
1.837118387222290039e+00
1.741201400756835938e+00
1.748896598815917969e+00
1.996824026107788086e+00
1.815979719161987305e+00
1.769906044006347656e+00
1.836519002914428711e+00
1.812024831771850586e+00
1.955341815948486328e+00
1.809983730316162109e+00
1.798974037170410156e+00
1.818419933319091797e+00
1.747361183166503906e+00
1.964335680007934570e+00
1.796534776687622070e+00
1.780984878540039062e+00
1.794305562973022461e+00
1.697988033294677734e+00
1.899946212768554688e+00
1.789177417755126953e+00
1.773326635360717773e+00
1.753502368927001953e+00
1.787357807159423828e+00
1.840552091598510742e+00
1.759977102279663086e+00
1.759828805923461914e+00
1.822922468185424805e+00
1.815323829650878906e+00
1.759963750839233398e+00
1.829790592193603516e+00
1.825654029846191406e+00
1.852531194686889648e+00
1.823061943054199219e+00
1.977401494979858398e+00
1.766533374786376953e+00
1.779592752456665039e+00
1.859471797943115234e+00
1.879831314086914062e+00
1.828772306442260742e+00
1.758812665939331055e+00
1.803340673446655273e+00
1.863962888717651367e+00
1.823464632034301758e+00
1.755825042724609375e+00
1.850550889968872070e+00
1.798051118850708008e+00
1.793278455734252930e+00
1.772893905639648438e+00
1.682292222976684570e+00
1.783921003341674805e+00
1.795569181442260742e+00
1.864059686660766602e+00
1.855709314346313477e+00
