1.191000000000000000e+03
1.337000000000000000e+03
1.225000000000000000e+03
1.396000000000000000e+03
1.078000000000000000e+03
1.050000000000000000e+03
1.433000000000000000e+03
1.325000000000000000e+03
1.822000000000000000e+03
1.205000000000000000e+03
1.467000000000000000e+03
1.468000000000000000e+03
1.464000000000000000e+03
1.734000000000000000e+03
1.772000000000000000e+03
1.640000000000000000e+03
1.628000000000000000e+03
1.347000000000000000e+03
1.221000000000000000e+03
1.610000000000000000e+03
1.697000000000000000e+03
1.798000000000000000e+03
1.387000000000000000e+03
1.685000000000000000e+03
2.075000000000000000e+03
1.708000000000000000e+03
1.428000000000000000e+03
1.747000000000000000e+03
1.433000000000000000e+03
1.823000000000000000e+03
1.925000000000000000e+03
1.607000000000000000e+03
1.687000000000000000e+03
1.889000000000000000e+03
1.261000000000000000e+03
1.635000000000000000e+03
1.701000000000000000e+03
1.367000000000000000e+03
1.651000000000000000e+03
1.679000000000000000e+03
1.393000000000000000e+03
1.276000000000000000e+03
1.170000000000000000e+03
1.335000000000000000e+03
1.679000000000000000e+03
1.338000000000000000e+03
1.358000000000000000e+03
1.536000000000000000e+03
1.692000000000000000e+03
1.507000000000000000e+03
1.197000000000000000e+03
1.361000000000000000e+03
1.647000000000000000e+03
1.863000000000000000e+03
1.297000000000000000e+03
1.316000000000000000e+03
1.746000000000000000e+03
1.521000000000000000e+03
1.575000000000000000e+03
1.374000000000000000e+03
