6.100000000000000000e+01
4.600000000000000000e+01
5.800000000000000000e+01
5.400000000000000000e+01
6.500000000000000000e+01
7.700000000000000000e+01
8.700000000000000000e+01
8.900000000000000000e+01
9.300000000000000000e+01
9.200000000000000000e+01
7.600000000000000000e+01
7.600000000000000000e+01
6.700000000000000000e+01
7.000000000000000000e+01
7.200000000000000000e+01
8.100000000000000000e+01
6.500000000000000000e+01
8.300000000000000000e+01
9.600000000000000000e+01
9.700000000000000000e+01
9.900000000000000000e+01
1.170000000000000000e+02
9.900000000000000000e+01
1.220000000000000000e+02
1.230000000000000000e+02
1.160000000000000000e+02
1.130000000000000000e+02
1.220000000000000000e+02
1.360000000000000000e+02
1.350000000000000000e+02
1.640000000000000000e+02
1.850000000000000000e+02
1.930000000000000000e+02
1.780000000000000000e+02
1.160000000000000000e+02
7.200000000000000000e+01
6.500000000000000000e+01
5.700000000000000000e+01
6.600000000000000000e+01
6.500000000000000000e+01
5.500000000000000000e+01
6.200000000000000000e+01
5.700000000000000000e+01
6.700000000000000000e+01
4.800000000000000000e+01
5.400000000000000000e+01
5.000000000000000000e+01
6.500000000000000000e+01
4.300000000000000000e+01
3.900000000000000000e+01
4.900000000000000000e+01
