7.088009450679267492e-03
1.035031847133757905e-02
2.535925612848689836e-03
8.573655494933749704e-03
8.757961783439490236e-03
9.976976208749040870e-03
1.019541206457094326e-02
1.327088212334114059e-02
8.843537414965987192e-03
8.124576844955992000e-03
6.106870229007633523e-03
1.201602136181575443e-02
8.724832214765099875e-03
6.085192697768762593e-03
1.034482758620689641e-02
1.137123745819398034e-02
1.174168297455968624e-02
6.761325219743069548e-03
1.134930643127364525e-02
1.035598705501618137e-02
1.282051282051282007e-02
8.900190718372537335e-03
1.354838709677419310e-02
9.975062344139650622e-03
1.522533495736906259e-02
6.238303181534623001e-03
6.341154090044388500e-03
1.401869158878504655e-02
1.583113456464380064e-02
2.487562189054726494e-02
1.793721973094170377e-02
3.559435862995298516e-02
4.437086092715231828e-02
4.227212681638044950e-02
3.915662650602409756e-02
5.263157894736841813e-02
4.500330906684314736e-02
3.591682419659735642e-02
3.119266055045871733e-02
2.536715620827770246e-02
1.482914248871695755e-02
1.957070707070707183e-02
2.423167848699763621e-02
2.596580113996200048e-02
3.547400611620794841e-02
3.276622558286074183e-02
1.996136509980682427e-02
3.022670025188916795e-02
2.826633165829145825e-02
2.234993614303959139e-02
3.158559696778268783e-02
3.807740324594257458e-02
3.960999390615478621e-02
5.541401273885350476e-02
6.683971447112264930e-02
5.799755799755799968e-02
6.288032454361054679e-02
4.624999999999999944e-02
4.545454545454545581e-02
2.547770700636942803e-02
2.872531418312387896e-02
2.579852579852579680e-02
2.079272254710851087e-02
2.234993614303959139e-02
2.493438320209973719e-02
1.629072681704260561e-02
2.594936708860759444e-02
4.035308953341740223e-02
3.649635036496350071e-02
3.911671924290220648e-02
2.995538559592096986e-02
2.202380952380952536e-02
2.250803858520900383e-02
1.127320954907161735e-02
1.046798029556650182e-02
8.125000000000000278e-03
1.101591187270501912e-02
1.103617412630288237e-02
1.244269810085134320e-02
1.518151815181518170e-02
1.452020202020202003e-02
1.147342995169082190e-02
1.199760047990401993e-02
1.686909581646423711e-02
1.119402985074626801e-02
1.295336787564766758e-02
1.191222570532915297e-02
1.754385964912280604e-02
1.407588739290085642e-02
2.721518987341772083e-02
2.212101496421600352e-02
3.113087674714104178e-02
5.579937304075235222e-02
8.953341740226986034e-02
2.347417840375586734e-02
2.529960053262316974e-02
1.585437463300058691e-02
1.542257865515114096e-02
2.840909090909090814e-02
1.553398058252427119e-02
