2.560000000000000000e+02
5.300000000000000000e+01
1.460000000000000000e+02
1.440000000000000000e+02
5.600000000000000000e+01
2.290000000000000000e+02
2.110000000000000000e+02
7.500000000000000000e+01
1.420000000000000000e+02
1.780000000000000000e+02
2.320000000000000000e+02
2.480000000000000000e+02
2.120000000000000000e+02
2.400000000000000000e+02
2.590000000000000000e+02
2.170000000000000000e+02
2.840000000000000000e+02
2.790000000000000000e+02
3.030000000000000000e+02
2.660000000000000000e+02
2.680000000000000000e+02
2.470000000000000000e+02
1.450000000000000000e+02
2.970000000000000000e+02
2.120000000000000000e+02
2.960000000000000000e+02
2.600000000000000000e+01
5.300000000000000000e+01
1.650000000000000000e+02
1.950000000000000000e+02
3.600000000000000000e+01
1.330000000000000000e+02
2.860000000000000000e+02
3.170000000000000000e+02
0.000000000000000000e+00
0.000000000000000000e+00
0.000000000000000000e+00
0.000000000000000000e+00
0.000000000000000000e+00
0.000000000000000000e+00
0.000000000000000000e+00
0.000000000000000000e+00
0.000000000000000000e+00
0.000000000000000000e+00
0.000000000000000000e+00
0.000000000000000000e+00
0.000000000000000000e+00
0.000000000000000000e+00
0.000000000000000000e+00
0.000000000000000000e+00
0.000000000000000000e+00
0.000000000000000000e+00
0.000000000000000000e+00
0.000000000000000000e+00
0.000000000000000000e+00
0.000000000000000000e+00
0.000000000000000000e+00
0.000000000000000000e+00
0.000000000000000000e+00
0.000000000000000000e+00
