8.898055391868002484e-02
7.097232079488999257e-02
9.017595307917888880e-02
8.414464534075104252e-02
9.244314013206163250e-02
9.012875536480687011e-02
8.125000000000000278e-02
9.153005464480874764e-02
9.078860172299535458e-02
7.366362451108213194e-02
7.837837837837838273e-02
9.241555130656468886e-02
6.739409499358151034e-02
8.054123711340206715e-02
8.912188728702490070e-02
8.317460317460317887e-02
7.086133170433719930e-02
8.601444517399868539e-02
8.163265306122448328e-02
1.016414141414141437e-01
8.303030303030302373e-02
7.395287958115183413e-02
9.411011523687580482e-02
7.725060827250608553e-02
8.428390367553866003e-02
7.859424920127795755e-02
8.690176322418136090e-02
9.906542056074765790e-02
8.750754375377187144e-02
9.085133418043202236e-02
9.453376205787780706e-02
8.444444444444444697e-02
8.463949843260187844e-02
7.120352867044738021e-02
7.605279698302953861e-02
6.696146557169931068e-02
7.488702388637831497e-02
7.730673316708229492e-02
8.476658476658475994e-02
8.742138364779873660e-02
8.087774294670846409e-02
7.664453832226916785e-02
7.315634218289085444e-02
7.159624413145540545e-02
7.449494949494948892e-02
6.700379266750948470e-02
6.825106642291285663e-02
6.540880503144654023e-02
6.212664277180406092e-02
5.617977528089887485e-02
6.809815950920244942e-02
4.128157732593961543e-02
3.267973856209150513e-02
3.316645807259074180e-02
2.187902187902187809e-02
8.852459016393442182e-02
6.890012642225031014e-02
7.107231920199501285e-02
8.719512195121950637e-02
8.766437069505322865e-02
8.789808917197451665e-02
9.120310478654591879e-02
7.980049875311720498e-02
8.930899608865711103e-02
8.318154219793563731e-02
8.280657395701643275e-02
7.794561933534743803e-02
7.756410256410256610e-02
7.645996387718241583e-02
8.813783962889330803e-02
7.466340269277846331e-02
7.474874371859296929e-02
6.425948592411261096e-02
5.350318471337579818e-02
8.847867600254614995e-02
8.899579073962718412e-02
7.165109034267912180e-02
9.228901032179720465e-02
8.669755129053606513e-02
8.645899554990464642e-02
9.085213032581453130e-02
9.821428571428571230e-02
9.022082018927445046e-02
9.148665819567979030e-02
9.200240529164160908e-02
9.411011523687580482e-02
8.408796895213453693e-02
9.021113243761996747e-02
7.089084065244667665e-02
5.959849435382685162e-02
2.765826674861708578e-02
7.970112079701120733e-02
7.134433962264151441e-02
7.397959183673469274e-02
8.509389671361503038e-02
8.152866242038216138e-02
7.720588235294117974e-02
8.481868469575906677e-02
1.005917159763313612e-01
8.029647930821494362e-02
8.791866028708134051e-02
7.082324455205811498e-02
8.155583437892095777e-02
6.886227544910179799e-02
7.731958762886598224e-02
6.925373134328358105e-02
8.151476251604621026e-02
7.374631268436578069e-02
6.573341448569688938e-02
7.668329177057356394e-02
8.253012048192770456e-02
8.278737343656938918e-02
8.965929468021517634e-02
9.134045077105575061e-02
8.005003126954346460e-02
7.947805456702253246e-02
9.108040201005025704e-02
9.181761399125545897e-02
9.050632911392404722e-02
8.405438813349815075e-02
8.367952522255192593e-02
7.916181606519208380e-02
8.590852904820765745e-02
8.074162679425837819e-02
9.189189189189189699e-02
7.165109034267912180e-02
7.087628865979381243e-02
9.431605246720799196e-02
8.230198019801980569e-02
8.471454880294659873e-02
9.234507897934386700e-02
7.809640024405124781e-02
8.083832335329341201e-02
8.626974483596597243e-02
8.838071693448702748e-02
7.738452309538092211e-02
8.446544595392793675e-02
7.985028072364316887e-02
8.886107634543179146e-02
9.493670886075949999e-02
9.506618531889289569e-02
8.313397129186603229e-02
8.598351001177856334e-02
9.029484029484029228e-02
7.659831121833533818e-02
7.919547454431175026e-02
7.125456760048720639e-02
9.747292418772562916e-02
8.241758241758241621e-02
7.066139061616732997e-02
8.891523414344991438e-02
9.429429429429429799e-02
8.100059559261464648e-02
8.271604938271605312e-02
9.481668773704171604e-02
9.265734265734265618e-02
8.239478363959691631e-02
8.639705882352941013e-02
9.251620506776664365e-02
8.561236623067776386e-02
8.163265306122448328e-02
8.457711442786070011e-02
7.921381774865991765e-02
7.506361323155216758e-02
8.194622279129321063e-02
8.446362515413070871e-02
8.297213622291021995e-02
8.131067961165049096e-02
7.716436637390212960e-02
9.025506867233486219e-02
8.154235145385588246e-02
8.780795957043588396e-02
8.497905445840814309e-02
8.745247148288973205e-02
8.819875776397514966e-02
7.970112079701120733e-02
8.077154912597950265e-02
8.598917618761274528e-02
9.241379310344827180e-02
7.971938775510203912e-02
8.184615384615384626e-02
8.230719377835385431e-02
8.731155778894472697e-02
8.407643312101910349e-02
8.132530120481927527e-02
9.629629629629629650e-02
9.320987654320987692e-02
8.857336037863421108e-02
7.346690953248330436e-02
8.111239860950174296e-02
9.038828771483131685e-02
9.212934716290420434e-02
8.517156862745098311e-02
8.841843088418431529e-02
8.390304536979489858e-02
9.321533923303834679e-02
8.671922377198301723e-02
9.355246523388116575e-02
8.233815210559396192e-02
9.308176100628930139e-02
