5.900000000000000000e+01
4.900000000000000000e+01
6.200000000000000000e+01
6.500000000000000000e+01
6.700000000000000000e+01
7.100000000000000000e+01
6.400000000000000000e+01
6.100000000000000000e+01
7.500000000000000000e+01
8.700000000000000000e+01
7.600000000000000000e+01
8.600000000000000000e+01
8.500000000000000000e+01
1.010000000000000000e+02
9.100000000000000000e+01
1.010000000000000000e+02
1.040000000000000000e+02
1.070000000000000000e+02
1.010000000000000000e+02
1.200000000000000000e+02
1.270000000000000000e+02
1.250000000000000000e+02
1.290000000000000000e+02
1.270000000000000000e+02
1.330000000000000000e+02
1.400000000000000000e+02
1.600000000000000000e+02
1.490000000000000000e+02
1.540000000000000000e+02
1.860000000000000000e+02
1.580000000000000000e+02
2.180000000000000000e+02
2.160000000000000000e+02
1.930000000000000000e+02
1.490000000000000000e+02
1.780000000000000000e+02
1.910000000000000000e+02
1.900000000000000000e+02
1.930000000000000000e+02
1.940000000000000000e+02
1.900000000000000000e+02
9.900000000000000000e+01
1.010000000000000000e+02
9.600000000000000000e+01
6.100000000000000000e+01
7.500000000000000000e+01
7.100000000000000000e+01
6.900000000000000000e+01
6.700000000000000000e+01
7.400000000000000000e+01
6.500000000000000000e+01
