2.288224335888045524e-01
1.177352270631982223e-01
1.108768480868023709e-01
1.240088079952512412e-01
1.368623778139962388e-01
1.147832218909703578e-01
5.540197262476984075e-02
4.509099629255823583e-02
3.794016213231600487e-02
2.604706849041363639e-02
2.120568591082062360e-01
1.565585238914938837e-01
1.472433948328873976e-01
1.675057087051375904e-01
1.664322240523210539e-01
1.199183548810019845e-01
1.465407084674478499e-01
1.277571531569401952e-01
9.543106201634782293e-02
9.061479476106273911e-02
8.354491656432644353e-02
1.290882618881456778e-01
1.002916318455246425e-01
6.386481512881228562e-02
1.093021081221408342e-01
9.194985739632934030e-02
9.800531948279078698e-02
1.534339098412274283e-01
7.807647780723944719e-02
6.626321861351154585e-02
1.054117325753151924e-01
1.356905710478011340e-01
1.297474405316029755e-01
9.839088097593493010e-02
7.696132300565464157e-02
1.227208756607207213e-01
1.411409567172070001e-01
8.976280568807440408e-02
9.796407652405965394e-02
9.546667229901421858e-02
1.093685770691432135e-01
9.470717318568691589e-02
8.527601586708224990e-02
9.719055500364620626e-02
6.199386944125698240e-02
5.835317726622393786e-02
5.617814416480337858e-02
6.997985024444552948e-02
7.512151721011928185e-02
7.229416341768307719e-02
