1.332961517010596841e-01
1.399861399861399847e-01
1.580459770114942541e-01
1.584615384615384592e-01
1.467044649184975069e-01
1.510791366906474864e-01
1.641586867305061537e-01
1.440677966101694962e-01
1.547297297297297314e-01
1.407506702412868738e-01
1.681355932203389969e-01
1.456250000000000044e-01
1.427609427609427550e-01
1.376518218623481726e-01
1.451414514145141499e-01
1.450131233595800540e-01
1.372795969773299707e-01
1.586998087954110959e-01
1.450878334417696758e-01
1.387992253066494541e-01
1.534559289790742020e-01
1.663417803768680869e-01
1.467084639498432708e-01
1.390605686032138355e-01
1.406888499708114360e-01
1.366013071895424702e-01
1.464843750000000000e-01
1.328273244781783546e-01
1.399097356544165005e-01
1.484168865435356310e-01
1.266968325791855143e-01
1.256410256410256387e-01
1.264445955132562915e-01
1.001308900523560225e-01
9.881914232442511048e-02
1.097402597402597352e-01
1.227951153324287614e-01
1.195372750642673537e-01
1.359846055163566325e-01
1.172962226640159034e-01
1.300479123887748056e-01
1.359619306594153643e-01
1.476418318523581574e-01
1.443569553805774397e-01
1.475409836065573743e-01
1.268221574344023383e-01
1.450432468396540275e-01
1.499659168370824913e-01
1.324876673713883124e-01
1.253333333333333244e-01
1.501416430594900986e-01
1.444444444444444309e-01
1.334824757643549575e-01
1.291228070175438614e-01
9.316770186335403270e-02
8.459016393442622683e-02
9.841706813489332906e-02
9.663865546218487756e-02
1.141678129298486916e-01
1.003436426116838531e-01
1.191672648959081066e-01
1.403508771929824483e-01
1.437587657784011319e-01
1.285814116002795271e-01
1.220498988536749818e-01
1.273356401384083125e-01
1.357435197817189743e-01
1.230440967283072534e-01
1.259676284306826266e-01
8.835904628330995547e-02
1.098066298342541408e-01
1.321138211382113792e-01
1.372273047149894509e-01
1.363311920057102000e-01
1.600000000000000033e-01
1.400696864111498352e-01
1.593172119487908933e-01
1.409028727770177958e-01
1.382904794996525355e-01
1.387163561076604490e-01
1.446043165467625902e-01
1.407142857142857084e-01
1.644691186675919514e-01
1.613987895090786828e-01
1.138907175773535285e-01
1.290092658588738450e-01
1.516034985422740622e-01
1.462912087912087988e-01
1.533101045296167142e-01
1.241134751773049633e-01
1.192334989354151831e-01
1.321961620469083165e-01
6.052076002814919115e-02
1.042390548992355864e-01
1.341546885694729629e-01
1.224489795918367319e-01
1.334661354581673232e-01
1.294117647058823650e-01
1.348233597692862218e-01
1.403389830508474656e-01
