1.339000000000000000e+03
1.180000000000000000e+03
1.064000000000000000e+03
1.135000000000000000e+03
1.184000000000000000e+03
1.223000000000000000e+03
1.318000000000000000e+03
1.262000000000000000e+03
1.306000000000000000e+03
1.214000000000000000e+03
1.298000000000000000e+03
1.463000000000000000e+03
1.311000000000000000e+03
1.337000000000000000e+03
1.410000000000000000e+03
1.405000000000000000e+03
1.415000000000000000e+03
1.270000000000000000e+03
1.318000000000000000e+03
1.418000000000000000e+03
1.425000000000000000e+03
1.394000000000000000e+03
1.352000000000000000e+03
1.321000000000000000e+03
1.341000000000000000e+03
1.398000000000000000e+03
1.339000000000000000e+03
1.558000000000000000e+03
1.418000000000000000e+03
1.338000000000000000e+03
1.340000000000000000e+03
1.418000000000000000e+03
1.397000000000000000e+03
1.301000000000000000e+03
1.316000000000000000e+03
1.296000000000000000e+03
1.448000000000000000e+03
1.335000000000000000e+03
1.396000000000000000e+03
1.387000000000000000e+03
1.347000000000000000e+03
1.385000000000000000e+03
1.382000000000000000e+03
1.423000000000000000e+03
1.316000000000000000e+03
1.322000000000000000e+03
1.344000000000000000e+03
1.313000000000000000e+03
1.363000000000000000e+03
1.372000000000000000e+03
1.327000000000000000e+03
1.351000000000000000e+03
1.337000000000000000e+03
1.354000000000000000e+03
1.300000000000000000e+03
1.222000000000000000e+03
1.253000000000000000e+03
1.303000000000000000e+03
1.330000000000000000e+03
1.264000000000000000e+03
1.252000000000000000e+03
1.280000000000000000e+03
1.273000000000000000e+03
1.273000000000000000e+03
1.208000000000000000e+03
1.241000000000000000e+03
1.386000000000000000e+03
1.290000000000000000e+03
1.173000000000000000e+03
1.260000000000000000e+03
1.252000000000000000e+03
1.321000000000000000e+03
1.250000000000000000e+03
1.294000000000000000e+03
1.205000000000000000e+03
1.194000000000000000e+03
1.316000000000000000e+03
1.235000000000000000e+03
1.247000000000000000e+03
1.202000000000000000e+03
1.275000000000000000e+03
1.281000000000000000e+03
1.263000000000000000e+03
1.246000000000000000e+03
1.225000000000000000e+03
1.245000000000000000e+03
1.278000000000000000e+03
1.127000000000000000e+03
1.305000000000000000e+03
1.293000000000000000e+03
1.281000000000000000e+03
1.331000000000000000e+03
1.219000000000000000e+03
1.276000000000000000e+03
1.282000000000000000e+03
1.283000000000000000e+03
1.278000000000000000e+03
1.202000000000000000e+03
1.223000000000000000e+03
1.173000000000000000e+03
