1.058900000000000041e+01
1.058799999999999919e+01
1.058399999999999963e+01
1.059299999999999997e+01
1.058900000000000041e+01
1.058399999999999963e+01
1.058600000000000030e+01
1.058500000000000085e+01
1.058099999999999952e+01
1.058399999999999963e+01
1.058200000000000074e+01
1.058500000000000085e+01
1.058200000000000074e+01
1.058399999999999963e+01
1.058399999999999963e+01
1.058099999999999952e+01
1.058099999999999952e+01
1.058399999999999963e+01
1.058399999999999963e+01
1.058099999999999952e+01
1.058399999999999963e+01
1.058399999999999963e+01
1.057699999999999996e+01
1.058000000000000007e+01
1.057799999999999940e+01
1.058500000000000085e+01
1.057799999999999940e+01
1.058399999999999963e+01
1.058200000000000074e+01
1.058399999999999963e+01
1.058099999999999952e+01
1.058399999999999963e+01
1.058399999999999963e+01
1.058099999999999952e+01
1.057799999999999940e+01
1.058399999999999963e+01
1.058000000000000007e+01
1.057799999999999940e+01
1.057799999999999940e+01
1.058099999999999952e+01
1.057699999999999996e+01
1.057799999999999940e+01
1.057699999999999996e+01
1.057699999999999996e+01
1.057600000000000051e+01
1.057799999999999940e+01
1.057799999999999940e+01
1.058099999999999952e+01
1.057300000000000040e+01
1.058000000000000007e+01
1.057300000000000040e+01
1.056099999999999994e+01
1.056600000000000072e+01
1.056700000000000017e+01
1.056700000000000017e+01
1.056799999999999962e+01
1.056499999999999950e+01
1.057000000000000028e+01
1.056700000000000017e+01
1.057000000000000028e+01
1.056499999999999950e+01
1.056600000000000072e+01
1.056499999999999950e+01
1.056700000000000017e+01
1.057099999999999973e+01
1.057099999999999973e+01
1.056600000000000072e+01
1.057099999999999973e+01
1.056799999999999962e+01
1.056799999999999962e+01
1.057199999999999918e+01
1.057000000000000028e+01
1.056700000000000017e+01
1.057000000000000028e+01
1.056499999999999950e+01
1.056600000000000072e+01
1.056799999999999962e+01
1.056799999999999962e+01
1.057000000000000028e+01
1.056600000000000072e+01
1.057000000000000028e+01
1.056700000000000017e+01
1.056700000000000017e+01
1.056799999999999962e+01
1.056499999999999950e+01
1.056799999999999962e+01
1.056199999999999939e+01
1.056600000000000072e+01
1.057099999999999973e+01
1.056499999999999950e+01
1.057000000000000028e+01
1.056799999999999962e+01
1.056499999999999950e+01
1.056199999999999939e+01
1.056600000000000072e+01
1.056499999999999950e+01
1.056499999999999950e+01
1.056700000000000017e+01
1.056700000000000017e+01
1.056700000000000017e+01
