1.036392405063291111e-01
1.080305927342256195e-01
1.001773049645390129e-01
1.040145985401459833e-01
9.668989547038327192e-02
8.861859252823631183e-02
8.620689655172414367e-02
8.985765124555160355e-02
8.340283569641367134e-02
8.955223880597014408e-02
1.026490066225165532e-01
9.090909090909091161e-02
8.654670094258783142e-02
9.474590869939707172e-02
8.464730290456431994e-02
9.137489325362938009e-02
8.283518360375746736e-02
7.223672758920800241e-02
4.895666131621187467e-02
6.153846153846154188e-02
5.311203319502074555e-02
7.417336907953529790e-02
7.577092511013215625e-02
9.555741827326068305e-02
8.909242298084929512e-02
8.580593424218123377e-02
8.748906386701661708e-02
8.369283865401208611e-02
8.776371308016878148e-02
9.224137931034483151e-02
1.083617747440273060e-01
9.636517328825021378e-02
9.897879025923016216e-02
8.623548922056384347e-02
1.078355314197051995e-01
1.053921568627450983e-01
9.375000000000000000e-02
8.353609083536091273e-02
7.882165605095541039e-02
1.036789297658862880e-01
1.006944444444444475e-01
1.034768211920529812e-01
1.041503523884103333e-01
8.945147679324894074e-02
9.105180533751962291e-02
7.349298100743187345e-02
