7.826547861099243164e+00
7.719533443450927734e+00
7.756682395935058594e+00
7.725822925567626953e+00
7.742491960525512695e+00
7.728623628616333008e+00
7.727432489395141602e+00
7.682468414306640625e+00
7.725972652435302734e+00
7.758308410644531250e+00
7.740468025207519531e+00
7.758738756179809570e+00
7.771661996841430664e+00
7.774704694747924805e+00
7.777931213378906250e+00
7.752655982971191406e+00
7.740915775299072266e+00
7.767521381378173828e+00
7.777144670486450195e+00
7.755191087722778320e+00
7.672456502914428711e+00
7.725157499313354492e+00
7.737662315368652344e+00
7.719488382339477539e+00
7.680632352828979492e+00
7.692740440368652344e+00
7.854695320129394531e+00
7.737840414047241211e+00
7.727249383926391602e+00
7.729106664657592773e+00
7.786961317062377930e+00
7.766544103622436523e+00
7.740885734558105469e+00
7.674789190292358398e+00
7.690255880355834961e+00
7.668156862258911133e+00
7.809669017791748047e+00
7.853184938430786133e+00
7.775587558746337891e+00
7.903573751449584961e+00
7.773225069046020508e+00
7.640875339508056641e+00
7.792720079421997070e+00
7.705164194107055664e+00
7.698266983032226562e+00
7.713002204895019531e+00
7.727116346359252930e+00
7.712883949279785156e+00
7.680909395217895508e+00
7.738740444183349609e+00
7.721171617507934570e+00
