2.040000000000000000e+02
2.300000000000000000e+02
2.040000000000000000e+02
1.740000000000000000e+02
6.200000000000000000e+01
1.460000000000000000e+02
4.400000000000000000e+01
7.800000000000000000e+01
1.820000000000000000e+02
1.700000000000000000e+02
2.620000000000000000e+02
2.140000000000000000e+02
2.410000000000000000e+02
8.200000000000000000e+01
2.440000000000000000e+02
0.000000000000000000e+00
1.000000000000000000e+00
2.360000000000000000e+02
1.840000000000000000e+02
0.000000000000000000e+00
1.170000000000000000e+02
1.260000000000000000e+02
2.660000000000000000e+02
2.530000000000000000e+02
1.220000000000000000e+02
2.790000000000000000e+02
1.620000000000000000e+02
2.180000000000000000e+02
2.590000000000000000e+02
2.510000000000000000e+02
2.380000000000000000e+02
2.390000000000000000e+02
2.930000000000000000e+02
2.790000000000000000e+02
2.720000000000000000e+02
2.380000000000000000e+02
2.390000000000000000e+02
2.250000000000000000e+02
2.850000000000000000e+02
3.000000000000000000e+02
4.600000000000000000e+01
1.730000000000000000e+02
5.000000000000000000e+00
1.040000000000000000e+02
9.100000000000000000e+01
1.300000000000000000e+01
1.920000000000000000e+02
5.600000000000000000e+01
2.150000000000000000e+02
1.000000000000000000e+00
1.260000000000000000e+02
5.100000000000000000e+01
2.130000000000000000e+02
1.820000000000000000e+02
1.840000000000000000e+02
2.700000000000000000e+01
3.020000000000000000e+02
1.850000000000000000e+02
2.680000000000000000e+02
1.530000000000000000e+02
