1.765199184417724609e+00
1.765194416046142578e+00
1.835004329681396484e+00
1.754882097244262695e+00
1.806528091430664062e+00
1.851216793060302734e+00
1.762712717056274414e+00
1.696285486221313477e+00
1.873430728912353516e+00
1.813829898834228516e+00
1.986481904983520508e+00
1.808355569839477539e+00
1.787867784500122070e+00
1.763283729553222656e+00
1.761378288269042969e+00
1.807403802871704102e+00
1.812360525131225586e+00
1.788676738739013672e+00
1.744415998458862305e+00
1.786626100540161133e+00
1.780380964279174805e+00
1.799045324325561523e+00
1.753559112548828125e+00
1.795199394226074219e+00
1.830132246017456055e+00
1.758857250213623047e+00
1.776651144027709961e+00
1.867320775985717773e+00
1.820523262023925781e+00
1.755408048629760742e+00
1.755392074584960938e+00
1.734503746032714844e+00
1.796586990356445312e+00
1.986283302307128906e+00
1.915146827697753906e+00
1.790081262588500977e+00
1.750146865844726562e+00
1.762298583984375000e+00
2.038702011108398438e+00
1.795128345489501953e+00
1.839804410934448242e+00
1.766300678253173828e+00
1.814697027206420898e+00
1.936353445053100586e+00
1.761086702346801758e+00
1.753717660903930664e+00
1.890070199966430664e+00
1.812669992446899414e+00
1.883206367492675781e+00
1.838840723037719727e+00
1.796172380447387695e+00
1.832192897796630859e+00
1.697176456451416016e+00
1.803374528884887695e+00
1.784813165664672852e+00
1.830495119094848633e+00
1.780613183975219727e+00
1.882994651794433594e+00
1.817937850952148438e+00
1.762317657470703125e+00
1.787074804306030273e+00
1.800124645233154297e+00
1.933689832687377930e+00
1.756718158721923828e+00
1.761663198471069336e+00
1.819892644882202148e+00
1.834477424621582031e+00
1.971328735351562500e+00
1.709042072296142578e+00
1.812569856643676758e+00
1.835486173629760742e+00
1.806833744049072266e+00
2.012532472610473633e+00
1.794563531875610352e+00
1.765549182891845703e+00
1.795343875885009766e+00
1.786213397979736328e+00
2.087059736251831055e+00
1.834610939025878906e+00
1.753254175186157227e+00
1.747019052505493164e+00
1.752499341964721680e+00
1.974304914474487305e+00
1.853102684020996094e+00
1.794225454330444336e+00
1.808490037918090820e+00
1.759500503540039062e+00
1.968768119812011719e+00
1.793270826339721680e+00
1.807503223419189453e+00
1.698035240173339844e+00
1.806854248046875000e+00
1.887803554534912109e+00
1.854034423828125000e+00
1.827963590621948242e+00
1.749019145965576172e+00
1.823033094406127930e+00
1.826450824737548828e+00
1.849414587020874023e+00
1.745593786239624023e+00
