-2.864744111797796200e-01,4.140244195738184557e-02,-9.846027699448202386e-02
-1.058988621277330011e-01,9.640227776409014682e-02,8.584850545417074819e-02
-7.574556971089249635e-02,1.492727006854544791e-01,6.797052560275204658e-02
-1.322214387399952840e-01,6.978186639243461054e-02,5.269388417027934257e-02
-2.180028941779996732e-01,1.250724654458857110e-01,1.830835248155684991e-02
-2.568323036285826699e-01,1.187070800267683718e-01,-7.687110411108515062e-02
-1.963716082071773616e-01,2.237931142542504137e-02,-2.151833485580179062e-03
-1.433948305853371963e-02,7.552867082985041669e-02,-4.668515674630895756e-02
-3.916559546752684806e-02,9.342874114344290257e-03,3.412958075415248316e-02
-1.677262345623375117e-01,4.685220189831430793e-02,-2.097000027983644821e-02
-1.316176329715737503e-01,4.007443025299379374e-02,2.313559770246484404e-02
-1.209520680860314279e-01,3.473038078907625392e-02,-2.476691798321337123e-02
-1.809776748101834531e-01,4.811152431354714237e-02,2.505725605156114422e-02
-1.375787391627456002e-01,3.878545583254156687e-02,9.745606958960803534e-02
-7.871474144367682224e-02,4.913800385044799629e-02,9.660500193393470325e-02
-2.307999322809951015e-01,4.007969056463054833e-04,9.195797263869073812e-02
-1.501389953144973421e-01,5.464947926286777002e-02,8.513238281656362871e-02
-2.974017653289377505e-01,7.355947061854141433e-02,9.820409981528865906e-02
-2.591058109024302336e-02,1.379965489020349434e-01,-9.687044875500305796e-02
-1.457142321295618048e-01,3.852664054704522945e-02,6.863216905602650963e-02
-1.338120821167279317e-01,6.301237028975048560e-02,9.916196613087965850e-02
-2.932337047700239729e-02,7.706936843110106204e-03,-9.759983783318829098e-02
-1.423141607635409756e-01,5.770472918230557663e-02,1.007050086493596619e-02
-1.033319459855069899e-02,7.427693295718652833e-02,2.744579639291885864e-02
-3.589348324666380430e-02,7.736576005075741259e-03,9.887785539757218412e-02
-1.142766742377980538e-01,5.297047283869919104e-02,9.471918125830489088e-02
-2.997880224994218246e-01,1.915600112181921680e-02,8.381339471241242012e-03
-1.112101218173170980e-01,5.732375624691872507e-02,9.974496727833223608e-02
-1.562682909901523531e-01,7.644835601654741131e-02,9.805404202149575754e-02
-6.071975511036048490e-02,4.296574154253753747e-02,6.306595374204582161e-02
-9.563239180246374538e-04,6.226678092869817466e-02,9.947936350923200499e-02
-1.536112825207806842e-01,5.374294920574367029e-02,9.795024699152560244e-02
-1.194067520281448247e-01,6.302713178966991292e-02,8.329585701239278217e-02
-1.146449559379982552e-01,3.067147745464991054e-02,8.920816094932973450e-02
-2.262058844219813625e-01,5.910024067129553138e-02,-1.101002896040270684e-02
-1.581777790234577263e-01,3.359633151505902332e-02,8.632128759328089318e-03
-1.314113972880319170e-01,6.507198441617755014e-02,8.489207449946517547e-02
-1.304195497463027653e-01,6.669830502936029137e-02,-6.422601214692771898e-02
-1.637057044804832995e-01,3.034793007058771575e-03,-5.178172057587125676e-02
-1.553583019545209110e-01,2.608962089533240977e-02,-8.002803369908881304e-02
-2.950959305854007897e-01,1.404999437301081844e-01,9.357064591198013814e-02
-1.544838058138824355e-01,8.081779685337103780e-02,-2.161047063831980641e-02
-1.237647395052303700e-01,1.482777538188418121e-01,-3.648420119342443702e-02
-2.571545186383046300e-01,2.276032101396976200e-03,-3.391861896830172807e-02
-1.115573917522811598e-01,2.062946762835145276e-04,-4.584682768681208609e-03
-1.197388870678695871e-01,9.278298505375194571e-02,-9.864038877095335223e-02
-5.202084541082230285e-03,1.402520047590387620e-01,-7.387203284537374737e-03
-2.330738786020699893e-01,8.983934833001342227e-03,3.772628795157451087e-02
-6.297977783146502251e-03,8.771251151654746794e-03,-2.610484519656593172e-02
-1.379096581996067106e-01,7.618708703930730797e-02,7.766376963755286522e-02
-1.947557867059169778e-01,6.819639445276921841e-02,-5.696263598010660456e-02
-2.194016919176636216e-01,1.203077069015335372e-04,-8.364396834684516280e-02
-1.109800567527374493e-01,2.539133700701115028e-03,-6.023514651757030935e-02
-1.549650162361615180e-01,2.929722803005554901e-03,9.413110990569537040e-02
-2.954218664439720032e-01,7.420306784467839423e-02,1.414311793837201570e-02
-8.983474018073214773e-02,7.586331161846632254e-02,-1.209817505404149618e-02
-2.960591889683608646e-01,8.594782398988143335e-03,8.226214975963960785e-02
-8.046215140835841217e-02,4.220906678642142446e-02,-9.735928813726281439e-02
-7.774525703005152888e-02,4.027724239296830849e-02,1.009745334282037554e-02
-1.714130334901620978e-01,1.396851179833848988e-01,9.101317251032570166e-02
