1.715592832634387985e-02
9.677419354838710103e-03
1.450353291186314529e-02
1.646811492641906197e-02
2.086956521739130599e-02
1.829697396199859299e-02
1.531884574278589289e-02
1.651440618411805991e-02
1.356993736951983380e-02
1.239518775063798775e-02
2.348993288590604106e-02
2.172256097560975457e-02
2.118959107806691472e-02
2.179732313575525812e-02
2.063789868667917360e-02
3.198781416603199007e-02
4.482894219425875154e-02
3.505317053958251217e-02
2.703746620316724650e-02
2.744021952175617479e-02
2.096518987341772222e-02
2.807017543859649175e-02
1.614720240330454540e-02
1.674454828660435976e-02
1.367781155015197585e-02
1.259650548557497002e-02
1.167152980408503460e-02
1.150337167790559285e-02
1.459854014598540098e-02
8.460918614020951703e-03
1.211867948182198014e-02
1.135885570046276868e-02
9.341998375304630051e-03
1.103565365025466899e-02
1.212121212121212120e-02
1.009251471825063119e-02
1.177904142973192590e-02
9.038619556285949069e-03
1.226215644820296061e-02
1.465517241379310324e-02
1.395767672219720874e-02
9.232060428031893182e-03
1.008329679964927589e-02
1.438848920863309427e-02
1.123595505617977497e-02
1.000870322019147170e-02
