1.050099999999999945e+01
1.050099999999999945e+01
1.050300000000000011e+01
1.049699999999999989e+01
1.049600000000000044e+01
1.049000000000000021e+01
1.049000000000000021e+01
1.048900000000000077e+01
1.048900000000000077e+01
1.048600000000000065e+01
1.048799999999999955e+01
1.048399999999999999e+01
1.048399999999999999e+01
1.048600000000000065e+01
1.049000000000000021e+01
1.048900000000000077e+01
1.049200000000000088e+01
1.048900000000000077e+01
1.048900000000000077e+01
1.048799999999999955e+01
1.048399999999999999e+01
1.047899999999999920e+01
1.048399999999999999e+01
1.048000000000000043e+01
1.048099999999999987e+01
1.048000000000000043e+01
1.048600000000000065e+01
1.048600000000000065e+01
1.048600000000000065e+01
1.047700000000000031e+01
1.047700000000000031e+01
1.048300000000000054e+01
1.048300000000000054e+01
1.048399999999999999e+01
1.048099999999999987e+01
1.048499999999999943e+01
1.048399999999999999e+01
1.048900000000000077e+01
1.049600000000000044e+01
1.049499999999999922e+01
1.049499999999999922e+01
1.049200000000000088e+01
1.049499999999999922e+01
1.049200000000000088e+01
1.048900000000000077e+01
1.049499999999999922e+01
1.049499999999999922e+01
1.049200000000000088e+01
1.048900000000000077e+01
1.049200000000000088e+01
1.048900000000000077e+01
1.049300000000000033e+01
1.048399999999999999e+01
1.049200000000000088e+01
1.048900000000000077e+01
1.048900000000000077e+01
