1.162000000000000000e+03
9.700000000000000000e+02
9.650000000000000000e+02
9.800000000000000000e+02
1.072000000000000000e+03
1.034000000000000000e+03
1.052000000000000000e+03
1.014000000000000000e+03
1.029000000000000000e+03
1.031000000000000000e+03
9.960000000000000000e+02
1.021000000000000000e+03
1.048000000000000000e+03
1.042000000000000000e+03
9.740000000000000000e+02
1.107000000000000000e+03
1.076000000000000000e+03
1.095000000000000000e+03
1.071000000000000000e+03
1.073000000000000000e+03
1.066000000000000000e+03
1.022000000000000000e+03
1.095000000000000000e+03
1.080000000000000000e+03
1.102000000000000000e+03
1.087000000000000000e+03
1.102000000000000000e+03
1.102000000000000000e+03
1.138000000000000000e+03
1.033000000000000000e+03
1.062000000000000000e+03
1.130000000000000000e+03
1.107000000000000000e+03
1.042000000000000000e+03
1.126000000000000000e+03
1.144000000000000000e+03
1.075000000000000000e+03
1.047000000000000000e+03
1.075000000000000000e+03
1.124000000000000000e+03
1.063000000000000000e+03
1.136000000000000000e+03
1.035000000000000000e+03
1.046000000000000000e+03
9.890000000000000000e+02
1.066000000000000000e+03
1.070000000000000000e+03
1.068000000000000000e+03
1.014000000000000000e+03
1.140000000000000000e+03
1.070000000000000000e+03
1.103000000000000000e+03
1.121000000000000000e+03
1.078000000000000000e+03
1.110000000000000000e+03
1.141000000000000000e+03
1.053000000000000000e+03
1.071000000000000000e+03
1.160000000000000000e+03
1.115000000000000000e+03
1.157000000000000000e+03
1.154000000000000000e+03
1.140000000000000000e+03
1.040000000000000000e+03
1.175000000000000000e+03
1.122000000000000000e+03
1.219000000000000000e+03
1.198000000000000000e+03
1.100000000000000000e+03
1.227000000000000000e+03
1.238000000000000000e+03
1.112000000000000000e+03
1.141000000000000000e+03
1.205000000000000000e+03
1.216000000000000000e+03
1.124000000000000000e+03
1.131000000000000000e+03
1.142000000000000000e+03
1.139000000000000000e+03
1.283000000000000000e+03
1.197000000000000000e+03
1.133000000000000000e+03
1.190000000000000000e+03
1.112000000000000000e+03
1.196000000000000000e+03
1.216000000000000000e+03
1.148000000000000000e+03
1.140000000000000000e+03
1.197000000000000000e+03
1.150000000000000000e+03
1.091000000000000000e+03
1.075000000000000000e+03
1.150000000000000000e+03
1.149000000000000000e+03
1.132000000000000000e+03
1.111000000000000000e+03
1.152000000000000000e+03
1.109000000000000000e+03
1.130000000000000000e+03
1.096000000000000000e+03
