1.060599999999999987e+01
1.060200000000000031e+01
1.060699999999999932e+01
1.060699999999999932e+01
1.060200000000000031e+01
1.059900000000000020e+01
1.059699999999999953e+01
1.060599999999999987e+01
1.059800000000000075e+01
1.059699999999999953e+01
1.059200000000000053e+01
1.059699999999999953e+01
1.059399999999999942e+01
1.059399999999999942e+01
1.059399999999999942e+01
1.059399999999999942e+01
1.059500000000000064e+01
1.059800000000000075e+01
1.058999999999999986e+01
1.059399999999999942e+01
1.059800000000000075e+01
1.059299999999999997e+01
1.059299999999999997e+01
1.058999999999999986e+01
1.058999999999999986e+01
1.059200000000000053e+01
1.058799999999999919e+01
1.058900000000000041e+01
1.059200000000000053e+01
1.059299999999999997e+01
1.058999999999999986e+01
1.058999999999999986e+01
1.058999999999999986e+01
1.058999999999999986e+01
1.058999999999999986e+01
1.058999999999999986e+01
1.058999999999999986e+01
1.058900000000000041e+01
1.058999999999999986e+01
1.058600000000000030e+01
1.058600000000000030e+01
1.058999999999999986e+01
1.058600000000000030e+01
1.058799999999999919e+01
1.058799999999999919e+01
1.058799999999999919e+01
1.058399999999999963e+01
1.058799999999999919e+01
1.058999999999999986e+01
1.058099999999999952e+01
1.058500000000000085e+01
1.058399999999999963e+01
1.058500000000000085e+01
1.058000000000000007e+01
1.058600000000000030e+01
1.058999999999999986e+01
1.058600000000000030e+01
1.058799999999999919e+01
1.058600000000000030e+01
1.058799999999999919e+01
1.058600000000000030e+01
1.058500000000000085e+01
1.058799999999999919e+01
1.058799999999999919e+01
1.058399999999999963e+01
1.057900000000000063e+01
1.058799999999999919e+01
1.058399999999999963e+01
1.058200000000000074e+01
1.057900000000000063e+01
1.057900000000000063e+01
1.058200000000000074e+01
1.058500000000000085e+01
1.058099999999999952e+01
1.058099999999999952e+01
1.057699999999999996e+01
1.057900000000000063e+01
1.057900000000000063e+01
1.058500000000000085e+01
1.058399999999999963e+01
1.058000000000000007e+01
1.057699999999999996e+01
1.058200000000000074e+01
1.057900000000000063e+01
1.058200000000000074e+01
1.057699999999999996e+01
1.057900000000000063e+01
1.057900000000000063e+01
1.058099999999999952e+01
1.058000000000000007e+01
1.058099999999999952e+01
1.057600000000000051e+01
1.057600000000000051e+01
1.057900000000000063e+01
1.057499999999999929e+01
1.057900000000000063e+01
1.057900000000000063e+01
1.057499999999999929e+01
1.057600000000000051e+01
1.057499999999999929e+01
