6.031000000000000000e+03
5.490000000000000000e+03
5.748000000000000000e+03
5.824000000000000000e+03
5.815000000000000000e+03
5.803000000000000000e+03
6.249000000000000000e+03
6.165000000000000000e+03
6.264000000000000000e+03
6.140000000000000000e+03
6.148000000000000000e+03
6.069000000000000000e+03
6.070000000000000000e+03
5.998000000000000000e+03
6.011000000000000000e+03
5.902000000000000000e+03
5.935000000000000000e+03
6.223000000000000000e+03
6.296000000000000000e+03
6.216000000000000000e+03
6.430000000000000000e+03
6.636000000000000000e+03
6.499000000000000000e+03
6.419000000000000000e+03
6.482000000000000000e+03
6.403000000000000000e+03
6.476000000000000000e+03
6.642000000000000000e+03
6.673000000000000000e+03
6.857000000000000000e+03
6.779000000000000000e+03
6.677000000000000000e+03
6.614000000000000000e+03
6.636000000000000000e+03
6.812000000000000000e+03
6.459000000000000000e+03
6.659000000000000000e+03
6.409000000000000000e+03
6.379000000000000000e+03
6.239000000000000000e+03
6.239000000000000000e+03
6.375000000000000000e+03
6.315000000000000000e+03
6.267000000000000000e+03
6.404000000000000000e+03
6.270000000000000000e+03
5.990000000000000000e+03
5.698000000000000000e+03
6.101000000000000000e+03
6.368000000000000000e+03
6.204000000000000000e+03
