8.624602814344076857e-03
6.688963210702340801e-04
1.003512293025589494e-03
7.132667617689015908e-04
6.321112515802780954e-03
1.009534492428491338e-02
3.944773175542406508e-03
1.780415430267062249e-03
7.434944237918215265e-03
9.847365829640571805e-04
1.003134796238244579e-02
4.761904761904761901e-04
1.086366105377512123e-03
5.569620253164556979e-03
1.269265639165911147e-02
5.417118093174430908e-04
1.893939393939393992e-03
8.152173913043478035e-03
1.327433628318584052e-02
5.855562784645412799e-03
9.905894006934125307e-04
4.705882352941176058e-03
6.871278057718735802e-03
2.401536983669548715e-03
5.555555555555555768e-03
3.616636528028932974e-03
5.380476556495004080e-03
9.161704076958314185e-04
1.287553648068669523e-02
9.437672040896578907e-03
1.303258145363408484e-02
8.145663632007665855e-03
1.173594132029339918e-02
5.141388174807197571e-04
7.674943566591422260e-03
3.220611916264090168e-03
1.707941929974380853e-03
7.267441860465116178e-03
1.342281879194630843e-02
1.475595913734392695e-02
0.000000000000000000e+00
0.000000000000000000e+00
0.000000000000000000e+00
0.000000000000000000e+00
0.000000000000000000e+00
0.000000000000000000e+00
0.000000000000000000e+00
0.000000000000000000e+00
0.000000000000000000e+00
0.000000000000000000e+00
0.000000000000000000e+00
0.000000000000000000e+00
0.000000000000000000e+00
0.000000000000000000e+00
0.000000000000000000e+00
0.000000000000000000e+00
0.000000000000000000e+00
0.000000000000000000e+00
0.000000000000000000e+00
0.000000000000000000e+00
