1.538461538461538460e-03
3.619909502262443589e-03
3.574620196604110737e-03
9.276437847866419442e-04
3.642987249544626591e-03
1.713796058269066074e-03
1.838235294117647033e-03
9.469696969696969960e-04
4.516711833785004224e-03
4.557885141294439058e-03
2.727272727272727487e-03
2.795899347623485680e-03
1.809954751131221794e-03
2.722323049001814776e-03
2.857142857142857140e-03
2.705139765554553846e-03
3.565062388591800149e-03
0.000000000000000000e+00
9.302325581395349359e-04
3.724394785847299789e-03
2.801120448179271732e-03
4.882812500000000000e-03
3.683241252302025918e-03
3.652968036529680249e-03
4.496402877697841527e-03
9.259259259259259613e-04
9.354536950420954278e-04
4.921259842519684971e-03
5.612722170252572133e-03
8.333333333333333218e-03
7.448789571694599577e-03
8.857395925597874933e-03
1.427297056199821647e-02
2.061855670103092744e-02
2.594995366079703297e-02
2.372262773722627616e-02
1.326259946949602184e-02
1.637852593266606038e-02
1.550387596899224785e-02
5.390835579514825088e-03
4.668534080298786075e-03
8.152173913043478035e-03
5.267778753292361518e-03
6.831767719897523412e-03
5.535055350553505157e-03
3.868471953578336581e-03
5.181347150259067551e-03
0.000000000000000000e+00
3.478260869565217520e-03
3.555555555555555726e-03
3.475238922675933772e-03
2.633889376646180759e-03
5.602240896358543464e-03
4.752851711026615834e-03
3.827751196172248915e-03
6.517690875232774739e-03
1.891891891891891997e-02
8.050089445438283337e-03
1.440677966101694928e-02
2.314814814814814686e-02
2.385159010600706661e-02
2.294792586054722125e-02
2.885482416591523755e-02
2.165725047080979335e-02
2.109300095877277015e-02
2.289377289377289224e-02
2.740937223695844374e-02
3.086419753086419582e-02
3.207547169811320736e-02
3.742384682332462742e-02
2.599814298978644217e-02
2.244165170556552957e-02
1.880341880341880254e-02
8.665511265164644455e-03
6.743737957610789792e-03
4.752851711026615834e-03
7.023705004389815647e-03
4.291845493562231745e-03
4.472271914132379053e-03
6.340579710144927938e-03
6.487488415199258243e-03
4.599816007359705354e-03
2.705139765554553846e-03
5.263157894736841987e-03
1.888574126534466567e-03
4.480286738351254260e-03
3.717472118959107633e-03
5.338078291814946780e-03
2.782931354359925724e-03
9.354536950420954278e-04
3.795066413662239162e-03
4.570383912248628978e-03
7.964601769911504314e-03
1.748251748251748250e-03
6.717044500419815101e-03
7.259528130671506069e-03
9.691629955947135902e-03
1.051709027169149893e-02
3.664921465968586090e-02
4.029304029304029561e-02
