1.304126337238920019e-01
4.193037974683544444e-02
1.064139941690962071e-01
1.223449447748513191e-01
4.126750184229918683e-02
1.517561298873426057e-01
1.398277004638833754e-01
5.555555555555555247e-02
8.513189448441246809e-02
9.994385176866928122e-02
1.359109548916227206e-01
1.249370277078085678e-01
1.433400946585530744e-01
1.248699271592091514e-01
1.416074357572443820e-01
1.146934460887949203e-01
1.610890527509926395e-01
1.624927198602213185e-01
2.007952286282306265e-01
1.923355025307302846e-01
1.648216482164821528e-01
1.379117811278615380e-01
8.509389671361503038e-02
1.650000000000000078e-01
1.028626880155264489e-01
1.684689812179852031e-01
1.886792452830188607e-02
3.169856459330143428e-02
1.042983565107458849e-01
1.427525622254758320e-01
2.866242038216560567e-02
6.009941256213285204e-02
1.793103448275862044e-01
1.871310507674144030e-01
0.000000000000000000e+00
0.000000000000000000e+00
0.000000000000000000e+00
0.000000000000000000e+00
0.000000000000000000e+00
0.000000000000000000e+00
0.000000000000000000e+00
0.000000000000000000e+00
0.000000000000000000e+00
0.000000000000000000e+00
0.000000000000000000e+00
0.000000000000000000e+00
0.000000000000000000e+00
0.000000000000000000e+00
0.000000000000000000e+00
0.000000000000000000e+00
0.000000000000000000e+00
0.000000000000000000e+00
0.000000000000000000e+00
0.000000000000000000e+00
0.000000000000000000e+00
0.000000000000000000e+00
0.000000000000000000e+00
0.000000000000000000e+00
0.000000000000000000e+00
0.000000000000000000e+00
