1.072100000000000009e+01
1.072000000000000064e+01
1.072400000000000020e+01
1.071700000000000053e+01
1.072000000000000064e+01
1.072000000000000064e+01
1.072000000000000064e+01
1.071799999999999997e+01
1.072100000000000009e+01
1.071599999999999930e+01
1.071499999999999986e+01
1.071799999999999997e+01
1.071100000000000030e+01
1.071299999999999919e+01
1.071599999999999930e+01
1.071100000000000030e+01
1.071700000000000053e+01
1.071599999999999930e+01
1.070800000000000018e+01
1.071100000000000030e+01
1.070700000000000074e+01
1.069999999999999929e+01
1.069699999999999918e+01
1.069500000000000028e+01
1.070299999999999940e+01
1.069500000000000028e+01
1.069899999999999984e+01
1.069699999999999918e+01
1.069899999999999984e+01
1.069899999999999984e+01
1.069500000000000028e+01
1.069500000000000028e+01
1.069699999999999918e+01
1.068900000000000006e+01
1.069500000000000028e+01
1.069699999999999918e+01
1.069299999999999962e+01
1.069899999999999984e+01
1.069299999999999962e+01
1.069500000000000028e+01
1.069299999999999962e+01
1.069200000000000017e+01
1.069299999999999962e+01
1.068800000000000061e+01
1.068900000000000006e+01
0.000000000000000000e+00
0.000000000000000000e+00
0.000000000000000000e+00
0.000000000000000000e+00
0.000000000000000000e+00
0.000000000000000000e+00
0.000000000000000000e+00
0.000000000000000000e+00
0.000000000000000000e+00
0.000000000000000000e+00
0.000000000000000000e+00
0.000000000000000000e+00
0.000000000000000000e+00
0.000000000000000000e+00
0.000000000000000000e+00
