1.092837282833922369e-01
1.441170643546664243e-01
1.975237210393522569e-01
1.331531457527360407e-01
1.373553255863787237e-01
1.416673979597968813e-01
1.497154532479282874e-01
8.831350886379456255e-02
8.744565858958892879e-02
7.354722108096402311e-02
5.490143606772958373e-02
4.421947668951226040e-02
4.674350482959370445e-02
4.067546117663640992e-02
6.166883586743680812e-02
5.548755962192095798e-02
3.659080592575836288e-02
3.094198708870250780e-02
3.381916562315741281e-02
2.039605786260917375e-02
1.689149279241586310e-02
4.379114046680003536e-03
4.163434462756855983e-03
2.616667045821415710e-03
0.000000000000000000e+00
0.000000000000000000e+00
0.000000000000000000e+00
0.000000000000000000e+00
0.000000000000000000e+00
0.000000000000000000e+00
0.000000000000000000e+00
0.000000000000000000e+00
0.000000000000000000e+00
0.000000000000000000e+00
0.000000000000000000e+00
0.000000000000000000e+00
0.000000000000000000e+00
0.000000000000000000e+00
0.000000000000000000e+00
0.000000000000000000e+00
0.000000000000000000e+00
0.000000000000000000e+00
0.000000000000000000e+00
0.000000000000000000e+00
0.000000000000000000e+00
0.000000000000000000e+00
0.000000000000000000e+00
0.000000000000000000e+00
0.000000000000000000e+00
0.000000000000000000e+00
