2.430000000000000000e+02
2.080000000000000000e+02
2.460000000000000000e+02
2.630000000000000000e+02
2.650000000000000000e+02
2.560000000000000000e+02
2.380000000000000000e+02
2.520000000000000000e+02
2.730000000000000000e+02
2.290000000000000000e+02
2.300000000000000000e+02
2.400000000000000000e+02
2.170000000000000000e+02
2.040000000000000000e+02
1.890000000000000000e+02
1.810000000000000000e+02
2.000000000000000000e+02
1.870000000000000000e+02
2.030000000000000000e+02
1.980000000000000000e+02
1.930000000000000000e+02
2.020000000000000000e+02
2.080000000000000000e+02
2.540000000000000000e+02
2.240000000000000000e+02
2.430000000000000000e+02
2.410000000000000000e+02
2.540000000000000000e+02
2.660000000000000000e+02
2.220000000000000000e+02
2.380000000000000000e+02
2.180000000000000000e+02
2.330000000000000000e+02
2.400000000000000000e+02
2.270000000000000000e+02
2.700000000000000000e+02
2.270000000000000000e+02
2.460000000000000000e+02
2.300000000000000000e+02
2.100000000000000000e+02
2.720000000000000000e+02
2.350000000000000000e+02
2.390000000000000000e+02
2.240000000000000000e+02
2.060000000000000000e+02
2.240000000000000000e+02
