9.708737864077669061e-03
9.322033898305085234e-03
1.503759398496240518e-02
1.145374449339207033e-02
1.182432432432432498e-02
8.994276369582993383e-03
6.069802731411229335e-03
1.030110935023771830e-02
1.454823889739663076e-02
1.894563426688632493e-02
1.309707241910631689e-02
8.885850991114149777e-03
1.144164759725400417e-02
1.047120418848167603e-02
9.219858156028368223e-03
1.209964412811387856e-02
1.413427561837455812e-02
1.102362204724409434e-02
1.138088012139605414e-02
9.167842031029618810e-03
1.263157894736842077e-02
9.325681492109038143e-03
1.331360946745562164e-02
1.514004542013626040e-02
1.938851603281133498e-02
1.144492131616595132e-02
1.194921583271097917e-02
9.627727856225931288e-03
1.692524682651622148e-02
2.316890881913303418e-02
2.462686567164179205e-02
2.961918194640338411e-02
3.435934144595562123e-02
6.379707916986933347e-02
4.787234042553191460e-02
4.629629629629629373e-02
3.660220994475137796e-02
2.696629213483146131e-02
2.650429799426934005e-02
1.586157173756308492e-02
1.633259094283593185e-02
2.238267148014440322e-02
2.821997105643994294e-02
2.389318341531974574e-02
3.343465045592704937e-02
3.101361573373676364e-02
3.571428571428571230e-02
3.046458492003046442e-02
2.787967718268525436e-02
2.186588921282798734e-02
2.486812358703843415e-02
3.330866025166543537e-02
3.515332834704562592e-02
4.135893648449039811e-02
6.384615384615384415e-02
5.073649754500818287e-02
5.506783719074222205e-02
5.986185725249424522e-02
3.684210526315789130e-02
3.243670886075949306e-02
2.156549520766773073e-02
2.265624999999999931e-02
2.199528672427336976e-02
1.885310290652003271e-02
1.572847682119205351e-02
2.820306204673650452e-02
2.886002886002886000e-02
3.953488372093023201e-02
4.347826086956521618e-02
3.095238095238095344e-02
3.115015974440894439e-02
1.968205904617714025e-02
1.200000000000000025e-02
1.468315301391035464e-02
1.825726141078838280e-02
1.423785594639865974e-02
8.358662613981762343e-03
1.619433198380566818e-02
1.122694466720128292e-02
1.081530782029950163e-02
1.019607843137254957e-02
1.170960187353630062e-02
1.266825019794140875e-02
1.043338683788122036e-02
1.224489795918367284e-02
1.606425702811244832e-02
1.408450704225352144e-02
1.685891748003549157e-02
1.762452107279693578e-02
1.624129930394431487e-02
3.044496487119437850e-02
4.132231404958677801e-02
4.840032813781788151e-02
6.504702194357367406e-02
5.226209048361934312e-02
2.650038971161340629e-02
2.816901408450704289e-02
2.246256239600665644e-02
2.289452166802943486e-02
2.216538789428814868e-02
