1.825414657592773438e+00
1.830510854721069336e+00
1.763140916824340820e+00
1.964923620223999023e+00
1.809252738952636719e+00
1.798393249511718750e+00
1.755875587463378906e+00
1.757474899291992188e+00
1.870696544647216797e+00
1.787159442901611328e+00
1.814510822296142578e+00
1.808550119400024414e+00
1.766819238662719727e+00
1.807573080062866211e+00
1.753927469253540039e+00
1.789845228195190430e+00
1.824586629867553711e+00
1.974541425704956055e+00
1.791482925415039062e+00
1.844358444213867188e+00
1.772571802139282227e+00
1.814779520034790039e+00
1.962272167205810547e+00
1.800758838653564453e+00
1.818467617034912109e+00
1.695672512054443359e+00
1.818747520446777344e+00
2.001564979553222656e+00
1.863966941833496094e+00
1.815743684768676758e+00
1.761319637298583984e+00
1.866444110870361328e+00
1.782036304473876953e+00
1.845940351486206055e+00
1.827540397644042969e+00
1.779413938522338867e+00
1.809181213378906250e+00
2.000247001647949219e+00
1.786119461059570312e+00
1.811383724212646484e+00
1.765430450439453125e+00
1.753868818283081055e+00
1.793347597122192383e+00
1.803989410400390625e+00
1.794287919998168945e+00
1.759198427200317383e+00
1.789510726928710938e+00
1.771587371826171875e+00
1.816199302673339844e+00
1.858201742172241211e+00
1.826376676559448242e+00
1.882381200790405273e+00
1.842821121215820312e+00
1.786105394363403320e+00
1.792881965637207031e+00
1.861731529235839844e+00
1.932865858078002930e+00
1.794267416000366211e+00
1.822575092315673828e+00
1.765758275985717773e+00
1.860025882720947266e+00
1.873951911926269531e+00
1.824040412902832031e+00
1.776367902755737305e+00
1.834138631820678711e+00
1.794537782669067383e+00
1.956721305847167969e+00
1.866877079010009766e+00
1.766069650650024414e+00
1.740366935729980469e+00
1.781600713729858398e+00
1.770739793777465820e+00
1.756767511367797852e+00
1.799664258956909180e+00
1.743436574935913086e+00
1.860118627548217773e+00
1.782288312911987305e+00
1.790663003921508789e+00
1.808640956878662109e+00
1.754237890243530273e+00
1.787209749221801758e+00
1.860318660736083984e+00
1.831992149353027344e+00
1.774773836135864258e+00
1.798794984817504883e+00
1.821588516235351562e+00
1.752410650253295898e+00
1.865403890609741211e+00
1.895407676696777344e+00
1.818117141723632812e+00
1.758497476577758789e+00
1.754528522491455078e+00
1.798003673553466797e+00
1.806945085525512695e+00
1.895428180694580078e+00
1.816208124160766602e+00
1.784848451614379883e+00
1.826692819595336914e+00
1.759883403778076172e+00
1.982403278350830078e+00
