9.944515578318395554e-02
9.172164290274525955e-02
9.201970443349753725e-02
9.969543147208122236e-02
9.240052800301716551e-02
9.261064534997075215e-02
9.175355450236967469e-02
9.671880961465090243e-02
9.012392039053698789e-02
9.003759398496240240e-02
1.010120297880465895e-01
8.709377901578459202e-02
8.917431192660550676e-02
8.811188811188810921e-02
8.958485069191551853e-02
8.628602900679273324e-02
9.079093947270701348e-02
8.156028368794326910e-02
8.330220395965633184e-02
8.486536675951718289e-02
8.993414863593603148e-02
8.072820890033099994e-02
7.913125590179415081e-02
7.817948247384841343e-02
8.820182094081942259e-02
8.730754787833271136e-02
7.152073732718894350e-02
7.211105101856860045e-02
7.342657342657342434e-02
7.043286867204695545e-02
6.970207982012366354e-02
7.551789077212806012e-02
7.742782152230971715e-02
7.574901074053137784e-02
7.091939316395540205e-02
7.464305078619193345e-02
7.768209544312881798e-02
7.868489102327300144e-02
7.064821558630735021e-02
7.995495495495495708e-02
7.529746048659208268e-02
8.143201632350213770e-02
9.002130681818182323e-02
8.612612612612612073e-02
9.354288960424161914e-02
9.789272030651341439e-02
9.209788903418643369e-02
9.252336448598130758e-02
9.051955008034279215e-02
9.031344076500796847e-02
9.689440993788819845e-02
