1.848733186721801758e+00
1.837002038955688477e+00
1.897748947143554688e+00
1.772690057754516602e+00
1.881417274475097656e+00
1.813161611557006836e+00
1.758981704711914062e+00
1.912315845489501953e+00
1.832448005676269531e+00
1.817280292510986328e+00
1.756822824478149414e+00
1.821768283843994141e+00
1.948694229125976562e+00
1.831247329711914062e+00
1.773300170898437500e+00
1.904282093048095703e+00
1.747383832931518555e+00
1.885610818862915039e+00
1.841344118118286133e+00
1.747546911239624023e+00
1.794812679290771484e+00
1.789020776748657227e+00
1.782479286193847656e+00
1.847456932067871094e+00
1.740753173828125000e+00
1.830436468124389648e+00
1.807322502136230469e+00
1.797357797622680664e+00
1.753731489181518555e+00
1.812692642211914062e+00
1.855056762695312500e+00
1.894979476928710938e+00
1.813778162002563477e+00
1.696315526962280273e+00
1.841451168060302734e+00
1.749568939208984375e+00
1.704671382904052734e+00
1.813634157180786133e+00
1.743565320968627930e+00
1.817828178405761719e+00
1.973888874053955078e+00
1.688464164733886719e+00
1.849466800689697266e+00
1.686486005783081055e+00
1.799183607101440430e+00
1.756092548370361328e+00
1.781535863876342773e+00
1.838029146194458008e+00
1.754543304443359375e+00
1.764629125595092773e+00
1.885121583938598633e+00
1.818809509277343750e+00
1.700435876846313477e+00
1.824856996536254883e+00
1.955802917480468750e+00
1.758203744888305664e+00
