7.825401544570922852e+00
7.698798418045043945e+00
7.706449508666992188e+00
7.666273355484008789e+00
7.713095664978027344e+00
7.744102239608764648e+00
7.777936458587646484e+00
7.737111568450927734e+00
7.763332128524780273e+00
7.814347982406616211e+00
7.695995092391967773e+00
7.702111005783081055e+00
7.614942789077758789e+00
7.705874204635620117e+00
7.713524103164672852e+00
7.703602790832519531e+00
7.711653947830200195e+00
7.678887128829956055e+00
7.703585386276245117e+00
7.695554018020629883e+00
7.704971075057983398e+00
7.715743541717529297e+00
7.771805524826049805e+00
7.795863389968872070e+00
7.717288970947265625e+00
7.708350896835327148e+00
7.595073699951171875e+00
7.732787609100341797e+00
7.764118909835815430e+00
7.675830364227294922e+00
7.757873773574829102e+00
7.723536729812622070e+00
7.735701799392700195e+00
7.675532579421997070e+00
7.743658304214477539e+00
7.770891666412353516e+00
7.901661634445190430e+00
7.753814458847045898e+00
7.739201068878173828e+00
7.801062345504760742e+00
7.718353033065795898e+00
7.701574563980102539e+00
7.657656908035278320e+00
7.693817377090454102e+00
7.706979036331176758e+00
7.702878475189208984e+00
7.702321767807006836e+00
7.661987543106079102e+00
7.755150794982910156e+00
7.766205549240112305e+00
7.716424465179443359e+00
7.692429304122924805e+00
7.670314073562622070e+00
1.708895182609558105e+01
7.700273513793945312e+00
7.724251508712768555e+00
7.795414447784423828e+00
7.685916662216186523e+00
7.873639822006225586e+00
7.761820316314697266e+00
7.935692548751831055e+00
7.661624193191528320e+00
7.742496013641357422e+00
7.669616222381591797e+00
7.760742187500000000e+00
7.710045099258422852e+00
