1.725490196078431349e-01
1.589840075258701912e-01
1.425762045231071806e-01
1.543438077634011196e-01
1.405312767780634020e-01
1.696178937558247835e-01
1.636029411764705899e-01
1.574239713774597538e-01
1.818988464951197814e-01
1.575532900834105687e-01
1.527403414195867004e-01
1.497797356828193815e-01
1.743450767841011606e-01
1.722912966252220235e-01
1.629760850310008891e-01
1.574539363484087073e-01
1.885665529010238928e-01
1.541125541125541176e-01
1.540469973890339350e-01
1.610320284697508986e-01
1.678321678321678390e-01
1.610845295055821358e-01
1.674249317561419537e-01
1.600000000000000033e-01
1.434327155519742047e-01
1.523404255319149025e-01
1.661016949152542277e-01
1.530434782608695587e-01
1.588541666666666574e-01
1.357586512866015838e-01
1.399825021872266040e-01
1.203627370156636484e-01
1.127118644067796605e-01
1.218229623137598583e-01
1.075794621026894826e-01
1.268174474959612164e-01
1.265723270440251569e-01
1.385826771653543288e-01
1.632825719120135355e-01
1.471074380165289242e-01
1.393034825870646809e-01
1.529126213592232886e-01
1.638554216867469937e-01
1.469816272965879245e-01
1.253091508656224151e-01
1.207191780821917776e-01
1.260229132569558042e-01
1.736111111111111049e-01
1.619293712316968170e-01
1.763224181360201481e-01
1.458333333333333426e-01
1.255161023947151122e-01
1.445182724252491724e-01
1.332194705380017052e-01
1.243027888446215090e-01
1.087136929460580936e-01
1.059714045416316197e-01
1.088944305901911880e-01
1.078125000000000056e-01
1.256323777403035302e-01
1.267723102585487926e-01
1.261642675698560478e-01
1.426294820717131373e-01
1.145662847790507310e-01
1.243697478991596661e-01
1.296758104738154616e-01
1.166666666666666685e-01
1.407599309153713396e-01
1.181894383906118978e-01
9.870550161812297052e-02
1.228915662650602453e-01
1.495076096687555922e-01
1.517476555839727126e-01
1.493877551020408034e-01
1.696202531645569500e-01
1.738366988586479422e-01
1.440064360418342737e-01
1.475548060708262998e-01
1.532329495128432195e-01
1.843910806174957062e-01
1.511721907841552248e-01
1.597160603371783616e-01
1.654740608228980336e-01
1.666666666666666574e-01
1.523887973640856708e-01
1.726384364820846840e-01
1.625816993464052340e-01
1.427425821972734543e-01
1.479430379746835555e-01
1.547420965058236286e-01
1.511914543960558854e-01
1.285211267605633756e-01
1.241610738255033569e-01
9.239574816026165094e-02
1.285598047192839655e-01
1.295025728987993230e-01
1.341256366723259652e-01
1.384750219106047342e-01
1.367153912295786811e-01
1.558773424190800783e-01
