1.050900000000000034e+01
1.050099999999999945e+01
1.050200000000000067e+01
1.050399999999999956e+01
1.050099999999999945e+01
1.049600000000000044e+01
1.049799999999999933e+01
1.049300000000000033e+01
1.049200000000000088e+01
1.049200000000000088e+01
1.049200000000000088e+01
1.048499999999999943e+01
1.048900000000000077e+01
1.049099999999999966e+01
1.048799999999999955e+01
1.048399999999999999e+01
1.048499999999999943e+01
1.048399999999999999e+01
1.048300000000000054e+01
1.048700000000000010e+01
1.048399999999999999e+01
1.048499999999999943e+01
1.048799999999999955e+01
1.049200000000000088e+01
1.048799999999999955e+01
1.048700000000000010e+01
1.048799999999999955e+01
1.048300000000000054e+01
1.048700000000000010e+01
1.048799999999999955e+01
1.048700000000000010e+01
1.048499999999999943e+01
1.048700000000000010e+01
1.048900000000000077e+01
1.049200000000000088e+01
1.048399999999999999e+01
1.048799999999999955e+01
1.048099999999999987e+01
1.048700000000000010e+01
1.048499999999999943e+01
1.048000000000000043e+01
1.048499999999999943e+01
1.047899999999999920e+01
1.048099999999999987e+01
1.047400000000000020e+01
1.047799999999999976e+01
1.048099999999999987e+01
1.047799999999999976e+01
1.047799999999999976e+01
1.047899999999999920e+01
1.047899999999999920e+01
