1.047899999999999920e+01
1.046599999999999930e+01
1.047499999999999964e+01
1.047100000000000009e+01
1.047300000000000075e+01
1.046799999999999997e+01
1.047100000000000009e+01
1.046799999999999997e+01
1.047100000000000009e+01
1.046199999999999974e+01
1.046400000000000041e+01
1.046599999999999930e+01
1.046299999999999919e+01
1.046599999999999930e+01
1.046700000000000053e+01
1.046199999999999974e+01
1.046299999999999919e+01
1.046299999999999919e+01
1.046299999999999919e+01
1.046299999999999919e+01
1.046299999999999919e+01
1.045899999999999963e+01
1.046299999999999919e+01
1.046299999999999919e+01
1.046299999999999919e+01
1.045899999999999963e+01
1.045899999999999963e+01
1.046299999999999919e+01
1.046299999999999919e+01
1.046299999999999919e+01
1.045400000000000063e+01
1.045599999999999952e+01
1.046100000000000030e+01
1.045700000000000074e+01
1.045400000000000063e+01
1.045599999999999952e+01
1.044999999999999929e+01
1.045400000000000063e+01
1.045700000000000074e+01
1.044999999999999929e+01
1.045400000000000063e+01
1.044899999999999984e+01
1.044500000000000028e+01
1.044200000000000017e+01
1.044200000000000017e+01
1.044200000000000017e+01
