5.379000000000000000e+03
5.362000000000000000e+03
5.371000000000000000e+03
5.629000000000000000e+03
5.715000000000000000e+03
5.747000000000000000e+03
6.042000000000000000e+03
5.819000000000000000e+03
5.951000000000000000e+03
5.775000000000000000e+03
5.793000000000000000e+03
5.992000000000000000e+03
5.984000000000000000e+03
5.932000000000000000e+03
5.903000000000000000e+03
5.989000000000000000e+03
6.114000000000000000e+03
6.058000000000000000e+03
6.016000000000000000e+03
6.129000000000000000e+03
6.183000000000000000e+03
6.075000000000000000e+03
6.050000000000000000e+03
5.978000000000000000e+03
5.914000000000000000e+03
5.905000000000000000e+03
6.178000000000000000e+03
6.368000000000000000e+03
6.396000000000000000e+03
6.297000000000000000e+03
6.550000000000000000e+03
6.581000000000000000e+03
6.568000000000000000e+03
6.622000000000000000e+03
6.740000000000000000e+03
6.694000000000000000e+03
6.777000000000000000e+03
6.773000000000000000e+03
6.841000000000000000e+03
6.597000000000000000e+03
6.795000000000000000e+03
6.525000000000000000e+03
6.675000000000000000e+03
6.643000000000000000e+03
6.292000000000000000e+03
6.377000000000000000e+03
6.437000000000000000e+03
6.805000000000000000e+03
6.491000000000000000e+03
6.829000000000000000e+03
6.671000000000000000e+03
