1.309000000000000000e+03
1.083000000000000000e+03
1.097000000000000000e+03
1.046000000000000000e+03
1.116000000000000000e+03
1.186000000000000000e+03
1.127000000000000000e+03
1.111000000000000000e+03
1.198000000000000000e+03
1.219000000000000000e+03
1.154000000000000000e+03
1.195000000000000000e+03
1.137000000000000000e+03
1.194000000000000000e+03
1.156000000000000000e+03
1.168000000000000000e+03
1.141000000000000000e+03
1.144000000000000000e+03
1.223000000000000000e+03
1.259000000000000000e+03
1.169000000000000000e+03
1.167000000000000000e+03
1.188000000000000000e+03
1.226000000000000000e+03
1.287000000000000000e+03
1.253000000000000000e+03
1.159000000000000000e+03
1.190000000000000000e+03
1.169000000000000000e+03
1.324000000000000000e+03
1.198000000000000000e+03
1.301000000000000000e+03
1.252000000000000000e+03
1.194000000000000000e+03
1.262000000000000000e+03
1.220000000000000000e+03
1.206000000000000000e+03
1.282000000000000000e+03
1.228000000000000000e+03
1.210000000000000000e+03
1.157000000000000000e+03
1.235000000000000000e+03
1.301000000000000000e+03
1.271000000000000000e+03
1.279000000000000000e+03
1.258000000000000000e+03
1.299000000000000000e+03
1.233000000000000000e+03
1.231000000000000000e+03
1.276000000000000000e+03
1.312000000000000000e+03
1.271000000000000000e+03
1.170000000000000000e+03
1.393000000000000000e+03
1.244000000000000000e+03
1.231000000000000000e+03
1.344000000000000000e+03
1.265000000000000000e+03
1.316000000000000000e+03
1.236000000000000000e+03
1.194000000000000000e+03
1.198000000000000000e+03
1.262000000000000000e+03
1.289000000000000000e+03
1.273000000000000000e+03
1.307000000000000000e+03
1.261000000000000000e+03
1.258000000000000000e+03
1.255000000000000000e+03
1.247000000000000000e+03
1.229000000000000000e+03
1.254000000000000000e+03
1.297000000000000000e+03
1.268000000000000000e+03
1.293000000000000000e+03
1.238000000000000000e+03
1.417000000000000000e+03
1.216000000000000000e+03
1.180000000000000000e+03
1.168000000000000000e+03
1.251000000000000000e+03
1.245000000000000000e+03
1.200000000000000000e+03
1.220000000000000000e+03
1.215000000000000000e+03
1.194000000000000000e+03
1.190000000000000000e+03
1.228000000000000000e+03
1.325000000000000000e+03
1.297000000000000000e+03
1.262000000000000000e+03
1.238000000000000000e+03
1.317000000000000000e+03
1.289000000000000000e+03
1.186000000000000000e+03
1.176000000000000000e+03
1.268000000000000000e+03
1.252000000000000000e+03
1.218000000000000000e+03
1.252000000000000000e+03
