1.963000000000000000e+03
1.264000000000000000e+03
1.372000000000000000e+03
1.177000000000000000e+03
1.357000000000000000e+03
1.509000000000000000e+03
1.509000000000000000e+03
1.350000000000000000e+03
1.668000000000000000e+03
1.781000000000000000e+03
1.707000000000000000e+03
1.985000000000000000e+03
1.479000000000000000e+03
1.922000000000000000e+03
1.829000000000000000e+03
1.892000000000000000e+03
1.763000000000000000e+03
1.717000000000000000e+03
1.509000000000000000e+03
1.383000000000000000e+03
1.626000000000000000e+03
1.791000000000000000e+03
1.704000000000000000e+03
1.800000000000000000e+03
2.061000000000000000e+03
1.757000000000000000e+03
1.378000000000000000e+03
1.672000000000000000e+03
1.582000000000000000e+03
1.366000000000000000e+03
1.256000000000000000e+03
2.213000000000000000e+03
1.595000000000000000e+03
1.694000000000000000e+03
0.000000000000000000e+00
0.000000000000000000e+00
0.000000000000000000e+00
0.000000000000000000e+00
0.000000000000000000e+00
0.000000000000000000e+00
0.000000000000000000e+00
0.000000000000000000e+00
0.000000000000000000e+00
0.000000000000000000e+00
0.000000000000000000e+00
0.000000000000000000e+00
0.000000000000000000e+00
0.000000000000000000e+00
0.000000000000000000e+00
0.000000000000000000e+00
0.000000000000000000e+00
0.000000000000000000e+00
0.000000000000000000e+00
0.000000000000000000e+00
0.000000000000000000e+00
0.000000000000000000e+00
0.000000000000000000e+00
0.000000000000000000e+00
0.000000000000000000e+00
0.000000000000000000e+00
