8.300395256916996700e-02
9.294964028776978027e-02
9.469696969696969613e-02
8.131439710387078357e-02
8.838727223279847778e-02
8.842538190364276907e-02
9.241982507288629134e-02
8.244142319930575225e-02
9.085872576177285442e-02
8.181330472103004459e-02
8.632317237658483633e-02
7.840199750312110138e-02
8.039950062421973020e-02
8.898194190002617354e-02
7.911972753471312181e-02
6.983311938382541495e-02
7.769822328294881397e-02
8.339973439575033842e-02
7.791142700929469533e-02
9.164798206278026993e-02
8.344884945938453591e-02
8.586147681740126381e-02
8.595387840670859481e-02
8.661654135338345273e-02
8.092995879929369696e-02
8.348240906380441362e-02
7.601094557616296099e-02
9.062203978528575454e-02
8.577878103837471846e-02
8.459672528805337044e-02
8.854166666666667129e-02
8.439201451905625762e-02
7.988338192419824901e-02
8.529234478601567526e-02
8.653260207190736908e-02
8.035991312441824463e-02
8.681462140992167453e-02
7.675709001233045614e-02
7.854785478547854360e-02
8.268646641916975459e-02
7.905913100294022222e-02
7.801652892561983244e-02
7.662082514734773475e-02
7.657967032967033516e-02
7.862491490810075145e-02
7.634882931795046457e-02
7.321076822061720057e-02
7.949070887818307507e-02
7.475025835342749558e-02
7.071380920613742904e-02
6.681952178185390778e-02
6.715126341294565260e-02
7.222955145118734044e-02
7.507507507507507616e-02
6.546198431639958792e-02
7.550514002126905433e-02
6.430868167202571928e-02
6.846709775580069046e-02
6.624953993375046202e-02
7.807118254879448493e-02
6.040268456375839229e-02
6.919211441824507647e-02
6.169354838709677213e-02
5.203442879499217688e-02
5.508982035928143561e-02
5.815831987075929105e-02
5.440826052422557263e-02
6.054610209734863358e-02
6.488853503184713323e-02
6.321370309951060418e-02
6.573541495480690611e-02
7.266721717588769947e-02
7.066836951894422958e-02
6.908171861836562289e-02
7.876370887337985627e-02
8.433734939759035543e-02
8.283552369573875251e-02
7.689003436426117277e-02
8.328611898016996529e-02
7.924961715160795672e-02
8.739923631735256604e-02
8.743979251574657274e-02
7.858293075684380513e-02
8.934049079754600997e-02
8.429561200923788022e-02
7.596029348295209316e-02
9.106603366422097445e-02
9.941275167785235123e-02
1.031236628155755286e-01
9.126984126984126477e-02
8.080808080808081495e-02
9.440993788819876387e-02
9.354413702239788853e-02
8.464730290456431994e-02
8.048780487804878259e-02
8.073541167066347612e-02
9.822485207100591087e-02
9.365079365079365115e-02
8.219178082191780366e-02
8.211041229909155081e-02
9.077325364213671699e-02
