1.047799999999999976e+01
1.048700000000000010e+01
1.047899999999999920e+01
1.048199999999999932e+01
1.047499999999999964e+01
1.048300000000000054e+01
1.047799999999999976e+01
1.047700000000000031e+01
1.047499999999999964e+01
1.047700000000000031e+01
1.048199999999999932e+01
1.047899999999999920e+01
1.047700000000000031e+01
1.047499999999999964e+01
1.047700000000000031e+01
1.046899999999999942e+01
1.047100000000000009e+01
1.047799999999999976e+01
1.047100000000000009e+01
1.047799999999999976e+01
1.046899999999999942e+01
1.046899999999999942e+01
1.047400000000000020e+01
1.047499999999999964e+01
1.047000000000000064e+01
1.047300000000000075e+01
1.047300000000000075e+01
1.047300000000000075e+01
1.047400000000000020e+01
1.047100000000000009e+01
1.047100000000000009e+01
1.047000000000000064e+01
1.047100000000000009e+01
1.046799999999999997e+01
1.046799999999999997e+01
1.047000000000000064e+01
1.047100000000000009e+01
1.047300000000000075e+01
1.046899999999999942e+01
1.047400000000000020e+01
1.047000000000000064e+01
1.047000000000000064e+01
1.046799999999999997e+01
1.046799999999999997e+01
1.047100000000000009e+01
1.046400000000000041e+01
1.047000000000000064e+01
1.047100000000000009e+01
1.046499999999999986e+01
1.046899999999999942e+01
1.047000000000000064e+01
1.046899999999999942e+01
1.047000000000000064e+01
1.047100000000000009e+01
1.046899999999999942e+01
1.046899999999999942e+01
1.046799999999999997e+01
1.046799999999999997e+01
1.047499999999999964e+01
1.047000000000000064e+01
1.047400000000000020e+01
1.047100000000000009e+01
1.047000000000000064e+01
1.046599999999999930e+01
1.046799999999999997e+01
1.047300000000000075e+01
1.046899999999999942e+01
1.046299999999999919e+01
1.045899999999999963e+01
1.046599999999999930e+01
1.046299999999999919e+01
1.046799999999999997e+01
1.046700000000000053e+01
1.046599999999999930e+01
1.046400000000000041e+01
1.045899999999999963e+01
1.046299999999999919e+01
1.046000000000000085e+01
1.046400000000000041e+01
1.045899999999999963e+01
1.046000000000000085e+01
1.046000000000000085e+01
1.045899999999999963e+01
1.046000000000000085e+01
1.046400000000000041e+01
1.046299999999999919e+01
1.046199999999999974e+01
1.046700000000000053e+01
1.046700000000000053e+01
1.046199999999999974e+01
1.046199999999999974e+01
1.046000000000000085e+01
1.046199999999999974e+01
1.045599999999999952e+01
1.045899999999999963e+01
1.046000000000000085e+01
1.045899999999999963e+01
1.045599999999999952e+01
1.045599999999999952e+01
1.046199999999999974e+01
1.045899999999999963e+01
