1.983600000000000000e+04
2.139300000000000000e+04
2.090500000000000000e+04
2.094700000000000000e+04
2.180300000000000000e+04
2.190500000000000000e+04
2.240300000000000000e+04
2.190300000000000000e+04
2.138700000000000000e+04
2.176300000000000000e+04
2.187100000000000000e+04
2.101500000000000000e+04
2.136300000000000000e+04
2.191300000000000000e+04
2.158700000000000000e+04
2.111700000000000000e+04
2.127100000000000000e+04
2.155500000000000000e+04
2.223100000000000000e+04
2.247100000000000000e+04
2.340500000000000000e+04
2.276500000000000000e+04
2.323500000000000000e+04
2.348500000000000000e+04
2.266900000000000000e+04
2.238400000000000000e+04
2.261900000000000000e+04
2.314300000000000000e+04
2.319900000000000000e+04
2.303600000000000000e+04
2.278700000000000000e+04
2.176100000000000000e+04
2.137100000000000000e+04
2.119900000000000000e+04
2.075300000000000000e+04
2.184100000000000000e+04
2.216800000000000000e+04
2.162900000000000000e+04
2.203300000000000000e+04
2.255500000000000000e+04
2.249600000000000000e+04
2.071500000000000000e+04
2.031900000000000000e+04
2.011700000000000000e+04
1.992900000000000000e+04
1.990300000000000000e+04
2.059100000000000000e+04
2.086400000000000000e+04
2.129500000000000000e+04
2.109300000000000000e+04
2.192500000000000000e+04
2.331500000000000000e+04
2.378000000000000000e+04
2.319500000000000000e+04
2.417500000000000000e+04
2.260100000000000000e+04
2.157500000000000000e+04
2.151700000000000000e+04
2.184100000000000000e+04
2.185900000000000000e+04
2.246300000000000000e+04
2.270300000000000000e+04
2.199500000000000000e+04
2.329500000000000000e+04
2.229100000000000000e+04
2.191900000000000000e+04
2.224800000000000000e+04
2.285900000000000000e+04
2.319100000000000000e+04
2.246500000000000000e+04
2.285100000000000000e+04
2.369900000000000000e+04
2.432700000000000000e+04
2.327900000000000000e+04
2.361800000000000000e+04
2.303100000000000000e+04
2.398900000000000000e+04
2.320500000000000000e+04
2.221700000000000000e+04
2.278900000000000000e+04
2.344700000000000000e+04
2.384500000000000000e+04
2.417100000000000000e+04
2.430700000000000000e+04
2.386500000000000000e+04
2.377300000000000000e+04
2.328300000000000000e+04
2.308600000000000000e+04
2.241700000000000000e+04
2.315100000000000000e+04
2.328700000000000000e+04
2.434500000000000000e+04
2.414700000000000000e+04
2.441500000000000000e+04
2.367100000000000000e+04
2.350100000000000000e+04
2.325300000000000000e+04
2.348200000000000000e+04
2.442300000000000000e+04
2.385800000000000000e+04
2.350100000000000000e+04
2.460700000000000000e+04
2.455200000000000000e+04
2.408900000000000000e+04
2.347400000000000000e+04
2.340000000000000000e+04
2.405900000000000000e+04
2.459500000000000000e+04
2.459700000000000000e+04
2.386900000000000000e+04
2.342100000000000000e+04
2.286300000000000000e+04
2.287500000000000000e+04
2.277100000000000000e+04
2.374300000000000000e+04
2.469000000000000000e+04
2.420100000000000000e+04
2.408300000000000000e+04
2.503300000000000000e+04
2.477500000000000000e+04
2.514700000000000000e+04
2.492700000000000000e+04
2.505300000000000000e+04
2.518700000000000000e+04
2.498900000000000000e+04
2.470300000000000000e+04
2.431300000000000000e+04
2.465500000000000000e+04
2.484500000000000000e+04
2.507900000000000000e+04
2.473100000000000000e+04
2.444900000000000000e+04
2.425300000000000000e+04
2.446200000000000000e+04
2.509300000000000000e+04
2.467700000000000000e+04
2.439700000000000000e+04
2.442100000000000000e+04
2.387300000000000000e+04
2.366500000000000000e+04
2.399300000000000000e+04
2.451700000000000000e+04
2.493100000000000000e+04
2.461300000000000000e+04
2.533500000000000000e+04
2.530700000000000000e+04
2.510900000000000000e+04
2.500900000000000000e+04
2.492500000000000000e+04
2.500700000000000000e+04
2.533700000000000000e+04
2.522900000000000000e+04
2.529100000000000000e+04
2.616900000000000000e+04
2.625900000000000000e+04
2.501900000000000000e+04
2.596500000000000000e+04
2.575800000000000000e+04
2.613900000000000000e+04
2.581500000000000000e+04
2.630100000000000000e+04
2.647000000000000000e+04
2.627500000000000000e+04
2.590100000000000000e+04
2.576700000000000000e+04
2.505900000000000000e+04
2.558900000000000000e+04
2.576300000000000000e+04
2.551500000000000000e+04
2.540300000000000000e+04
2.618100000000000000e+04
2.635700000000000000e+04
2.622100000000000000e+04
2.613700000000000000e+04
2.592700000000000000e+04
2.576100000000000000e+04
2.548100000000000000e+04
2.543100000000000000e+04
2.544700000000000000e+04
2.535900000000000000e+04
2.602900000000000000e+04
2.592300000000000000e+04
2.578500000000000000e+04
2.482900000000000000e+04
2.443500000000000000e+04
2.532700000000000000e+04
2.520700000000000000e+04
2.485100000000000000e+04
2.518500000000000000e+04
2.541900000000000000e+04
2.552700000000000000e+04
2.586100000000000000e+04
2.528500000000000000e+04
2.525300000000000000e+04
2.451100000000000000e+04
2.443000000000000000e+04
2.442500000000000000e+04
2.444900000000000000e+04
2.398100000000000000e+04
2.506700000000000000e+04
2.510500000000000000e+04
2.493100000000000000e+04
2.580500000000000000e+04
2.504700000000000000e+04
2.545500000000000000e+04
2.635700000000000000e+04
2.595900000000000000e+04
2.560500000000000000e+04
2.482100000000000000e+04
2.496500000000000000e+04
2.441900000000000000e+04
2.438700000000000000e+04
2.482600000000000000e+04
2.498100000000000000e+04
2.520500000000000000e+04
2.529700000000000000e+04
2.530500000000000000e+04
2.496900000000000000e+04
2.473700000000000000e+04
2.429400000000000000e+04
2.453600000000000000e+04
2.461300000000000000e+04
2.365100000000000000e+04
2.483200000000000000e+04
2.435300000000000000e+04
2.426700000000000000e+04
2.415300000000000000e+04
2.446500000000000000e+04
2.388700000000000000e+04
2.435700000000000000e+04
2.310700000000000000e+04
2.318100000000000000e+04
2.366700000000000000e+04
2.405100000000000000e+04
2.477900000000000000e+04
2.488500000000000000e+04
2.516300000000000000e+04
2.401300000000000000e+04
2.438700000000000000e+04
2.512300000000000000e+04
2.541100000000000000e+04
