1.595364412838168322e-02
1.515979738347727861e-02
1.408091051690803577e-02
1.558897793391151622e-02
1.673671290958455779e-02
1.494359164046606299e-02
1.296317110636544152e-02
1.554108101931207797e-02
1.321003963011889090e-02
1.741776003042403570e-02
1.412796966204409380e-02
1.535181236673774027e-02
1.594750295677387422e-02
1.393781009733742297e-02
1.429631655013476055e-02
1.629499292353593642e-02
1.695899639911720158e-02
1.899131719933493459e-02
1.712915381980130089e-02
1.705756929637526620e-02
1.806322127446061132e-02
1.791068021648561243e-02
1.885059307480330820e-02
1.717831751119878320e-02
1.906889536043403569e-02
1.774367581824721346e-02
1.947974818862097807e-02
1.861494936241748360e-02
2.145837472680309915e-02
2.093995390084775476e-02
2.283196475065091269e-02
2.181227520594036448e-02
2.350906160317647528e-02
2.429053383607858788e-02
2.581462564833511553e-02
2.391098484848484806e-02
2.921427730003534062e-02
2.902573456520876963e-02
2.673425172709806633e-02
2.699183141943885256e-02
2.823222226755334185e-02
3.098691751314177137e-02
3.078333269678799194e-02
3.424311837558721705e-02
3.376161296698952652e-02
3.726226904752682340e-02
3.665672104467779940e-02
3.845403845403845555e-02
4.150158867139999014e-02
4.352682870459535780e-02
4.954582989265070292e-02
5.046630869231701066e-02
4.712684646152627554e-02
4.997058246715042201e-02
4.597073170731707376e-02
5.415936099746736926e-02
5.357072826385348568e-02
5.948245579797822175e-02
6.077108243557870909e-02
7.292523401088786550e-02
7.501692111002482288e-02
9.403713813386643805e-02
7.872547114824168801e-02
8.148000795703203014e-02
1.073227276361020111e-01
1.010864806781549691e-01
9.694623316082645603e-02
9.581225976127857868e-02
5.489420605101839185e-02
3.088080477248800887e-02
2.958739453711908135e-02
2.236171047469595954e-02
2.496111680133530561e-02
2.102296530449023274e-02
2.052522729933273574e-02
2.249772250168336971e-02
2.004340106529887630e-02
1.762583095916429171e-02
1.774046647923019013e-02
1.729853305391503004e-02
1.827584866041917847e-02
1.877823610292673334e-02
1.775030706446372591e-02
1.730746433793021663e-02
1.733945314032403484e-02
1.641565681985365441e-02
1.787296329109048024e-02
1.650859161077820533e-02
1.814442966009435082e-02
1.933756842063206680e-02
1.786623829487129361e-02
1.613351877607788545e-02
1.632653061224489943e-02
1.692251903783391700e-02
1.627493907224585729e-02
2.329085060466631538e-02
3.510951020577154219e-02
3.029932803909590744e-02
1.889815537570354448e-02
1.624643101298910153e-02
1.645227630146376893e-02
1.760006488503183461e-02
1.560348783845800884e-02
1.549439347604485151e-02
1.667129758266185091e-02
1.485364788117081621e-02
1.513419776928230827e-02
1.426929327361369827e-02
1.546809199870424409e-02
1.455005535347145273e-02
1.521781983047506420e-02
1.517352703793381843e-02
1.588877855014895688e-02
1.466917553089359082e-02
1.278077526499062436e-02
1.503759398496240518e-02
1.518245925012523534e-02
1.624832343360797099e-02
1.736624578167064725e-02
1.994336085517131249e-02
1.928685305439981415e-02
1.896417445482866115e-02
2.160702228224173002e-02
2.045552889343456304e-02
1.879300176921564619e-02
2.005331635698086312e-02
1.914902069842278759e-02
2.282905949030953827e-02
2.104843531991229880e-02
1.898411453226122800e-02
1.901845434765089826e-02
1.920206543224817555e-02
1.777104833247001789e-02
2.245900340648023311e-02
1.892397851212762605e-02
2.103710603943487190e-02
1.875118618333649484e-02
1.944652206432311015e-02
1.883011305630128210e-02
2.131372767442724081e-02
1.835341515275860924e-02
1.758784567600943025e-02
1.861219446267907418e-02
2.032862055789071490e-02
2.032378965264093271e-02
2.046112761876104844e-02
1.905636551486625946e-02
1.887591971955776549e-02
1.875705335253142342e-02
1.773284075442348867e-02
1.857857857857857925e-02
1.807205452775072912e-02
2.053499054309645966e-02
2.107347989700930971e-02
1.999606376697500576e-02
2.022815476890509404e-02
2.319435130764072386e-02
2.376962942758056516e-02
2.562990418358897585e-02
2.677824267782426618e-02
2.843118005105046281e-02
3.328984303957616825e-02
3.945616653891152736e-02
4.407313234047705724e-02
3.442242747284045973e-02
3.588737133015580671e-02
3.674457362803063704e-02
3.687896241660796465e-02
4.658031306695920026e-02
6.519908576927703481e-02
7.367446354523128627e-02
7.550006263832630127e-02
7.248860833577192020e-02
5.117357523491843779e-02
4.778185113481896173e-02
3.754773869346733628e-02
3.317057423025705082e-02
2.873731256004343967e-02
2.019194814907141963e-02
1.719460790451149759e-02
2.116094767851956285e-02
2.022192708110192444e-02
1.695932162713491287e-02
1.515089805726387885e-02
1.869861012563128755e-02
1.702458626798599925e-02
1.600406452432363846e-02
1.650165016501650012e-02
1.705793667887142012e-02
1.902901074629401515e-02
2.172571287495370790e-02
2.021467652340976431e-02
2.397528321318228781e-02
2.470129138673210836e-02
2.677643341233212904e-02
3.083350741591811203e-02
3.986573287472545968e-02
4.287402697966336690e-02
3.932000498773847302e-02
2.921393841166936706e-02
3.165443204480841710e-02
4.196340995351614117e-02
5.235997482693517668e-02
3.202424341701134297e-02
2.413639492973717118e-02
2.420997962526467290e-02
2.353687046796370391e-02
1.983059692505318924e-02
1.794500723589001479e-02
1.729763729999606731e-02
1.487718150978869537e-02
1.858470335954252872e-02
1.949849217168587653e-02
1.566558106938203271e-02
1.499162479061976611e-02
1.598707428036906172e-02
1.607862488691504110e-02
1.571951771532035733e-02
1.667813625875399705e-02
1.482283382603988807e-02
1.560266307233590735e-02
1.687728975425019720e-02
1.457639971352740413e-02
1.609624559220078702e-02
1.550773313430360394e-02
1.504259297735300281e-02
1.758260072496979284e-02
1.676724312502531414e-02
1.621644689113643095e-02
1.384142173615857813e-02
1.503695522895251088e-02
1.852085701056530725e-02
2.686131386861313752e-02
2.794913760543875011e-02
2.211333082045482956e-02
1.914658593462341060e-02
1.803433935850454889e-02
1.467828697719027534e-02
1.700808512420929133e-02
1.552782067871603250e-02
1.608329453591230210e-02
