8.607653832732348187e-02
9.264616593449766235e-02
9.296739783123167400e-02
8.601995605345628959e-02
9.166606589287001894e-02
8.804987144718769143e-02
9.022175595991752117e-02
8.684471547702141137e-02
9.303157066752476556e-02
9.221509690825063776e-02
9.035152279816352494e-02
8.662886924675142208e-02
8.412301405572973623e-02
8.760676188113548923e-02
8.537337250208537620e-02
8.400130571977802718e-02
8.637754183912182970e-02
8.744801109096725367e-02
8.804257321797052949e-02
8.495777057125547538e-02
7.959737292975442580e-02
8.555896088733216942e-02
8.583324436852780848e-02
8.404001246062788033e-02
8.074378687645271391e-02
8.351245639381232877e-02
8.230953830724596632e-02
8.224434389140271306e-02
7.956795679567957302e-02
8.381158635625338138e-02
8.271512023796724622e-02
8.238752651360101154e-02
7.927769213829552464e-02
7.598994572146734738e-02
7.402058133237046644e-02
7.706245608845171957e-02
7.624737721825100567e-02
6.864939771879330355e-02
6.926902572542846526e-02
7.428759076148429286e-02
6.997385187640407789e-02
6.701125407822867974e-02
6.694591689216740360e-02
6.341549920198616408e-02
6.455441271667985981e-02
5.638872225554888984e-02
5.214975243116161396e-02
5.020308097625233307e-02
4.231665770127308879e-02
4.302983253853831513e-02
3.708796051471884708e-02
3.315469810646659576e-02
3.107083410393933834e-02
2.731900245358332910e-02
2.806260118726389488e-02
1.898991391731628953e-02
1.403560071640045336e-02
1.189396961235812504e-02
1.042768075254311456e-02
3.643650938240116689e-03
4.191947049089906306e-03
2.589256409321323213e-02
3.667877305908159424e-03
1.458842408548816538e-04
1.086877762480979595e-03
1.814493822607412751e-02
4.826393891370119732e-02
6.644033147154382313e-02
7.650635710337203022e-02
7.828639773839295157e-02
8.211939969911569159e-02
8.411113914014919923e-02
8.164600676142352853e-02
8.283071974266184578e-02
8.535756448323972290e-02
8.465988716806209513e-02
8.823844369087988082e-02
8.443558615691248992e-02
8.296012713088703194e-02
8.408663901591691137e-02
7.958681410100870712e-02
8.518690420936127217e-02
7.909153575445343476e-02
8.768555148259717102e-02
7.849520708988967643e-02
8.133634579058483804e-02
8.593779524583348983e-02
8.021252259897428127e-02
8.854689416750306796e-02
8.433689739260927243e-02
8.796655939037473226e-02
7.588811086263151651e-02
4.494956877649466248e-02
2.973621103117506104e-02
7.367304385997000549e-02
8.125523317193927841e-02
8.369106722908656315e-02
8.588796897143283204e-02
8.305881482029832397e-02
8.286532525012087202e-02
8.784307930996268499e-02
9.370123691722169468e-02
8.316225598148631326e-02
8.793097007956371391e-02
8.623611372622858040e-02
8.745519713261648564e-02
8.719844506269293360e-02
8.682578462694981458e-02
8.611696815003884453e-02
8.674482190344207089e-02
8.697276497179362575e-02
8.303659924378693769e-02
8.400670266244647522e-02
8.375794993863205917e-02
8.521434167817035221e-02
8.104445909323958197e-02
8.163417452566444632e-02
8.360711453494958090e-02
8.350715409668094114e-02
8.248721559327058805e-02
7.863518246525816324e-02
7.756603142761618608e-02
7.462187372254636131e-02
8.433239962651727095e-02
8.286352113208975134e-02
8.174970366688334711e-02
7.864096201565183575e-02
8.302417307767406829e-02
8.497522531309742444e-02
8.335549561186884893e-02
8.479262672811059554e-02
8.490084429609268124e-02
8.294821661334281226e-02
7.725663364761109486e-02
8.387778255936778615e-02
8.392934761133283295e-02
8.278815272986796148e-02
8.630705394190871238e-02
7.958820035636507417e-02
7.879910169024073596e-02
8.177172061328789876e-02
8.509470216854241043e-02
8.281461434370770980e-02
8.072544858190237871e-02
8.296250435320977334e-02
8.265858244752292971e-02
8.371661577706489277e-02
7.826320021441972308e-02
8.181643255724456443e-02
8.329132575904454883e-02
8.525228910968245255e-02
8.244464264939697917e-02
8.200144261797198686e-02
8.121477050500403028e-02
7.909387598387405960e-02
8.019140971713040189e-02
8.268226610655254882e-02
7.169153264871148956e-02
6.920632429675546704e-02
6.110737325365100947e-02
3.650576509673637143e-02
4.434786108092880763e-02
5.707108372257330142e-02
6.312121332118955652e-02
6.628507385021814580e-02
5.409114762039316654e-02
1.461038961038961005e-02
2.826491429476267817e-02
6.280250265612088989e-02
6.219299941984142432e-02
5.966053859119595237e-02
7.169412593433256708e-02
7.801170951106975449e-02
8.113943709989014652e-02
8.538251366120218344e-02
8.165552276717343017e-02
8.302808302808302454e-02
8.325562311164161344e-02
8.331114238977441189e-02
8.398052840845750266e-02
8.504832291074473916e-02
8.361702941513980691e-02
8.189188179474726770e-02
8.554982882510063502e-02
8.306876330631605965e-02
8.180749838886992864e-02
8.138443635271594423e-02
7.971936317027099317e-02
8.380609570014475873e-02
8.083043926267984014e-02
7.250262268329642212e-02
7.629509800233248706e-02
8.121789343432449237e-02
8.168289135056507055e-02
7.161047550267969630e-02
3.601517268915951225e-02
7.245276990054719257e-02
7.538038797522864098e-02
7.567567567567567988e-02
7.664753355487462227e-02
8.325048627620489083e-02
8.890322580645161621e-02
8.881480531692097224e-02
8.618841387590583936e-02
8.701444689620717321e-02
8.569242540168324485e-02
8.323326017640482466e-02
8.371899103606421366e-02
8.487355133341950575e-02
8.304645331293297739e-02
8.723626488406099888e-02
8.718974839286475209e-02
8.996919441279487006e-02
8.125890537255887891e-02
8.882462301177442010e-02
8.599298016488450547e-02
8.558503484533561134e-02
8.212153987902094665e-02
8.344528461213679416e-02
8.397772346648503528e-02
8.318321924662744338e-02
8.506744121274817383e-02
7.876860250520281714e-02
7.682941199575787916e-02
6.045399302152350274e-02
6.220343713864188995e-02
7.264147294317874204e-02
8.012733413564190887e-02
8.163102775454943172e-02
8.651558294652260395e-02
8.876571474474836965e-02
8.373313650715545620e-02
8.084330022298803764e-02
8.630819725272498300e-02
8.426310065654328552e-02
8.846260552494947249e-02
8.245621003296658980e-02
8.327006832620770238e-02
8.840527721312128884e-02
8.589126489386884888e-02
8.743866927280705137e-02
