1.088946058791278315e-01
1.123775244951009805e-01
1.132617631799497093e-01
1.102258152279528974e-01
1.158863858961802218e-01
1.104662797678607200e-01
1.127882432593890621e-01
1.038424029646966978e-01
1.131548497785580393e-01
1.086299595777245747e-01
1.075927015891701005e-01
1.065557536145771422e-01
1.161136499105901027e-01
1.081914094914450536e-01
1.115760657019945201e-01
1.066224380997512211e-01
1.064438953602384608e-01
1.071692822929241756e-01
9.980675230192111169e-02
1.086590098388930253e-01
1.065047834940638510e-01
1.076570807622152376e-01
1.050979160943448093e-01
1.101489435400069272e-01
1.068623150843335118e-01
1.095224593948722069e-01
1.103563341675604798e-01
1.041544304788754455e-01
1.045598405814089776e-01
1.041642136661564411e-01
1.048153161864242844e-01
1.045641242178803054e-01
9.877804408471180242e-02
1.024772557205309020e-01
9.923157935795920426e-02
9.955916201771154717e-02
1.007994438651372976e-01
1.010947318499782616e-01
1.002666457532742500e-01
1.055111420074923700e-01
1.036751972291706791e-01
9.255836759325614116e-02
1.018843204500789884e-01
9.779489799929247384e-02
1.039784816732907818e-01
9.841580285546645823e-02
1.000278740094771579e-01
9.666731631260962188e-02
9.693412128663785043e-02
9.348784579968004438e-02
9.347919852566365095e-02
9.150932468435074574e-02
9.632352941176471062e-02
9.233997901364113248e-02
9.358678955453149373e-02
9.236071223434808020e-02
9.465278321459327793e-02
9.099018733273862847e-02
8.522749125033653173e-02
8.278080740711679653e-02
7.079302171970315583e-02
7.254308337214718239e-02
7.179407054411937605e-02
7.226634840939956395e-02
8.671579204494564430e-02
7.703691852325907086e-02
8.507427118913336861e-02
8.426220272826043245e-02
7.262592076448337597e-02
6.844945059272970755e-02
6.137198372892065795e-02
5.373146488512302310e-02
6.041085667151105398e-02
7.173286809753721960e-02
7.601124282048148106e-02
8.210569271577229655e-02
8.767685052286242064e-02
8.877715039360342675e-02
9.237164830596548970e-02
8.956836026754184943e-02
9.277453053102847902e-02
9.728312092775479036e-02
1.016245559414042238e-01
1.010597574243462110e-01
1.045741134894180996e-01
1.005306239973674520e-01
1.042153127688337233e-01
1.027149128414951151e-01
1.061321758372696655e-01
9.614660474457135952e-02
1.086740211983560495e-01
1.056364787840405328e-01
1.050782086993786169e-01
1.033457560403668180e-01
1.065801272471070538e-01
1.055203544953824540e-01
1.051512186822068096e-01
1.102066908161090930e-01
1.061445426481160415e-01
1.033291045102585348e-01
1.102198051212327223e-01
1.085691078922431246e-01
8.938596879006233120e-02
6.864572047670638999e-02
7.841791428939128006e-02
1.014537041079146135e-01
9.987685252027686533e-02
1.117765343591537036e-01
1.074091633981293925e-01
1.106760187615646179e-01
1.066530802870122724e-01
1.093304061470911082e-01
1.093649085037674967e-01
1.086757592923438959e-01
1.088728409138899483e-01
1.197372481594145416e-01
1.066121684336015646e-01
1.072132109476507805e-01
1.081239285863611621e-01
1.094188203822755306e-01
1.071003570011899997e-01
1.131038093991360155e-01
1.095385721346093383e-01
1.108364420872848255e-01
1.086270270270270205e-01
1.084127993218902269e-01
1.135616091760141694e-01
1.051412499482979740e-01
1.040278301689090135e-01
1.004517888395946162e-01
1.008144576360468364e-01
1.043356528183801979e-01
9.950087245871037933e-02
1.034579476699923895e-01
1.001250554681512028e-01
1.036617870176733541e-01
1.072056975282781738e-01
1.070401400525196889e-01
1.090542752801914178e-01
1.071815072940565383e-01
1.087543386039336729e-01
9.694304857621439953e-02
1.045284723077554712e-01
1.089244851258581170e-01
1.028652934513571288e-01
1.024920127795527214e-01
1.052062990817301674e-01
1.062103182945801638e-01
1.044125295035404216e-01
1.040264349528821491e-01
1.075715413049798536e-01
1.054298826300613251e-01
1.053049870852374309e-01
1.077923691950785079e-01
1.070946084251033631e-01
9.894507093488541516e-02
1.004759386567953411e-01
1.028072055731893281e-01
1.043989707143732348e-01
9.796286428659260748e-02
1.021445394818395885e-01
9.674388201168443446e-02
1.046269101434469800e-01
1.005789629379199579e-01
1.011923368909927179e-01
9.850989822647829297e-02
9.266476899496386976e-02
9.864108018929362842e-02
9.934549867799401246e-02
1.022251026139554958e-01
1.012680140217250141e-01
9.427072402938090068e-02
9.492529623905203440e-02
9.669222155224395376e-02
8.696030262185312776e-02
8.866864298039910108e-02
7.607481853713009279e-02
5.146546518649263574e-02
3.092648407810247649e-02
6.555612947658402689e-02
8.079911209766925395e-02
9.338538861963741056e-02
9.615302140069477421e-02
9.082384460817147231e-02
9.653429251932144073e-02
9.636672637912820083e-02
9.686130417459826170e-02
1.002816901408450645e-01
1.062764728532922670e-01
1.034350002138854363e-01
1.037744388124547390e-01
9.778720021200476564e-02
1.040122780092085086e-01
1.046557377049180393e-01
1.007859454461396270e-01
1.072841614260130749e-01
9.584744699535817369e-02
9.675655210129990857e-02
9.528974925946014085e-02
9.239965132207048071e-02
9.841709703153210531e-02
9.539568940553509735e-02
9.815200097907232635e-02
9.525361580770014269e-02
9.158863150977493428e-02
9.049260085140888032e-02
9.640014544866874757e-02
1.053736525495579113e-01
1.048246704799801060e-01
1.021685947671766848e-01
1.015140946206556927e-01
9.425409400906603619e-02
9.669147013074368135e-02
9.804968179018681840e-02
1.023259813405563434e-01
9.319269708137416230e-02
1.044080550686219966e-01
9.851201516837723715e-02
9.634674922600619529e-02
9.851166361038850294e-02
1.005784740108938841e-01
9.966352911112057178e-02
1.064608599779492820e-01
1.055300133201564072e-01
1.144231205480695096e-01
1.149311936886458357e-01
1.072480330534921478e-01
1.034229088234021321e-01
1.108167962134699730e-01
1.099606981363309838e-01
1.090931863727454959e-01
1.108021390374331616e-01
1.114973606282992080e-01
1.034439151877924318e-01
1.108724040608281697e-01
1.066414131016593242e-01
1.097975046021681389e-01
1.060879038002262575e-01
1.102931790136589957e-01
9.923504577185135456e-02
1.057253401730209041e-01
