1.097886210983800848e-01
1.175270163721534311e-01
1.073038379064373549e-01
1.092138185329880190e-01
1.060141408978618333e-01
1.063114217077964635e-01
1.029160946794791809e-01
1.095449735449735423e-01
1.037223974763406970e-01
1.077849283786589119e-01
1.122910937169452061e-01
1.135632791506982070e-01
1.178681702241911600e-01
1.072828744061620765e-01
1.074908513733962290e-01
1.033099704249888645e-01
1.078838174273858974e-01
1.079177853087452121e-01
1.047721874325199809e-01
1.081137951350896326e-01
1.100893440836783616e-01
1.096861732393749761e-01
1.045287536638731807e-01
1.088221552053689062e-01
1.106705887368376190e-01
1.046626345815639403e-01
1.066414802730434042e-01
1.033081326749115125e-01
1.143493680094571224e-01
9.601081812035158758e-02
1.018898157311843161e-01
9.955508567904497452e-02
1.007803790412486050e-01
1.006839712817026999e-01
9.492789249426417109e-02
9.447609811290257065e-02
9.411101718794026572e-02
9.866427687449323691e-02
9.987623762376238168e-02
9.962215089586803907e-02
1.021573864803780596e-01
9.534806994391289980e-02
9.598041216078351257e-02
1.038078874815199643e-01
1.023948480579593423e-01
9.850853981236468160e-02
9.359021556837239519e-02
9.272008799445960459e-02
9.329802403748217732e-02
9.148171633904036981e-02
8.995322089180721181e-02
8.919413102617847200e-02
8.715497567067131968e-02
9.175620848009273522e-02
9.049073158143736140e-02
8.180593542066375012e-02
8.405428676862519710e-02
8.703558292350291326e-02
8.667051868971954731e-02
7.797431326843091981e-02
6.917459005098525182e-02
5.972720746590093333e-02
6.163328197226502353e-02
6.616027686637601657e-02
7.763303157429896073e-02
7.954991495486066211e-02
7.623731939747925568e-02
6.263941366595347782e-02
5.871576870684391131e-02
4.964310384526824521e-02
3.783632286995515515e-02
6.035419126328217532e-02
7.493341759581094441e-02
8.144306651634723726e-02
8.939343561487674006e-02
9.446193739581404403e-02
9.451847781288638672e-02
9.985818377426769477e-02
9.625024098708309661e-02
1.078381968940400337e-01
1.001016934164566524e-01
1.079940751380223524e-01
1.115949185258338222e-01
1.085332835402856855e-01
1.079665060579127062e-01
1.070269746718969378e-01
1.041158755198623304e-01
1.073480923221855898e-01
1.077923928011776389e-01
1.045177736864466855e-01
1.040327798145352645e-01
1.040541115412430273e-01
1.091861587243233289e-01
1.102327035597838178e-01
1.046060552013198391e-01
1.162845219674590869e-01
1.030889293892238018e-01
1.026183792738484257e-01
1.082388654366076980e-01
1.066898181642791654e-01
8.208141794227762078e-02
6.690935901571355704e-02
7.963687025302233768e-02
9.752625022245951791e-02
1.090669593852908875e-01
1.075307262569832334e-01
1.058451070264140176e-01
1.076380728554641591e-01
1.098617158715727987e-01
1.149844162071445713e-01
1.050067912509952683e-01
1.072672393777571453e-01
1.130208808242910562e-01
1.049537826438122629e-01
1.100280411269862479e-01
1.103824655604946914e-01
1.052392832841914233e-01
1.040030243205779803e-01
1.030359911858320376e-01
1.096173733195449779e-01
1.029930728009410545e-01
1.095223867856075783e-01
1.019456233979073034e-01
1.036229061160888199e-01
1.118978324138829722e-01
1.081746625038476767e-01
1.087926450042814019e-01
1.075788061703554649e-01
1.031612541510329023e-01
9.869908296011942195e-02
1.090243175333248105e-01
1.055099648300117238e-01
1.036273953468069275e-01
1.074495346850694588e-01
9.845741113346746787e-02
1.061621337537774212e-01
1.057144081965104843e-01
1.038891611351182853e-01
1.015156229165740664e-01
1.064441887226697386e-01
1.133531960996749660e-01
1.068858243952268139e-01
1.072517031193976345e-01
1.022722056460867585e-01
1.058688147295742260e-01
1.041896605006401438e-01
1.052101916655230757e-01
1.021367720310972504e-01
1.030674846625766888e-01
1.097188681824395190e-01
1.101443993987154396e-01
1.027209354621092807e-01
1.048098281880411597e-01
1.017165232436370303e-01
1.053494195310721582e-01
1.007805011639052450e-01
1.036729036729036740e-01
1.053712259088151609e-01
1.019677164255477497e-01
1.013933644987064925e-01
1.081406662651160644e-01
9.951444642084515679e-02
1.047934360155462763e-01
9.897594198637856000e-02
9.119944965849344221e-02
9.915702243177597353e-02
9.579725035471402250e-02
9.506577338745171579e-02
1.006808130000496904e-01
1.011035612741554568e-01
1.014181349376880037e-01
9.874584841124274537e-02
9.759271307742355128e-02
9.114907605717985362e-02
7.750408929086885501e-02
4.757512500606825290e-02
2.341876322595814672e-02
6.348317229146244189e-02
6.886071140238400612e-02
7.800765540966131395e-02
9.052034785951088014e-02
8.964162514373323620e-02
9.473118804629132583e-02
9.573923166472642077e-02
1.025915913116435124e-01
1.014566709964743046e-01
1.012201490765797796e-01
1.075644949715784809e-01
9.818971759594496973e-02
1.030723488602576787e-01
1.026880955767316139e-01
1.056493030080704332e-01
1.103637881093819106e-01
1.072425444395475186e-01
1.051143288966895767e-01
1.067423841378314642e-01
9.724503684235227818e-02
9.075413461095499512e-02
9.886016873092802471e-02
1.044139465875370959e-01
1.057570496879838562e-01
9.039655090728195008e-02
8.506919155134741450e-02
8.635084203997900332e-02
9.282942951573501522e-02
1.024806430931597401e-01
1.072767835951962817e-01
1.007556675062972334e-01
9.713443900584517454e-02
9.410751041118184390e-02
9.819723296222108988e-02
9.639795774977751031e-02
1.025274882193345644e-01
9.920466845498611408e-02
9.746881544204680226e-02
9.526811039574985263e-02
1.103184594581992778e-01
1.091977039113602999e-01
1.014670481900349780e-01
1.020370710222059107e-01
1.027484743838402992e-01
1.115863689776733225e-01
1.058742225293711064e-01
1.051524710830704507e-01
1.095595168604912156e-01
1.051335063563981903e-01
1.123575733579692953e-01
1.129814791376619054e-01
1.039560347359147485e-01
1.006152429581885915e-01
1.069428891377379592e-01
1.002634245187436629e-01
1.138062801129755830e-01
1.088893626092517636e-01
1.142705523371511933e-01
1.122581221790231037e-01
1.122135706340378208e-01
1.097814776274713827e-01
1.066703041876960883e-01
1.018995929443690662e-01
1.063385186905038277e-01
