3.134800000000000000e+04
3.292700000000000000e+04
3.293900000000000000e+04
3.291100000000000000e+04
3.302200000000000000e+04
3.326700000000000000e+04
3.338900000000000000e+04
3.276700000000000000e+04
3.285100000000000000e+04
3.239300000000000000e+04
3.288700000000000000e+04
3.348700000000000000e+04
3.360500000000000000e+04
3.279100000000000000e+04
3.366800000000000000e+04
3.362900000000000000e+04
3.382300000000000000e+04
3.355100000000000000e+04
3.361500000000000000e+04
3.356100000000000000e+04
3.272500000000000000e+04
3.262300000000000000e+04
3.233500000000000000e+04
3.258700000000000000e+04
3.279900000000000000e+04
3.194500000000000000e+04
3.254100000000000000e+04
3.302500000000000000e+04
3.257700000000000000e+04
3.203700000000000000e+04
3.299700000000000000e+04
3.327900000000000000e+04
3.291900000000000000e+04
3.296300000000000000e+04
3.287300000000000000e+04
3.327200000000000000e+04
3.321500000000000000e+04
3.243900000000000000e+04
3.270800000000000000e+04
3.353100000000000000e+04
3.330100000000000000e+04
3.387500000000000000e+04
3.359100000000000000e+04
3.352500000000000000e+04
3.328700000000000000e+04
3.356900000000000000e+04
3.368500000000000000e+04
3.391300000000000000e+04
3.374500000000000000e+04
3.322900000000000000e+04
3.339100000000000000e+04
3.352900000000000000e+04
3.333100000000000000e+04
3.397500000000000000e+04
3.341500000000000000e+04
3.409100000000000000e+04
3.382100000000000000e+04
3.355300000000000000e+04
3.409700000000000000e+04
3.364100000000000000e+04
3.363100000000000000e+04
3.334900000000000000e+04
3.359900000000000000e+04
3.350500000000000000e+04
3.351900000000000000e+04
3.366100000000000000e+04
3.389700000000000000e+04
3.416800000000000000e+04
3.387300000000000000e+04
3.373500000000000000e+04
3.339900000000000000e+04
3.364500000000000000e+04
3.386900000000000000e+04
3.354700000000000000e+04
3.304500000000000000e+04
3.369900000000000000e+04
3.301100000000000000e+04
3.330300000000000000e+04
3.316300000000000000e+04
3.330900000000000000e+04
3.315700000000000000e+04
3.334900000000000000e+04
3.359100000000000000e+04
3.366500000000000000e+04
3.295500000000000000e+04
3.344100000000000000e+04
3.336300000000000000e+04
3.285300000000000000e+04
3.249500000000000000e+04
3.299100000000000000e+04
3.339300000000000000e+04
3.326500000000000000e+04
3.337900000000000000e+04
3.344900000000000000e+04
3.377900000000000000e+04
3.319100000000000000e+04
3.294700000000000000e+04
3.303500000000000000e+04
3.315100000000000000e+04
3.336100000000000000e+04
3.357300000000000000e+04
3.368900000000000000e+04
3.332900000000000000e+04
3.338700000000000000e+04
3.341900000000000000e+04
3.310300000000000000e+04
3.301200000000000000e+04
3.326800000000000000e+04
3.327700000000000000e+04
3.320700000000000000e+04
3.309700000000000000e+04
3.299300000000000000e+04
3.305700000000000000e+04
3.335900000000000000e+04
3.342100000000000000e+04
3.328500000000000000e+04
3.310300000000000000e+04
3.306900000000000000e+04
3.344700000000000000e+04
3.344700000000000000e+04
3.372700000000000000e+04
3.304900000000000000e+04
3.360500000000000000e+04
3.377300000000000000e+04
3.332900000000000000e+04
3.292900000000000000e+04
3.309300000000000000e+04
3.314100000000000000e+04
3.257700000000000000e+04
3.291300000000000000e+04
3.311100000000000000e+04
3.334300000000000000e+04
3.335500000000000000e+04
3.299300000000000000e+04
3.336700000000000000e+04
3.342700000000000000e+04
3.365500000000000000e+04
3.346100000000000000e+04
3.345300000000000000e+04
3.365700000000000000e+04
3.400700000000000000e+04
3.326500000000000000e+04
3.377100000000000000e+04
3.334500000000000000e+04
3.288700000000000000e+04
3.306900000000000000e+04
3.268900000000000000e+04
3.287300000000000000e+04
3.267100000000000000e+04
3.318700000000000000e+04
3.309700000000000000e+04
3.296900000000000000e+04
3.277700000000000000e+04
3.296300000000000000e+04
3.288500000000000000e+04
3.309100000000000000e+04
3.271100000000000000e+04
3.312100000000000000e+04
3.261100000000000000e+04
3.299700000000000000e+04
3.378900000000000000e+04
3.266100000000000000e+04
3.316900000000000000e+04
3.347300000000000000e+04
3.297100000000000000e+04
3.278300000000000000e+04
3.289300000000000000e+04
3.256500000000000000e+04
3.267700000000000000e+04
3.253100000000000000e+04
3.304900000000000000e+04
3.330700000000000000e+04
3.268300000000000000e+04
3.309100000000000000e+04
3.275300000000000000e+04
3.306700000000000000e+04
3.275700000000000000e+04
3.277700000000000000e+04
3.320900000000000000e+04
3.274500000000000000e+04
3.237300000000000000e+04
3.267100000000000000e+04
3.272700000000000000e+04
3.252700000000000000e+04
3.283300000000000000e+04
3.249900000000000000e+04
3.243100000000000000e+04
3.283500000000000000e+04
3.265900000000000000e+04
3.275900000000000000e+04
3.321700000000000000e+04
3.237800000000000000e+04
3.335500000000000000e+04
3.241700000000000000e+04
3.251900000000000000e+04
3.286900000000000000e+04
3.248500000000000000e+04
3.230900000000000000e+04
3.240900000000000000e+04
3.269700000000000000e+04
3.204900000000000000e+04
3.268900000000000000e+04
3.258700000000000000e+04
3.265900000000000000e+04
3.256900000000000000e+04
3.239900000000000000e+04
3.281500000000000000e+04
3.230700000000000000e+04
3.237500000000000000e+04
3.236300000000000000e+04
3.254300000000000000e+04
3.274900000000000000e+04
3.211100000000000000e+04
3.265100000000000000e+04
3.288300000000000000e+04
3.200100000000000000e+04
3.226700000000000000e+04
3.279300000000000000e+04
3.235900000000000000e+04
3.221300000000000000e+04
3.285700000000000000e+04
3.245300000000000000e+04
3.314700000000000000e+04
3.248500000000000000e+04
3.281900000000000000e+04
3.275500000000000000e+04
3.226900000000000000e+04
3.247700000000000000e+04
3.263300000000000000e+04
3.230500000000000000e+04
3.285000000000000000e+04
3.231100000000000000e+04
3.249900000000000000e+04
3.246500000000000000e+04
3.246700000000000000e+04
3.210300000000000000e+04
3.237100000000000000e+04
3.277100000000000000e+04
3.243500000000000000e+04
3.207700000000000000e+04
3.216100000000000000e+04
