1.179356479644775391e+01
1.150139975547790527e+01
1.151976704597473145e+01
1.151537013053894043e+01
1.164417338371276855e+01
1.148251295089721680e+01
1.150996041297912598e+01
1.155946636199951172e+01
1.151022028923034668e+01
1.149609303474426270e+01
1.152497029304504395e+01
1.156466794013977051e+01
1.170454978942871094e+01
1.149301791191101074e+01
1.153039765357971191e+01
1.160304689407348633e+01
1.154342126846313477e+01
1.151265645027160645e+01
1.163871383666992188e+01
1.153831839561462402e+01
1.152360224723815918e+01
1.148613953590393066e+01
1.161420726776123047e+01
1.150957417488098145e+01
1.149231934547424316e+01
1.151723718643188477e+01
1.156278467178344727e+01
1.155576944351196289e+01
1.151696348190307617e+01
1.151002216339111328e+01
1.167890858650207520e+01
1.153354501724243164e+01
1.153003096580505371e+01
1.149187898635864258e+01
1.155700087547302246e+01
1.155576729774475098e+01
1.161163663864135742e+01
1.150506639480590820e+01
1.148408412933349609e+01
1.151777529716491699e+01
1.154135179519653320e+01
1.151654291152954102e+01
1.165469813346862793e+01
1.154987049102783203e+01
1.148223876953125000e+01
1.153639984130859375e+01
1.146177458763122559e+01
1.161204242706298828e+01
1.146205306053161621e+01
1.153395247459411621e+01
1.149315571784973145e+01
1.146675157546997070e+01
1.148505306243896484e+01
1.152147984504699707e+01
1.152769660949707031e+01
1.159755063056945801e+01
1.154509377479553223e+01
1.150216674804687500e+01
1.147439455986022949e+01
1.143059659004211426e+01
1.152147293090820312e+01
1.148765587806701660e+01
1.156335401535034180e+01
1.147237372398376465e+01
1.152515602111816406e+01
1.138726735115051270e+01
1.147777032852172852e+01
1.144619393348693848e+01
1.143935251235961914e+01
1.150843763351440430e+01
1.156597661972045898e+01
1.149457049369812012e+01
1.150873875617980957e+01
1.148350977897644043e+01
1.149071931838989258e+01
1.159400081634521484e+01
1.164804649353027344e+01
1.153005099296569824e+01
1.147765326499938965e+01
1.160099673271179199e+01
1.153261971473693848e+01
1.151336002349853516e+01
1.172657370567321777e+01
1.155588769912719727e+01
1.158744740486145020e+01
1.150604605674743652e+01
1.150994277000427246e+01
1.159141707420349121e+01
1.153075003623962402e+01
1.153174185752868652e+01
1.158563041687011719e+01
1.150215363502502441e+01
1.148683142662048340e+01
1.150558376312255859e+01
1.172159266471862793e+01
1.146647810935974121e+01
1.146610808372497559e+01
1.138224339485168457e+01
1.152294731140136719e+01
1.156000113487243652e+01
1.158274555206298828e+01
1.148158121109008789e+01
1.161827397346496582e+01
1.148469305038452148e+01
1.156054425239562988e+01
1.149619960784912109e+01
1.156188988685607910e+01
1.162540411949157715e+01
1.149039268493652344e+01
1.160020279884338379e+01
1.149325895309448242e+01
1.153346681594848633e+01
1.149763631820678711e+01
1.161892366409301758e+01
1.149190545082092285e+01
1.149772095680236816e+01
1.151402187347412109e+01
1.156109571456909180e+01
1.154135465621948242e+01
1.150415062904357910e+01
1.150776720046997070e+01
1.159454107284545898e+01
1.154052877426147461e+01
1.152211523056030273e+01
1.154056978225708008e+01
1.151578497886657715e+01
1.157710504531860352e+01
1.151776075363159180e+01
1.147796201705932617e+01
1.148984766006469727e+01
1.150892686843872070e+01
1.153946852684020996e+01
1.169738340377807617e+01
1.153987097740173340e+01
1.152937626838684082e+01
1.147796797752380371e+01
1.155165004730224609e+01
1.150776600837707520e+01
1.162112736701965332e+01
1.147162318229675293e+01
1.157251882553100586e+01
1.156698226928710938e+01
1.154326462745666504e+01
1.157478737831115723e+01
1.164698100090026855e+01
1.152734470367431641e+01
1.154000329971313477e+01
1.161839556694030762e+01
1.156187725067138672e+01
1.150616884231567383e+01
1.158912968635559082e+01
1.158805942535400391e+01
1.150105595588684082e+01
1.150749588012695312e+01
1.148458504676818848e+01
1.158220863342285156e+01
1.162141847610473633e+01
1.150577545166015625e+01
1.145699810981750488e+01
1.157480168342590332e+01
1.148113846778869629e+01
1.148566007614135742e+01
1.155904173851013184e+01
1.148212909698486328e+01
1.147311949729919434e+01
1.153499555587768555e+01
1.158808660507202148e+01
1.146596431732177734e+01
1.148988533020019531e+01
1.146936845779418945e+01
1.152658295631408691e+01
1.146884942054748535e+01
1.159784078598022461e+01
1.150663089752197266e+01
1.149403333663940430e+01
1.150560212135314941e+01
1.165850949287414551e+01
1.164545965194702148e+01
1.154970002174377441e+01
1.151094889640808105e+01
1.147851037979125977e+01
1.156387710571289062e+01
1.166511511802673340e+01
1.150233006477355957e+01
1.156549119949340820e+01
1.151133418083190918e+01
1.149050140380859375e+01
1.144480586051940918e+01
1.162803578376770020e+01
1.154891061782836914e+01
1.153769588470458984e+01
1.148610877990722656e+01
1.150161194801330566e+01
1.154569339752197266e+01
1.163204193115234375e+01
1.153961849212646484e+01
1.161286401748657227e+01
1.151348495483398438e+01
1.153707599639892578e+01
1.149224662780761719e+01
1.168146896362304688e+01
1.156409239768981934e+01
1.151940226554870605e+01
1.151512050628662109e+01
1.156712961196899414e+01
1.155255556106567383e+01
1.165686559677124023e+01
1.157216286659240723e+01
1.159639406204223633e+01
1.152333903312683105e+01
1.150197100639343262e+01
1.154548168182373047e+01
1.161734414100646973e+01
1.156806874275207520e+01
1.149586248397827148e+01
1.157825660705566406e+01
1.148877072334289551e+01
1.155420017242431641e+01
1.154315900802612305e+01
1.155901312828063965e+01
1.152480912208557129e+01
1.151219773292541504e+01
1.150075674057006836e+01
1.162118530273437500e+01
1.162151956558227539e+01
1.146252918243408203e+01
1.155481362342834473e+01
1.164858436584472656e+01
1.155514740943908691e+01
1.146976947784423828e+01
1.152999830245971680e+01
1.149128866195678711e+01
1.144042611122131348e+01
1.157615041732788086e+01
1.159500575065612793e+01
1.158740687370300293e+01
1.160020232200622559e+01
1.151423501968383789e+01
1.156413888931274414e+01
1.155017614364624023e+01
1.149408960342407227e+01
