1.340000000000000000e+02
1.640000000000000000e+02
1.600000000000000000e+02
1.740000000000000000e+02
1.840000000000000000e+02
2.140000000000000000e+02
1.920000000000000000e+02
1.900000000000000000e+02
1.760000000000000000e+02
2.100000000000000000e+02
1.940000000000000000e+02
2.480000000000000000e+02
2.200000000000000000e+02
2.000000000000000000e+02
2.320000000000000000e+02
2.340000000000000000e+02
2.480000000000000000e+02
2.220000000000000000e+02
2.460000000000000000e+02
2.640000000000000000e+02
2.600000000000000000e+02
2.840000000000000000e+02
2.440000000000000000e+02
2.720000000000000000e+02
2.580000000000000000e+02
2.320000000000000000e+02
1.720000000000000000e+02
2.220000000000000000e+02
2.220000000000000000e+02
2.220000000000000000e+02
2.490000000000000000e+02
1.940000000000000000e+02
1.820000000000000000e+02
1.900000000000000000e+02
1.540000000000000000e+02
1.700000000000000000e+02
1.760000000000000000e+02
1.660000000000000000e+02
1.580000000000000000e+02
1.700000000000000000e+02
1.480000000000000000e+02
