3.004806995391845703e+00
3.066787242889404297e+00
3.047849655151367188e+00
2.972238302230834961e+00
3.088450670242309570e+00
2.910044193267822266e+00
2.989675283432006836e+00
2.989362239837646484e+00
3.099102497100830078e+00
2.970553874969482422e+00
2.935471057891845703e+00
3.033300638198852539e+00
3.089891910552978516e+00
3.023868322372436523e+00
2.969903945922851562e+00
3.091328382492065430e+00
3.030737638473510742e+00
2.989412546157836914e+00
2.965457439422607422e+00
3.086153030395507812e+00
3.010255098342895508e+00
3.066577672958374023e+00
3.035559415817260742e+00
3.070682287216186523e+00
3.042761087417602539e+00
2.976702213287353516e+00
3.053804159164428711e+00
3.108247995376586914e+00
3.023728370666503906e+00
3.061362028121948242e+00
3.099049329757690430e+00
2.996841430664062500e+00
2.978335142135620117e+00
3.036203861236572266e+00
3.021354675292968750e+00
3.010590791702270508e+00
3.052482128143310547e+00
2.991491079330444336e+00
3.084089040756225586e+00
3.067441225051879883e+00
3.045891523361206055e+00
2.985069513320922852e+00
3.010495662689208984e+00
3.034952163696289062e+00
3.058387994766235352e+00
2.983523845672607422e+00
3.091234922409057617e+00
3.036533355712890625e+00
2.983157634735107422e+00
3.022737979888916016e+00
3.018498659133911133e+00
3.066052436828613281e+00
2.987126588821411133e+00
3.106661796569824219e+00
3.086699008941650391e+00
3.017305612564086914e+00
3.108314752578735352e+00
3.080803632736206055e+00
3.023875713348388672e+00
2.980362892150878906e+00
2.975153684616088867e+00
