9.970000000000000639e+00
9.973000000000000753e+00
9.971000000000000085e+00
9.967000000000000526e+00
9.974000000000000199e+00
9.971000000000000085e+00
9.967000000000000526e+00
9.968999999999999417e+00
9.974999999999999645e+00
9.974000000000000199e+00
9.968999999999999417e+00
9.965999999999999304e+00
9.973000000000000753e+00
9.968999999999999417e+00
9.971000000000000085e+00
9.965999999999999304e+00
9.961000000000000298e+00
9.967000000000000526e+00
9.961000000000000298e+00
9.961999999999999744e+00
9.960000000000000853e+00
9.967000000000000526e+00
9.965999999999999304e+00
9.967000000000000526e+00
9.968999999999999417e+00
9.961999999999999744e+00
9.965999999999999304e+00
9.967000000000000526e+00
9.965999999999999304e+00
9.964999999999999858e+00
9.964999999999999858e+00
9.961999999999999744e+00
9.961999999999999744e+00
9.967000000000000526e+00
9.962999999999999190e+00
9.962999999999999190e+00
9.965999999999999304e+00
9.967000000000000526e+00
9.962999999999999190e+00
9.967000000000000526e+00
9.967000000000000526e+00
