1.059865294539984355e-02
1.272548820523234162e-02
1.258324687928784151e-02
1.082996947917692215e-02
1.026378583336057249e-02
1.179471888148958016e-02
1.210772603815569830e-02
9.962474678710191156e-03
1.102550478214665321e-02
1.251111184275507937e-02
1.144873032249475904e-02
1.101447328654420882e-02
1.243024693420656870e-02
1.136476262843172901e-02
1.490466819369616440e-02
1.311518410439686463e-02
1.382654565708856149e-02
1.440875004093394862e-02
1.507018304270996492e-02
1.341315798082899809e-02
1.453159815287241238e-02
1.620316788465989838e-02
1.507621493612621398e-02
1.460511500723821708e-02
1.439963839473089487e-02
1.449514083347059820e-02
1.503809651116160863e-02
1.619625249889879159e-02
1.789518534299105318e-02
1.702354036441016197e-02
1.408956002739636740e-02
1.875594320752860950e-02
1.792406713377871913e-02
1.951349019347559111e-02
2.002560651324644669e-02
2.088067713994005981e-02
1.881297492719177789e-02
2.064944793668371109e-02
2.027313320947818007e-02
1.803574356451877192e-02
2.028690542625479973e-02
2.202481950959843046e-02
1.997962603923630551e-02
2.216193246821168347e-02
2.355078340415869137e-02
2.121122014074734718e-02
2.387188753688538126e-02
2.678660008598168080e-02
2.746288798920377972e-02
3.029595275432918344e-02
3.157509887991491460e-02
3.317141336172477889e-02
3.162828337323397854e-02
3.107007801587571838e-02
3.026998446845775154e-02
2.565734382850443779e-02
2.738651589921239221e-02
3.114358448771779170e-02
3.125208236156460512e-02
3.401471790678659013e-02
4.472383197459319643e-02
4.673358565081454918e-02
4.244364500478563923e-02
3.696647615227781347e-02
4.098878796952457049e-02
3.704568968394353345e-02
3.229321446260525336e-02
3.110008271298593877e-02
2.773786050863883898e-02
2.853048028530480451e-02
2.872543439686631520e-02
3.356978719152762386e-02
3.956943093792964633e-02
3.778263564879767722e-02
4.008177217735178766e-02
3.829688381508645351e-02
4.521517458826686264e-02
5.610181196356341798e-02
5.715051422062912556e-02
6.301451383608291934e-02
6.351418616226978120e-02
6.577060334189374635e-02
6.655386350817822649e-02
6.464375523889354103e-02
5.552104110126540593e-02
5.158984388171426738e-02
4.512425760642357203e-02
3.820247310746958946e-02
2.684298825619263820e-02
2.499587798845836692e-02
2.108106327612898831e-02
2.002305285690762424e-02
1.935420487293686154e-02
1.813908841150574380e-02
2.086468050957969791e-02
2.000457621024417237e-02
1.628643017275484620e-02
1.758300309700622580e-02
1.483649576100121159e-02
1.440048001600053272e-02
1.281837300130186583e-02
1.346231903666621557e-02
1.226106423282245610e-02
1.296453419311047010e-02
1.044439203530878393e-02
1.347628373220035106e-02
1.398648878025596579e-02
1.416345024332941842e-02
2.517013782018398885e-02
3.658659161724796272e-02
4.820904088315722258e-02
4.480610125634128943e-02
1.997734527855009670e-02
1.360220355697623097e-02
1.300041271151465040e-02
1.112210432943263640e-02
1.209115918894134410e-02
1.174417824307093412e-02
1.196831117609057846e-02
1.335377278146823374e-02
1.338997451146983937e-02
1.319662978377829712e-02
1.307324457288333922e-02
1.212246444191893147e-02
1.338894535768111842e-02
1.348979662066829635e-02
1.250738283014279223e-02
1.075528284325554147e-02
1.362731052797092925e-02
1.273840274583348114e-02
1.339908178881142609e-02
1.464527774939545710e-02
1.436535896295789566e-02
1.412283421170472918e-02
1.559655089491222661e-02
1.590979836059903951e-02
1.591089896579156795e-02
1.508911576397300655e-02
1.677793701282813063e-02
1.821658265252911607e-02
1.632653061224489943e-02
1.743160516030851231e-02
1.547506419786457560e-02
1.568271878568070279e-02
1.586815132631865660e-02
1.336781647801699516e-02
1.469458638079016756e-02
1.476433844406587099e-02
1.301196696443620432e-02
1.281483248696363431e-02
1.407831060272767346e-02
1.423754215061820948e-02
1.462077368260737177e-02
1.371946068326969186e-02
1.398315200709389187e-02
1.728655527954537849e-02
1.594168341451783141e-02
1.744679406673229141e-02
1.527290082841850465e-02
2.126582278481012681e-02
1.758973140004754104e-02
2.018974307032648033e-02
2.300345736487180437e-02
1.902034972901114548e-02
2.330070782673485455e-02
1.704212233069996724e-02
1.589914200665382485e-02
1.758802634755319422e-02
1.752524388156768628e-02
1.689618462172464558e-02
1.982875168995042875e-02
1.897894629434372996e-02
1.819275829115492293e-02
1.863156780408624022e-02
1.848733720490704918e-02
1.540436456996148971e-02
1.637788633887463444e-02
1.730312378115803421e-02
1.555380451539963710e-02
2.054384915749111681e-02
1.948258214802527089e-02
2.194910853384109475e-02
2.520864100010303255e-02
3.124452695365862245e-02
4.133948378464030737e-02
5.626293451190852307e-02
9.005982995696441840e-02
8.701411887746209051e-02
5.706589161025059365e-02
4.029164794913438902e-02
3.112140807081849314e-02
2.747921666840585919e-02
2.137792358979786339e-02
2.066541206547597986e-02
2.052921328360859596e-02
1.651584488869008854e-02
1.688432514386134162e-02
1.526016461196086013e-02
1.842359941216531113e-02
2.141778729679435361e-02
2.634814684700509391e-02
1.992073065655695224e-02
2.094024453246082218e-02
2.202095542532409717e-02
2.065182316876411697e-02
2.197260466917849361e-02
2.055434444098411598e-02
2.083839822179001794e-02
1.869551517697720655e-02
1.712029628594388675e-02
1.905713571963884093e-02
3.723270440251572055e-02
2.749974024174834525e-02
2.349991044241447197e-02
2.638727202173069344e-02
2.122633193469905880e-02
1.910674254181755558e-02
1.398649343526104684e-02
1.460315231509109503e-02
1.537213975954588793e-02
1.446259127306077745e-02
1.706760316066725097e-02
1.672623798452302357e-02
1.849433522747326308e-02
1.684225362037983231e-02
1.392575230085140066e-02
1.663744800797497397e-02
1.434302552632513161e-02
1.557556583110245724e-02
1.538085084070332439e-02
1.349980764522785287e-02
1.433308375227296955e-02
1.364795460259311116e-02
1.125165729028559068e-02
1.166286355898438903e-02
1.122912419983549716e-02
1.301161751563896345e-02
1.313557792934213868e-02
1.270319733017547664e-02
1.339013998782714529e-02
1.132938741421257202e-02
