2.453500000000000000e+04
2.512100000000000000e+04
2.540600000000000000e+04
2.526300000000000000e+04
2.510900000000000000e+04
2.532200000000000000e+04
2.579900000000000000e+04
2.591900000000000000e+04
2.623200000000000000e+04
2.665900000000000000e+04
2.589700000000000000e+04
2.650500000000000000e+04
2.622500000000000000e+04
2.616200000000000000e+04
2.673300000000000000e+04
2.598900000000000000e+04
2.703300000000000000e+04
2.637100000000000000e+04
2.624900000000000000e+04
2.646500000000000000e+04
2.642900000000000000e+04
2.597500000000000000e+04
2.644700000000000000e+04
2.634100000000000000e+04
2.696900000000000000e+04
2.604300000000000000e+04
2.706900000000000000e+04
2.671100000000000000e+04
2.666000000000000000e+04
2.687100000000000000e+04
2.681900000000000000e+04
2.692100000000000000e+04
2.647700000000000000e+04
2.641100000000000000e+04
2.655800000000000000e+04
2.656500000000000000e+04
2.642500000000000000e+04
2.648300000000000000e+04
2.635900000000000000e+04
2.641900000000000000e+04
2.674700000000000000e+04
2.716900000000000000e+04
2.633500000000000000e+04
2.661900000000000000e+04
2.679600000000000000e+04
2.659300000000000000e+04
2.666100000000000000e+04
2.704700000000000000e+04
2.721900000000000000e+04
2.695900000000000000e+04
2.622500000000000000e+04
2.608100000000000000e+04
2.609400000000000000e+04
2.600700000000000000e+04
2.565700000000000000e+04
2.636900000000000000e+04
2.620300000000000000e+04
2.640900000000000000e+04
2.620700000000000000e+04
2.690100000000000000e+04
2.599900000000000000e+04
2.631900000000000000e+04
2.678100000000000000e+04
2.698900000000000000e+04
2.662300000000000000e+04
2.681000000000000000e+04
2.671300000000000000e+04
2.750100000000000000e+04
2.727500000000000000e+04
2.706800000000000000e+04
2.703400000000000000e+04
2.705900000000000000e+04
2.738500000000000000e+04
2.661900000000000000e+04
2.681700000000000000e+04
2.690100000000000000e+04
2.663100000000000000e+04
2.639100000000000000e+04
2.665700000000000000e+04
2.703300000000000000e+04
2.701100000000000000e+04
2.700500000000000000e+04
2.687100000000000000e+04
2.693300000000000000e+04
2.652700000000000000e+04
2.657300000000000000e+04
2.602300000000000000e+04
2.609600000000000000e+04
2.606100000000000000e+04
2.633500000000000000e+04
2.591500000000000000e+04
2.596100000000000000e+04
2.606500000000000000e+04
2.678100000000000000e+04
2.592300000000000000e+04
2.589300000000000000e+04
2.658900000000000000e+04
2.586600000000000000e+04
2.654300000000000000e+04
2.630900000000000000e+04
2.622100000000000000e+04
2.622700000000000000e+04
2.628500000000000000e+04
2.611500000000000000e+04
2.629300000000000000e+04
2.630000000000000000e+04
2.648500000000000000e+04
2.670100000000000000e+04
2.633900000000000000e+04
2.643100000000000000e+04
2.649500000000000000e+04
2.550100000000000000e+04
2.577700000000000000e+04
2.584900000000000000e+04
2.579300000000000000e+04
2.589200000000000000e+04
2.555100000000000000e+04
2.582100000000000000e+04
2.546500000000000000e+04
2.525300000000000000e+04
2.528100000000000000e+04
2.506200000000000000e+04
2.505700000000000000e+04
2.561700000000000000e+04
2.515900000000000000e+04
2.562900000000000000e+04
2.511100000000000000e+04
2.529100000000000000e+04
2.502300000000000000e+04
2.502100000000000000e+04
2.482700000000000000e+04
2.452300000000000000e+04
2.498500000000000000e+04
2.497300000000000000e+04
2.488700000000000000e+04
2.496500000000000000e+04
2.444100000000000000e+04
2.491300000000000000e+04
2.507900000000000000e+04
2.484700000000000000e+04
2.477300000000000000e+04
2.514900000000000000e+04
2.466500000000000000e+04
2.501100000000000000e+04
2.491900000000000000e+04
2.515100000000000000e+04
2.490400000000000000e+04
2.470100000000000000e+04
2.493100000000000000e+04
2.491300000000000000e+04
2.441200000000000000e+04
2.495100000000000000e+04
2.480300000000000000e+04
2.488300000000000000e+04
2.463700000000000000e+04
2.494300000000000000e+04
2.478100000000000000e+04
2.450100000000000000e+04
2.468100000000000000e+04
2.447700000000000000e+04
2.407900000000000000e+04
2.464300000000000000e+04
2.504700000000000000e+04
2.455700000000000000e+04
2.437900000000000000e+04
2.409700000000000000e+04
2.425100000000000000e+04
2.422500000000000000e+04
2.403700000000000000e+04
2.453500000000000000e+04
2.366700000000000000e+04
2.422100000000000000e+04
2.413900000000000000e+04
2.454700000000000000e+04
2.393700000000000000e+04
2.430300000000000000e+04
2.382300000000000000e+04
2.368900000000000000e+04
2.410000000000000000e+04
2.391300000000000000e+04
2.395500000000000000e+04
2.355900000000000000e+04
2.401300000000000000e+04
2.394100000000000000e+04
2.392400000000000000e+04
2.428600000000000000e+04
2.436500000000000000e+04
2.403900000000000000e+04
2.432500000000000000e+04
2.421700000000000000e+04
2.419300000000000000e+04
2.458100000000000000e+04
2.450900000000000000e+04
2.501100000000000000e+04
2.462700000000000000e+04
2.471300000000000000e+04
2.501100000000000000e+04
2.500900000000000000e+04
2.453500000000000000e+04
2.462500000000000000e+04
2.420500000000000000e+04
2.482500000000000000e+04
2.460700000000000000e+04
2.465500000000000000e+04
2.431500000000000000e+04
2.518700000000000000e+04
2.482700000000000000e+04
2.514200000000000000e+04
2.501900000000000000e+04
2.441300000000000000e+04
2.474500000000000000e+04
2.460300000000000000e+04
2.484300000000000000e+04
2.473100000000000000e+04
2.441700000000000000e+04
2.474000000000000000e+04
2.516100000000000000e+04
2.507900000000000000e+04
2.473700000000000000e+04
2.435300000000000000e+04
2.486700000000000000e+04
2.527700000000000000e+04
2.545700000000000000e+04
2.520400000000000000e+04
2.539700000000000000e+04
2.533500000000000000e+04
2.543900000000000000e+04
2.542500000000000000e+04
2.474500000000000000e+04
2.474100000000000000e+04
2.477900000000000000e+04
2.475100000000000000e+04
2.515500000000000000e+04
2.492100000000000000e+04
2.456900000000000000e+04
2.445500000000000000e+04
2.492700000000000000e+04
2.510300000000000000e+04
2.479700000000000000e+04
2.520700000000000000e+04
2.528100000000000000e+04
