2.223000000000000000e+03
2.534000000000000000e+03
2.452000000000000000e+03
2.488000000000000000e+03
2.489000000000000000e+03
2.434000000000000000e+03
2.474000000000000000e+03
2.588000000000000000e+03
2.466000000000000000e+03
2.596000000000000000e+03
2.654000000000000000e+03
2.578000000000000000e+03
2.634000000000000000e+03
2.326000000000000000e+03
2.438000000000000000e+03
2.550000000000000000e+03
2.574000000000000000e+03
2.452000000000000000e+03
2.426000000000000000e+03
2.569000000000000000e+03
2.526000000000000000e+03
2.506000000000000000e+03
2.532000000000000000e+03
2.562000000000000000e+03
2.596000000000000000e+03
2.440000000000000000e+03
2.484000000000000000e+03
2.364000000000000000e+03
2.515000000000000000e+03
2.130000000000000000e+03
2.162000000000000000e+03
2.260000000000000000e+03
2.260000000000000000e+03
2.370000000000000000e+03
2.317000000000000000e+03
2.338000000000000000e+03
2.338000000000000000e+03
2.312000000000000000e+03
2.421000000000000000e+03
2.452000000000000000e+03
2.486000000000000000e+03
2.312000000000000000e+03
2.352000000000000000e+03
2.598000000000000000e+03
2.544000000000000000e+03
2.457000000000000000e+03
2.288000000000000000e+03
2.276000000000000000e+03
2.290000000000000000e+03
2.164000000000000000e+03
2.096000000000000000e+03
2.000000000000000000e+03
2.024000000000000000e+03
2.058000000000000000e+03
2.104000000000000000e+03
2.004000000000000000e+03
2.050000000000000000e+03
2.106000000000000000e+03
1.950000000000000000e+03
1.706000000000000000e+03
1.506000000000000000e+03
1.248000000000000000e+03
1.320000000000000000e+03
1.472000000000000000e+03
1.758000000000000000e+03
1.824000000000000000e+03
1.736000000000000000e+03
1.376000000000000000e+03
1.250000000000000000e+03
1.078000000000000000e+03
8.100000000000000000e+02
1.278000000000000000e+03
1.660000000000000000e+03
1.806000000000000000e+03
1.882000000000000000e+03
2.040000000000000000e+03
2.064000000000000000e+03
2.042000000000000000e+03
1.997000000000000000e+03
2.354000000000000000e+03
2.264000000000000000e+03
2.406000000000000000e+03
2.486000000000000000e+03
2.325000000000000000e+03
2.308000000000000000e+03
2.210000000000000000e+03
2.178000000000000000e+03
2.279000000000000000e+03
2.270000000000000000e+03
2.214000000000000000e+03
2.412000000000000000e+03
2.446000000000000000e+03
2.376000000000000000e+03
2.468000000000000000e+03
2.346000000000000000e+03
2.480000000000000000e+03
2.206000000000000000e+03
2.230000000000000000e+03
2.282000000000000000e+03
2.212000000000000000e+03
1.732000000000000000e+03
1.452000000000000000e+03
1.772000000000000000e+03
2.192000000000000000e+03
2.484000000000000000e+03
2.406000000000000000e+03
2.240000000000000000e+03
2.290000000000000000e+03
2.296000000000000000e+03
2.398000000000000000e+03
2.242000000000000000e+03
2.310000000000000000e+03
2.479000000000000000e+03
2.339000000000000000e+03
2.472000000000000000e+03
2.508000000000000000e+03
2.320000000000000000e+03
2.476000000000000000e+03
2.525000000000000000e+03
2.650000000000000000e+03
2.364000000000000000e+03
2.566000000000000000e+03
2.426000000000000000e+03
2.394000000000000000e+03
2.576000000000000000e+03
2.460000000000000000e+03
2.414000000000000000e+03
2.406000000000000000e+03
2.392000000000000000e+03
2.314000000000000000e+03
2.560000000000000000e+03
2.430000000000000000e+03
2.374000000000000000e+03
2.390000000000000000e+03
2.202000000000000000e+03
2.424000000000000000e+03
2.466000000000000000e+03
2.332000000000000000e+03
2.284000000000000000e+03
2.405000000000000000e+03
2.511000000000000000e+03
2.302000000000000000e+03
2.393000000000000000e+03
2.228000000000000000e+03
2.300000000000000000e+03
2.360000000000000000e+03
2.300000000000000000e+03
2.194000000000000000e+03
2.268000000000000000e+03
2.408000000000000000e+03
2.418000000000000000e+03
2.284000000000000000e+03
2.312000000000000000e+03
2.234000000000000000e+03
2.314000000000000000e+03
2.208000000000000000e+03
2.244000000000000000e+03
2.258000000000000000e+03
2.192000000000000000e+03
2.234000000000000000e+03
2.334000000000000000e+03
2.070000000000000000e+03
2.184000000000000000e+03
2.020000000000000000e+03
1.856000000000000000e+03
2.082000000000000000e+03
1.958000000000000000e+03
1.944000000000000000e+03
2.026000000000000000e+03
2.098000000000000000e+03
2.124000000000000000e+03
1.992000000000000000e+03
1.950000000000000000e+03
1.830000000000000000e+03
1.611000000000000000e+03
9.800000000000000000e+02
4.980000000000000000e+02
1.360000000000000000e+03
1.450000000000000000e+03
1.610000000000000000e+03
1.884000000000000000e+03
1.871000000000000000e+03
1.940000000000000000e+03
2.056000000000000000e+03
2.201000000000000000e+03
2.187000000000000000e+03
2.132000000000000000e+03
2.214000000000000000e+03
2.034000000000000000e+03
2.184000000000000000e+03
2.166000000000000000e+03
2.160000000000000000e+03
2.248000000000000000e+03
2.190000000000000000e+03
2.156000000000000000e+03
2.218000000000000000e+03
2.072000000000000000e+03
1.970000000000000000e+03
2.203000000000000000e+03
2.252000000000000000e+03
2.254000000000000000e+03
1.908000000000000000e+03
1.752000000000000000e+03
1.810000000000000000e+03
1.938000000000000000e+03
2.078000000000000000e+03
2.260000000000000000e+03
2.200000000000000000e+03
2.044000000000000000e+03
1.966000000000000000e+03
2.108000000000000000e+03
2.058000000000000000e+03
2.154000000000000000e+03
2.108000000000000000e+03
2.141000000000000000e+03
2.116000000000000000e+03
2.366000000000000000e+03
2.454000000000000000e+03
2.234000000000000000e+03
2.224000000000000000e+03
2.172000000000000000e+03
2.374000000000000000e+03
2.298000000000000000e+03
2.300000000000000000e+03
2.440000000000000000e+03
2.390000000000000000e+03
2.554000000000000000e+03
2.678000000000000000e+03
2.478000000000000000e+03
2.404000000000000000e+03
2.483000000000000000e+03
2.474000000000000000e+03
2.740000000000000000e+03
2.554000000000000000e+03
2.584000000000000000e+03
2.512000000000000000e+03
2.522000000000000000e+03
2.532000000000000000e+03
2.346000000000000000e+03
2.253000000000000000e+03
2.290000000000000000e+03
