4.620000000000000000e+02
4.380000000000000000e+02
4.600000000000000000e+02
5.000000000000000000e+02
4.760000000000000000e+02
4.620000000000000000e+02
4.500000000000000000e+02
4.080000000000000000e+02
4.660000000000000000e+02
5.020000000000000000e+02
4.720000000000000000e+02
4.740000000000000000e+02
4.480000000000000000e+02
5.460000000000000000e+02
4.700000000000000000e+02
4.500000000000000000e+02
5.320000000000000000e+02
5.040000000000000000e+02
5.660000000000000000e+02
5.440000000000000000e+02
5.510000000000000000e+02
5.280000000000000000e+02
5.580000000000000000e+02
4.800000000000000000e+02
5.800000000000000000e+02
5.680000000000000000e+02
5.660000000000000000e+02
5.460000000000000000e+02
5.620000000000000000e+02
6.700000000000000000e+02
7.600000000000000000e+02
6.880000000000000000e+02
7.390000000000000000e+02
7.300000000000000000e+02
8.340000000000000000e+02
8.060000000000000000e+02
8.760000000000000000e+02
9.680000000000000000e+02
9.740000000000000000e+02
8.820000000000000000e+02
1.120000000000000000e+03
1.044000000000000000e+03
1.140000000000000000e+03
1.140000000000000000e+03
1.326000000000000000e+03
1.388000000000000000e+03
1.550000000000000000e+03
1.670000000000000000e+03
1.652000000000000000e+03
1.840000000000000000e+03
1.922000000000000000e+03
2.031000000000000000e+03
2.212000000000000000e+03
2.158000000000000000e+03
2.164000000000000000e+03
2.352000000000000000e+03
2.484000000000000000e+03
2.548000000000000000e+03
2.656000000000000000e+03
2.978000000000000000e+03
2.778000000000000000e+03
2.230000000000000000e+03
2.682000000000000000e+03
2.808000000000000000e+03
2.695000000000000000e+03
2.082000000000000000e+03
1.487000000000000000e+03
8.700000000000000000e+02
8.200000000000000000e+02
6.720000000000000000e+02
6.460000000000000000e+02
5.720000000000000000e+02
5.940000000000000000e+02
5.140000000000000000e+02
4.300000000000000000e+02
5.580000000000000000e+02
4.760000000000000000e+02
5.500000000000000000e+02
5.360000000000000000e+02
4.800000000000000000e+02
4.760000000000000000e+02
4.660000000000000000e+02
4.680000000000000000e+02
4.820000000000000000e+02
4.680000000000000000e+02
4.860000000000000000e+02
4.740000000000000000e+02
5.260000000000000000e+02
5.160000000000000000e+02
5.020000000000000000e+02
4.620000000000000000e+02
5.340000000000000000e+02
1.069000000000000000e+03
1.068000000000000000e+03
6.200000000000000000e+02
4.740000000000000000e+02
4.380000000000000000e+02
4.900000000000000000e+02
4.300000000000000000e+02
4.400000000000000000e+02
4.180000000000000000e+02
4.280000000000000000e+02
4.860000000000000000e+02
4.160000000000000000e+02
4.780000000000000000e+02
3.620000000000000000e+02
4.240000000000000000e+02
4.320000000000000000e+02
4.860000000000000000e+02
4.360000000000000000e+02
4.140000000000000000e+02
4.020000000000000000e+02
4.740000000000000000e+02
5.500000000000000000e+02
4.540000000000000000e+02
4.980000000000000000e+02
5.140000000000000000e+02
4.520000000000000000e+02
6.160000000000000000e+02
5.490000000000000000e+02
6.300000000000000000e+02
6.680000000000000000e+02
6.600000000000000000e+02
6.420000000000000000e+02
6.540000000000000000e+02
5.900000000000000000e+02
5.460000000000000000e+02
5.440000000000000000e+02
5.120000000000000000e+02
5.600000000000000000e+02
5.580000000000000000e+02
5.560000000000000000e+02
5.520000000000000000e+02
5.460000000000000000e+02
5.620000000000000000e+02
5.480000000000000000e+02
5.320000000000000000e+02
5.420000000000000000e+02
6.340000000000000000e+02
5.920000000000000000e+02
5.780000000000000000e+02
5.800000000000000000e+02
5.200000000000000000e+02
5.560000000000000000e+02
5.540000000000000000e+02
4.680000000000000000e+02
5.580000000000000000e+02
5.740000000000000000e+02
4.960000000000000000e+02
4.760000000000000000e+02
5.340000000000000000e+02
5.020000000000000000e+02
5.560000000000000000e+02
5.360000000000000000e+02
6.660000000000000000e+02
6.540000000000000000e+02
6.300000000000000000e+02
7.980000000000000000e+02
9.060000000000000000e+02
1.156000000000000000e+03
1.714000000000000000e+03
1.622000000000000000e+03
1.226000000000000000e+03
1.024000000000000000e+03
9.740000000000000000e+02
1.226000000000000000e+03
2.245000000000000000e+03
2.006000000000000000e+03
9.660000000000000000e+02
1.008000000000000000e+03
1.006000000000000000e+03
7.060000000000000000e+02
5.960000000000000000e+02
5.660000000000000000e+02
4.810000000000000000e+02
4.760000000000000000e+02
4.900000000000000000e+02
4.660000000000000000e+02
4.640000000000000000e+02
4.760000000000000000e+02
4.300000000000000000e+02
4.080000000000000000e+02
4.120000000000000000e+02
4.580000000000000000e+02
4.500000000000000000e+02
4.360000000000000000e+02
4.800000000000000000e+02
4.960000000000000000e+02
5.040000000000000000e+02
5.820000000000000000e+02
6.660000000000000000e+02
6.840000000000000000e+02
5.300000000000000000e+02
5.480000000000000000e+02
7.400000000000000000e+02
1.472000000000000000e+03
7.240000000000000000e+02
6.160000000000000000e+02
4.840000000000000000e+02
5.620000000000000000e+02
5.000000000000000000e+02
4.900000000000000000e+02
4.420000000000000000e+02
4.440000000000000000e+02
3.880000000000000000e+02
4.260000000000000000e+02
3.800000000000000000e+02
4.460000000000000000e+02
4.180000000000000000e+02
4.220000000000000000e+02
3.940000000000000000e+02
4.140000000000000000e+02
4.120000000000000000e+02
4.580000000000000000e+02
4.560000000000000000e+02
4.260000000000000000e+02
4.640000000000000000e+02
4.420000000000000000e+02
4.560000000000000000e+02
4.420000000000000000e+02
4.800000000000000000e+02
4.820000000000000000e+02
4.680000000000000000e+02
6.180000000000000000e+02
8.820000000000000000e+02
9.040000000000000000e+02
6.820000000000000000e+02
5.380000000000000000e+02
4.620000000000000000e+02
4.260000000000000000e+02
4.220000000000000000e+02
4.540000000000000000e+02
4.160000000000000000e+02
4.540000000000000000e+02
4.420000000000000000e+02
4.480000000000000000e+02
4.260000000000000000e+02
3.720000000000000000e+02
4.340000000000000000e+02
4.580000000000000000e+02
4.240000000000000000e+02
