9.977000000000000313e+00
9.974000000000000199e+00
9.974999999999999645e+00
9.977999999999999758e+00
9.977000000000000313e+00
9.978999999999999204e+00
9.980000000000000426e+00
9.980000000000000426e+00
9.980000000000000426e+00
9.977000000000000313e+00
9.974999999999999645e+00
9.977000000000000313e+00
9.974999999999999645e+00
9.973000000000000753e+00
9.973000000000000753e+00
9.974999999999999645e+00
9.971000000000000085e+00
9.977000000000000313e+00
9.980000000000000426e+00
9.973000000000000753e+00
9.974000000000000199e+00
9.977000000000000313e+00
9.973000000000000753e+00
9.973000000000000753e+00
9.980000000000000426e+00
9.977999999999999758e+00
9.974999999999999645e+00
9.977000000000000313e+00
9.968999999999999417e+00
9.977999999999999758e+00
9.974999999999999645e+00
9.974000000000000199e+00
9.974999999999999645e+00
9.974000000000000199e+00
9.974999999999999645e+00
9.970000000000000639e+00
9.973000000000000753e+00
9.974000000000000199e+00
9.974999999999999645e+00
9.967000000000000526e+00
9.968999999999999417e+00
9.973000000000000753e+00
9.971000000000000085e+00
9.971000000000000085e+00
9.970000000000000639e+00
9.971000000000000085e+00
9.974000000000000199e+00
9.971000000000000085e+00
9.971000000000000085e+00
9.968999999999999417e+00
9.968999999999999417e+00
9.970000000000000639e+00
9.970000000000000639e+00
9.964999999999999858e+00
9.971000000000000085e+00
9.971000000000000085e+00
9.974000000000000199e+00
9.967000000000000526e+00
9.973000000000000753e+00
9.973000000000000753e+00
9.973000000000000753e+00
