1.150985956192016602e+01
1.148476171493530273e+01
1.146946525573730469e+01
1.160456562042236328e+01
1.155276632308959961e+01
1.167556738853454590e+01
1.151088690757751465e+01
1.167543649673461914e+01
1.154726862907409668e+01
1.150223755836486816e+01
1.150799250602722168e+01
1.163793492317199707e+01
1.151142525672912598e+01
1.155491089820861816e+01
1.147509002685546875e+01
1.157466363906860352e+01
1.149914741516113281e+01
1.168402338027954102e+01
1.155815863609313965e+01
1.149587440490722656e+01
1.149539160728454590e+01
1.149542450904846191e+01
1.158383941650390625e+01
1.158511352539062500e+01
1.156480574607849121e+01
1.148232841491699219e+01
1.156273031234741211e+01
1.153332567214965820e+01
1.147613024711608887e+01
1.165048933029174805e+01
1.158502244949340820e+01
1.156370401382446289e+01
1.151620149612426758e+01
1.151493740081787109e+01
1.156919550895690918e+01
1.154407167434692383e+01
1.153572845458984375e+01
1.149380755424499512e+01
1.150477290153503418e+01
1.146109104156494141e+01
1.148293471336364746e+01
1.151928091049194336e+01
1.155576586723327637e+01
1.146414542198181152e+01
1.146964430809020996e+01
1.150294995307922363e+01
1.148824000358581543e+01
1.152483057975769043e+01
1.150392031669616699e+01
1.152990818023681641e+01
1.149870109558105469e+01
1.143870186805725098e+01
1.141852951049804688e+01
1.150433397293090820e+01
1.145607566833496094e+01
1.140277361869812012e+01
1.144075536727905273e+01
1.148876833915710449e+01
1.144846510887145996e+01
1.138104128837585449e+01
1.143469309806823730e+01
1.135972118377685547e+01
1.139938282966613770e+01
1.145536303520202637e+01
1.143817853927612305e+01
1.141562747955322266e+01
1.145834231376647949e+01
1.148018002510070801e+01
1.159348726272583008e+01
1.148396849632263184e+01
1.156387233734130859e+01
1.153569388389587402e+01
1.169127297401428223e+01
1.151098537445068359e+01
1.154439806938171387e+01
1.151807522773742676e+01
1.150845742225646973e+01
1.144937920570373535e+01
1.152631855010986328e+01
1.157251048088073730e+01
1.147182440757751465e+01
1.149439859390258789e+01
1.147065877914428711e+01
1.153387069702148438e+01
1.147742724418640137e+01
1.147891020774841309e+01
1.150278735160827637e+01
1.159093642234802246e+01
1.150393486022949219e+01
1.140654325485229492e+01
1.165795016288757324e+01
1.153920936584472656e+01
1.148219871520996094e+01
1.150982975959777832e+01
1.153209519386291504e+01
1.156340336799621582e+01
1.148177027702331543e+01
1.145523166656494141e+01
1.157596445083618164e+01
1.151504945755004883e+01
1.156394314765930176e+01
1.144021081924438477e+01
1.157871675491333008e+01
1.153204059600830078e+01
1.149371409416198730e+01
1.162433552742004395e+01
1.157352638244628906e+01
1.152211666107177734e+01
1.151294112205505371e+01
1.161205339431762695e+01
1.150060796737670898e+01
1.158076786994934082e+01
1.151017498970031738e+01
1.162145113945007324e+01
1.153877210617065430e+01
1.148803329467773438e+01
1.150997090339660645e+01
1.176512336730957031e+01
1.147520470619201660e+01
1.146727848052978516e+01
1.149000597000122070e+01
1.148085904121398926e+01
1.147609233856201172e+01
1.156410312652587891e+01
1.151820015907287598e+01
1.150863480567932129e+01
1.151134967803955078e+01
1.152744722366333008e+01
1.152580928802490234e+01
1.152417302131652832e+01
1.158424830436706543e+01
1.148992133140563965e+01
1.157736277580261230e+01
1.149206233024597168e+01
1.152325868606567383e+01
1.147825622558593750e+01
1.153884124755859375e+01
1.148461389541625977e+01
1.152107691764831543e+01
1.150176310539245605e+01
1.153250932693481445e+01
1.155858421325683594e+01
1.157080674171447754e+01
1.155108714103698730e+01
1.146870374679565430e+01
1.145977497100830078e+01
1.148209190368652344e+01
1.153192830085754395e+01
1.153593707084655762e+01
1.147677421569824219e+01
1.156485509872436523e+01
1.155117297172546387e+01
1.150151634216308594e+01
1.153691935539245605e+01
1.150067019462585449e+01
1.155378007888793945e+01
1.156814289093017578e+01
1.152737903594970703e+01
1.148837137222290039e+01
1.157160758972167969e+01
1.148561859130859375e+01
1.151897811889648438e+01
1.165093207359313965e+01
1.150543904304504395e+01
1.148634886741638184e+01
1.148140192031860352e+01
1.155346775054931641e+01
1.142898774147033691e+01
1.142069244384765625e+01
1.164455986022949219e+01
1.154958844184875488e+01
1.152431511878967285e+01
1.147375679016113281e+01
1.156484580039978027e+01
1.161276173591613770e+01
1.159345245361328125e+01
1.165183568000793457e+01
1.154867434501647949e+01
1.156767821311950684e+01
1.150558066368103027e+01
1.147572708129882812e+01
1.165623617172241211e+01
1.149501061439514160e+01
1.155749583244323730e+01
1.149286842346191406e+01
1.156668329238891602e+01
1.153552794456481934e+01
1.164038276672363281e+01
1.151859641075134277e+01
1.160939645767211914e+01
1.152774143218994141e+01
1.147731089591979980e+01
1.151254177093505859e+01
1.171669721603393555e+01
1.154622316360473633e+01
1.150568246841430664e+01
1.159868097305297852e+01
1.141102814674377441e+01
1.147994399070739746e+01
1.161911845207214355e+01
1.157939672470092773e+01
1.148423719406127930e+01
1.152493524551391602e+01
1.155038928985595703e+01
1.157858920097351074e+01
1.164340734481811523e+01
1.150164937973022461e+01
1.147736573219299316e+01
1.160231733322143555e+01
1.152110385894775391e+01
1.154400634765625000e+01
1.167458820343017578e+01
1.161726665496826172e+01
1.150292110443115234e+01
1.154605841636657715e+01
1.160197949409484863e+01
1.149076414108276367e+01
1.151555705070495605e+01
1.155625152587890625e+01
1.155758023262023926e+01
1.156285047531127930e+01
1.152889084815979004e+01
1.148581385612487793e+01
1.164165091514587402e+01
1.149179053306579590e+01
1.148698210716247559e+01
1.144858646392822266e+01
1.157265782356262207e+01
1.151305818557739258e+01
1.150156831741333008e+01
1.157867956161499023e+01
1.156226825714111328e+01
1.144361305236816406e+01
1.148802518844604492e+01
1.161363029479980469e+01
1.155710721015930176e+01
1.159073185920715332e+01
1.146239042282104492e+01
1.155196022987365723e+01
1.149382090568542480e+01
1.151498460769653320e+01
