9.549610565526582551e-02
9.824714842753544397e-02
9.630467296538139377e-02
9.411936912211366080e-02
1.001227358946702867e-01
9.735528019234325481e-02
9.958412948184781899e-02
9.461775797051764914e-02
9.397999622570296641e-02
9.895417379729987140e-02
9.636762464215339885e-02
9.932157394843961484e-02
9.476937163786196272e-02
9.960989281521039074e-02
9.398070387875473441e-02
9.409784645985541651e-02
9.586866457583149981e-02
9.015333456493626607e-02
9.523809523809523281e-02
9.087032370614460397e-02
9.294067698483152173e-02
9.002063621851029429e-02
9.457246695155557825e-02
8.926149673283195751e-02
9.470618741772050819e-02
9.255484953842464668e-02
9.375618640376924551e-02
9.643691828283242062e-02
8.845618915159944584e-02
9.391725592842911641e-02
8.932505507710794546e-02
8.624357040646633832e-02
9.096984707316113639e-02
9.081166898194086012e-02
8.678782119808370332e-02
9.000157828282828731e-02
8.497270978128558527e-02
8.216027598239422636e-02
8.429056125577402692e-02
8.294858135038080116e-02
8.208559422300192032e-02
8.426544405359472079e-02
7.959362945422603086e-02
8.215242458360834388e-02
7.914607629966396996e-02
7.591896812178022813e-02
7.672336962839539087e-02
7.449007449007448434e-02
7.311811085395991672e-02
6.871846230884788576e-02
7.038653611733711180e-02
6.936089466672049064e-02
6.732406637360896506e-02
6.369876446362031375e-02
6.040975609756097514e-02
6.132865770504578040e-02
6.180634534687634574e-02
5.667226103586901070e-02
4.624916143798587370e-02
4.245486233501742646e-02
3.324058058208618355e-02
2.783437776325400903e-02
3.124149990285603196e-02
3.190769842848617532e-02
6.795107522583740053e-03
5.412504477255541784e-03
9.481294196657843575e-04
8.496864252478251653e-03
4.927822819853668046e-02
7.423870238234490937e-02
8.182763801671996684e-02
8.203216947822675187e-02
8.254618565304806810e-02
8.972845336481699574e-02
9.450969680415187424e-02
9.062462866875271861e-02
8.869599526533833433e-02
8.911680911680912309e-02
9.234546390527857695e-02
8.748333015812535807e-02
9.075708675195395814e-02
8.917697898251816802e-02
9.754744641229842750e-02
9.712727703797367773e-02
9.391549958808990961e-02
8.835030392194820337e-02
9.036631870883247986e-02
9.135283146156593370e-02
9.338333131728558667e-02
8.949618442606575852e-02
8.980135564001097415e-02
9.330419233061791606e-02
9.513032935946655333e-02
9.283210443611748797e-02
9.558428683547441629e-02
7.760902316869579265e-02
4.810996563573883417e-02
5.098757890450009850e-02
7.937225257795489652e-02
9.007922145815740189e-02
9.798782208960038487e-02
9.440772131878827356e-02
9.303683925069881899e-02
9.337410805300713768e-02
9.455007343309650147e-02
9.714444576829897593e-02
9.167225002955897706e-02
9.925086210313528723e-02
9.479267897635244855e-02
9.002846749960462247e-02
9.745712596096983704e-02
9.568200161420500893e-02
9.334657398212511947e-02
9.938174417265081828e-02
9.520529598591818965e-02
8.860613071139386565e-02
9.109475550075141204e-02
9.319793063805326128e-02
9.350472073711750542e-02
8.886761597064336826e-02
9.192363028347007303e-02
8.489096573208722296e-02
9.087659371648726392e-02
8.457574446323905260e-02
8.468645567131904972e-02
8.848923725778856664e-02
8.708434309324222800e-02
8.846260552494947249e-02
8.778154275463424805e-02
8.942929986271817844e-02
9.223144491901039133e-02
9.189559885433054576e-02
9.084751165477945867e-02
8.682563574427631936e-02
9.156763796190786620e-02
8.690420742120788522e-02
8.252040235338774232e-02
8.851907255048616086e-02
8.333648428933337904e-02
8.562622999517284506e-02
8.945424702503076975e-02
8.921154062043931687e-02
9.545507201606363845e-02
8.494459304547191669e-02
8.956377265175224922e-02
8.778726445255199962e-02
9.053686909271801975e-02
9.330097461381409163e-02
9.199517453399229383e-02
8.897530624149328771e-02
8.520520520520520613e-02
9.106134371957157192e-02
9.194426216852588651e-02
9.126559714795008660e-02
8.486518401889392438e-02
8.498961150966326261e-02
8.488817009190958995e-02
8.432373455948252716e-02
8.666850676235164641e-02
8.439928272564255207e-02
7.618299626938936087e-02
7.417071917131222436e-02
7.431314802114011298e-02
6.877345925656859482e-02
7.470399153680269688e-02
7.153442544158289396e-02
6.872743145113288654e-02
7.334355446898438435e-02
6.885785409898316500e-02
4.234331769517622746e-02
4.042030677563508700e-02
3.549505157222199170e-02
3.728941097780193170e-02
5.491599886100150679e-02
5.865634139308811140e-02
6.866331658291457973e-02
7.602598765183003759e-02
8.671316987594503145e-02
8.799700860027420690e-02
9.031342598389048570e-02
8.655242521057217309e-02
9.665395655713122924e-02
9.039638414463421756e-02
9.041664969657475792e-02
9.157310405275678744e-02
9.678952599058029960e-02
9.610906473601761590e-02
8.995514936108996162e-02
9.106181348266206843e-02
9.497515184980673264e-02
8.616220219725959084e-02
9.388965459633295818e-02
8.659114315139031237e-02
8.383956229633503232e-02
8.481975801421978711e-02
8.247336536452892775e-02
7.094608594753636088e-02
6.349594489953946930e-02
7.298723970239827386e-02
7.803889789303079805e-02
7.272881571689226998e-02
6.772143801441425637e-02
5.303125655548562856e-02
7.649780908309103400e-02
8.148058154132750697e-02
7.774359793855618872e-02
8.107144272298609511e-02
8.518325237846734177e-02
8.749224726069877722e-02
9.041946770452490012e-02
9.228757101401888208e-02
8.930748854223605204e-02
8.947825009294832488e-02
9.613719750999710767e-02
9.510050251256281506e-02
9.252094051617841541e-02
9.515585163253556522e-02
8.970824245915806627e-02
8.897704732218758572e-02
8.802098513552900072e-02
9.279908507944287233e-02
9.196064709998764963e-02
8.889076125879429024e-02
8.778261771416719095e-02
9.395861840195712800e-02
9.474340328277582046e-02
8.941294112745301614e-02
9.250334129844882403e-02
9.320189476379464599e-02
9.112269309637731352e-02
9.391725426896610496e-02
9.100475649282316337e-02
8.183524504692388235e-02
8.426706953711864123e-02
8.049587469112534643e-02
9.246000900053184812e-02
9.305389714662165579e-02
9.115549810266461439e-02
9.174311926605505096e-02
9.224861209667320483e-02
9.463749100605239883e-02
