1.471454674273781627e-01
1.497322410185480679e-01
1.486148755676018063e-01
1.520261944160828105e-01
1.459879941746883014e-01
1.471791822601518085e-01
1.545170024967471856e-01
1.515969568418469304e-01
1.471207126323910985e-01
1.431333263032092407e-01
1.470333252418767611e-01
1.373832102739965810e-01
1.451834136390813546e-01
1.484815195435699453e-01
1.426231222334529980e-01
1.487756925826630994e-01
1.487641902572208741e-01
1.484366848676659800e-01
1.457231118843873297e-01
1.487286783219263220e-01
1.423043402475161201e-01
1.444323105646951044e-01
1.417214440582303669e-01
1.499314659262643568e-01
1.466166730910747340e-01
1.515035633582478836e-01
1.458196295655184438e-01
1.465247778597267569e-01
1.374582285458366415e-01
1.487036185490431817e-01
1.429418122232681276e-01
1.467864451458499586e-01
1.403056783762141879e-01
1.421232286315208815e-01
1.406671446618184274e-01
1.441794845325350127e-01
1.431555875201205585e-01
1.337095275780201542e-01
1.437150985143820503e-01
1.427815597333427500e-01
1.420847825338338033e-01
1.445589519650654908e-01
1.404539016891775127e-01
1.432041398246911013e-01
1.366948311839359664e-01
1.409657594381036050e-01
1.435313035271087445e-01
1.414005997530428660e-01
1.431546253485335152e-01
1.380458534216641719e-01
1.390239636172817816e-01
1.320735090152565794e-01
1.380115304353977390e-01
1.360064266005378830e-01
1.428720845099885062e-01
1.337967583192814502e-01
1.350583564363213307e-01
1.398835465987936233e-01
1.386573670444638251e-01
1.386353303256041558e-01
1.364303691275167707e-01
1.364652450058545796e-01
1.310452418096723914e-01
1.385435168738898826e-01
1.245345909719513533e-01
1.283718946582791398e-01
1.250220109174150496e-01
1.361603212059310508e-01
1.317952517021201420e-01
1.359311282283642841e-01
1.344332203152854011e-01
1.338785293806619980e-01
1.386523960107030051e-01
1.375938536755718644e-01
1.456930040272283455e-01
1.443087272083554695e-01
1.438013638748033007e-01
1.428118057759441561e-01
1.363555365479881543e-01
1.350448391067346487e-01
1.412158076334791845e-01
1.413101366944789494e-01
1.367912893336622193e-01
1.386381992485163361e-01
1.352616793257725436e-01
1.440056667256950640e-01
1.340641692560136933e-01
1.359834832207719446e-01
1.411986193912770637e-01
1.370981815643433077e-01
1.320932834516275745e-01
1.328089965159198194e-01
1.364850615114235610e-01
1.399057372692157630e-01
1.305671203162719063e-01
1.382900151232722419e-01
1.322606939079278565e-01
1.289104827152294797e-01
1.326954639103258005e-01
1.338462086405242668e-01
1.295095186340847748e-01
1.275476198828358054e-01
1.232604373757455324e-01
1.275426822907611557e-01
1.193340457068008675e-01
1.285416150825934578e-01
1.181238326813969092e-01
1.207221965029735417e-01
1.200470772852098855e-01
1.155673011678154394e-01
1.195477727451050298e-01
1.169350480925105407e-01
1.213329948870435493e-01
1.164041901232808346e-01
1.178330373001776205e-01
1.262041346466067637e-01
1.193847040599445158e-01
1.199869105188524909e-01
1.167503522017122458e-01
1.088687684084215096e-01
1.176808885374357461e-01
1.226528603201225004e-01
1.202793112272876885e-01
1.321456178451798080e-01
1.256659930185559382e-01
1.349209330278330898e-01
1.270395837204980616e-01
1.328048292665187924e-01
1.285064580680371216e-01
1.305283115178473841e-01
1.353834614663416425e-01
1.292034754789689877e-01
1.351926523297491134e-01
1.376479642320518892e-01
1.360953253895508808e-01
1.331868936481786503e-01
1.337577287527896563e-01
1.286494699902319128e-01
1.246290801186943631e-01
1.246253469010175779e-01
1.263235024729804090e-01
1.285756197740941797e-01
1.149947696858204388e-01
1.231848893202433792e-01
1.283193989171669547e-01
1.269389393773495411e-01
1.272773928663074039e-01
1.314393798909616884e-01
1.336039859752721770e-01
1.349049707602339165e-01
1.411421273490238992e-01
1.301521487051547910e-01
1.391619807727190183e-01
1.369364223753257448e-01
1.373044656922006168e-01
1.389017567615721815e-01
1.354027872807807287e-01
1.359292795533445508e-01
1.386764336241875784e-01
1.297734283586852444e-01
1.409628650058972754e-01
1.351361122157550276e-01
1.383369600114151277e-01
1.356100678050339015e-01
1.329344250822310780e-01
1.331694468832309020e-01
1.378495470657739308e-01
1.326512231148899434e-01
1.379134674866271115e-01
1.356052286655566874e-01
1.378809342196069820e-01
1.275049469329015972e-01
1.416344660720089688e-01
1.344633980617244151e-01
1.381718688123267369e-01
1.341659232827832338e-01
1.378501299451342643e-01
1.322677034956978859e-01
1.359266545414052896e-01
1.366490831449384546e-01
1.259937109140373823e-01
1.355594318464988790e-01
1.371452985366895805e-01
1.362972462683908759e-01
1.376583953972680130e-01
1.358504007123775559e-01
1.329815303430079143e-01
1.335892787316483588e-01
1.375013583511428272e-01
1.360452298830139017e-01
1.358811040339702736e-01
1.354736803438269244e-01
1.395550732501356361e-01
1.327260434829021785e-01
1.291296562862058184e-01
1.407421081779582916e-01
1.358135204812374597e-01
1.338635798743031680e-01
1.369062830856850876e-01
1.324735805122694010e-01
1.332671371325224174e-01
1.355369565985097280e-01
1.323875357388440421e-01
1.328127798273577020e-01
1.360361990950226252e-01
1.364535030015457118e-01
1.388042035794985751e-01
1.371209657016878025e-01
1.343536801068476449e-01
1.355168591554331836e-01
1.290088784200036365e-01
1.273508284301339277e-01
1.316511245200219504e-01
1.258183680187264508e-01
1.316899124229646556e-01
1.233661013287242064e-01
1.264762039459726983e-01
1.274049657840994609e-01
1.226928029761053113e-01
1.235707844905320069e-01
1.162042763739176560e-01
1.127956337174044893e-01
9.331092917664723929e-02
7.197010144153763445e-02
1.049266508009803617e-01
1.143712788334699942e-01
1.214970103018514491e-01
1.288786209347787537e-01
1.273959960244214207e-01
1.320641635818790849e-01
1.280606640445058619e-01
1.285974109339895199e-01
1.307919348529568704e-01
1.294794383507806568e-01
1.316284851713727666e-01
1.287174391369153292e-01
1.315873071900038882e-01
1.323787363522462845e-01
1.351245690727511939e-01
1.329800216170984317e-01
1.296683809186025826e-01
