1.766233766233766267e-01
1.993569131832797492e-01
1.974683544303797444e-01
1.818181818181818232e-01
1.113585746102449953e-01
8.842105263157894190e-02
1.392190152801358327e-01
1.030595813204508854e-01
8.801213960546282189e-02
7.923169267707082242e-02
1.209189842805320492e-01
9.699321047526672512e-02
7.960199004975124226e-02
5.114754098360655560e-02
5.510534846029173373e-02
5.989034162800506433e-02
4.903463070793748213e-02
4.942133249921801946e-02
4.806517311608961285e-02
5.005213764337852062e-02
4.382319607102379971e-02
3.798804080196974825e-02
4.092294296909011753e-02
4.522058823529411659e-02
4.462204462204462374e-02
4.504773269689737319e-02
5.465838509316769955e-02
4.710315591144606517e-02
5.301645338208409164e-02
6.025824964131994144e-02
7.484604452865940838e-02
4.850322091701401994e-02
4.664723032069970771e-02
4.568764568764568934e-02
4.607508532423208042e-02
4.550379198266522179e-02
5.596211795092552455e-02
5.501432664756446961e-02
7.442977190876350069e-02
5.228248146703082244e-02
6.600660066006600046e-02
4.857881136950904094e-02
5.386783589101158676e-02
5.482134116495349790e-02
4.391984628053801493e-02
5.272051368705643615e-02
5.853658536585366196e-02
4.531929503318837121e-02
4.272309842283888992e-02
5.209625403125775489e-02
5.642217059409226909e-02
6.917423259835711602e-02
6.805485017775519951e-02
6.963249516441005760e-02
8.446215139442231346e-02
7.506702412868632157e-02
1.102863202545068949e-01
9.242618741976893482e-02
1.132075471698113234e-01
1.091492776886035382e-01
1.532416502946954695e-01
