7.090766170000000557e+02
7.090734579999999596e+02
7.090751040000000103e+02
7.090752860000000055e+02
7.090753879999999754e+02
7.090754769999999780e+02
7.090755659999999807e+02
7.090756609999999682e+02
7.090757800000000088e+02
7.090758839999999736e+02
7.090759859999999435e+02
7.090761079999999765e+02
7.090761909999999943e+02
7.090762829999999894e+02
7.090763610000000199e+02
7.090764729999999645e+02
7.090793979999999692e+02
7.090763170000000173e+02
7.090762580000000526e+02
7.090769320000000562e+02
7.090770609999999579e+02
7.090768160000000080e+02
7.090769920000000184e+02
7.090751040000000103e+02
7.090773440000000392e+02
7.090777480000000423e+02
7.090792699999999513e+02
7.090776329999999916e+02
7.090759359999999560e+02
7.090778759999999465e+02
7.090844299999999976e+02
7.090767389999999750e+02
7.090781449999999495e+02
7.090782249999999749e+02
7.090750389999999470e+02
7.090784549999999626e+02
7.090825109999999540e+02
7.090773550000000114e+02
7.090787279999999555e+02
7.090788669999999456e+02
7.090789660000000367e+02
7.090790580000000318e+02
7.090791570000000092e+02
7.090792619999999715e+02
7.090793589999999540e+02
7.090794590000000426e+02
7.090795560000000251e+02
7.090796569999999974e+02
7.090797629999999572e+02
7.090798559999999497e+02
7.090799449999999524e+02
7.090800530000000208e+02
7.090801500000000033e+02
7.090802650000000540e+02
7.090793099999999640e+02
7.090804040000000441e+02
7.090805550000000039e+02
7.090800699999999779e+02
7.090807310000000143e+02
7.090815830000000233e+02
7.090808110000000397e+02
