1.261724535132466574e-01
1.284793267189128785e-01
1.270046855357891136e-01
1.193709528214616095e-01
1.211002260738507919e-01
1.183944768829642696e-01
1.232963668272282626e-01
1.267477092687913087e-01
1.254669872387645657e-01
1.246345705510120971e-01
1.234940868732269798e-01
1.221149965141452298e-01
1.216976562208890722e-01
1.223394478550159925e-01
1.219964375295357895e-01
1.202931513773060346e-01
1.286074838143311805e-01
1.202039373302072889e-01
1.209791477787851288e-01
1.246552675124103643e-01
1.245328204942124234e-01
1.190087442400493412e-01
1.218016959729819049e-01
1.201931805802679831e-01
1.170312911849983040e-01
1.189578713968957868e-01
1.245155916120386785e-01
1.222159624413145518e-01
1.187557518866188128e-01
1.188803472247765419e-01
1.190379127598858583e-01
1.191505078485687874e-01
1.117310494331710397e-01
1.122505237622670599e-01
1.208118437163741565e-01
1.185278529335458270e-01
1.152442396313364120e-01
1.145647341762926763e-01
1.173788761442993156e-01
1.216491033462747257e-01
1.188638126546743973e-01
1.223050648253571765e-01
1.192495502441531796e-01
1.179212132420935782e-01
1.170673878412921837e-01
1.186188906199050763e-01
1.185120793944003798e-01
1.122219352934666348e-01
1.159355913381454745e-01
1.158151916274659937e-01
1.131868533616056799e-01
1.133535272435312602e-01
1.136590968028748233e-01
1.085277103937301729e-01
1.177821400792622014e-01
1.140549153296031432e-01
1.107202369931494235e-01
1.120925419469288170e-01
1.123780328236569648e-01
1.075914193620095549e-01
1.072310925919097296e-01
1.036200597808037138e-01
1.013799243267304723e-01
1.018235402468226219e-01
1.067297387190953156e-01
1.063183697362162922e-01
1.016787974104824271e-01
9.794297276031323218e-02
9.966119760934942506e-02
1.140947288006111532e-01
1.089038798404830255e-01
1.079807019482193486e-01
1.152312451086348888e-01
1.127298080804374214e-01
1.152401145705464480e-01
1.081285158757126080e-01
1.118513724445121260e-01
1.107230046948356750e-01
1.148407817946809767e-01
1.075404952522807656e-01
1.058161630463131941e-01
1.067447787879940713e-01
1.003761255271456293e-01
1.001369204011397646e-01
1.035216790529185499e-01
9.613130128956623444e-02
9.344527690975490408e-02
9.486563927824673281e-02
8.661686070764913759e-02
9.067560022333891190e-02
8.762866873301955462e-02
8.461043629621220474e-02
7.835750612168015938e-02
7.111901322369151845e-02
6.010749149939673130e-02
6.303066256349412755e-02
7.298188419219797662e-02
8.911955514365152431e-02
8.867501744848106660e-02
1.019770288081340570e-01
1.004961390681538419e-01
1.031636350054159074e-01
1.048453840945000326e-01
1.072101968474243883e-01
1.063189568706118387e-01
1.082317644852803240e-01
1.121920310112192037e-01
1.118226416507508564e-01
1.121056493030080647e-01
1.179874677478805756e-01
1.163508313366732050e-01
1.158511854282659181e-01
1.134399228400786441e-01
1.166341536614645819e-01
1.159463598670202877e-01
1.203895176147685847e-01
1.171033506019156928e-01
1.023741620060002189e-01
8.641022814945442665e-02
8.766100429344782230e-02
9.697555175744965172e-02
1.107678564782074715e-01
1.087285477025281416e-01
1.134864080232251271e-01
1.151820728291316487e-01
1.135796955825983390e-01
1.117276823954415077e-01
1.121375513743825686e-01
1.127090174763144964e-01
1.200491821602891335e-01
1.161208787124112518e-01
1.150034994658710036e-01
1.129110703730031029e-01
1.142256745093624543e-01
1.201583367245015049e-01
1.140528035838871967e-01
1.177039544659796849e-01
1.148790456202363891e-01
1.212189026891947324e-01
1.120448179271708727e-01
1.155373964362728378e-01
1.167179253521661575e-01
1.183391786401176565e-01
1.137220550710286715e-01
1.136159712875729061e-01
1.176361340167892400e-01
1.164355244860375144e-01
1.109456725079219636e-01
1.114574336249953002e-01
1.132739469921918013e-01
1.121356886271895753e-01
1.156047310186951588e-01
1.216261871691880353e-01
1.118704221097938517e-01
1.148778015542290809e-01
1.165980277326481990e-01
1.147053285633590630e-01
1.103667406783554045e-01
1.109716676174177657e-01
1.186829727187206085e-01
1.175395162826128326e-01
1.119337143733936807e-01
1.119982008321151468e-01
1.174794767027776687e-01
1.143415955166058595e-01
1.172241445597846932e-01
1.137650916679087826e-01
1.206506836625041712e-01
1.172679929564272583e-01
1.127743387732132868e-01
1.140815942846399728e-01
1.170176437108707973e-01
1.123561362859421819e-01
1.157600581862726352e-01
1.140649504647515550e-01
1.119725033416077847e-01
1.153303056901881507e-01
1.090374392037099932e-01
1.141066071840627638e-01
1.121170448468179343e-01
1.123259293359420014e-01
1.140215716486902980e-01
1.143123369362653713e-01
1.140197356172034937e-01
1.160932047577952070e-01
1.109314481254465440e-01
1.126850052324712276e-01
1.155582080644559639e-01
1.118741607519662395e-01
1.183081245429704054e-01
1.212469803290003451e-01
1.123496514211292374e-01
1.178753911355804596e-01
1.133492659610788600e-01
1.131331865074765297e-01
1.093290459197678588e-01
1.100443972223276307e-01
1.054257578683143459e-01
9.986829727187206129e-02
9.515827968458344388e-02
8.839737012123284610e-02
8.001803223261580444e-02
6.453817243081128030e-02
4.439367980201789493e-02
9.204732549680284814e-02
1.071871127633209353e-01
1.132190708859793088e-01
1.087963834997174584e-01
1.153095210749971317e-01
1.167910871954223329e-01
1.104275725039165490e-01
1.158881341782719288e-01
1.054557932059933673e-01
1.115531692997025759e-01
1.107028197888059451e-01
1.093647926833954537e-01
1.120311367191971635e-01
1.149257739077064744e-01
1.055963821368004485e-01
1.047522293712608715e-01
1.137613287323195888e-01
1.060544343640066611e-01
1.071231769589655047e-01
1.080553783814204721e-01
1.089119817868027806e-01
1.120401964828077607e-01
1.076534903280067235e-01
1.007922044110536736e-01
1.115528965850395710e-01
1.152908524922176825e-01
1.184530717681853973e-01
1.160141028020040821e-01
1.106820141726969353e-01
1.195305762813542866e-01
1.195251739664347085e-01
1.164260273447972061e-01
1.173674728812909712e-01
1.190789226550467705e-01
1.122870907780433164e-01
1.180601103437632637e-01
1.105694743604277719e-01
