1.188899999999999935e+01
1.188700000000000045e+01
1.188599999999999923e+01
1.188599999999999923e+01
1.188299999999999912e+01
1.188299999999999912e+01
1.188299999999999912e+01
1.188400000000000034e+01
1.188199999999999967e+01
1.187400000000000055e+01
1.188499999999999979e+01
1.188499999999999979e+01
1.188700000000000045e+01
1.188799999999999990e+01
1.188799999999999990e+01
1.188499999999999979e+01
1.188700000000000045e+01
1.188499999999999979e+01
1.188499999999999979e+01
1.188799999999999990e+01
1.188700000000000045e+01
1.188499999999999979e+01
1.188299999999999912e+01
1.188499999999999979e+01
1.188700000000000045e+01
1.188499999999999979e+01
1.188299999999999912e+01
1.188400000000000034e+01
1.188299999999999912e+01
1.188400000000000034e+01
1.187899999999999956e+01
1.188000000000000078e+01
1.188499999999999979e+01
1.188000000000000078e+01
1.188400000000000034e+01
1.188000000000000078e+01
1.188100000000000023e+01
1.188400000000000034e+01
1.188499999999999979e+01
1.188400000000000034e+01
1.188000000000000078e+01
1.188400000000000034e+01
1.188400000000000034e+01
1.188499999999999979e+01
1.188100000000000023e+01
1.188799999999999990e+01
1.188400000000000034e+01
1.188000000000000078e+01
1.188100000000000023e+01
1.188299999999999912e+01
1.188100000000000023e+01
1.188100000000000023e+01
1.188299999999999912e+01
1.188000000000000078e+01
1.188100000000000023e+01
1.188499999999999979e+01
1.188000000000000078e+01
1.188799999999999990e+01
1.188400000000000034e+01
1.188100000000000023e+01
1.188000000000000078e+01
1.188599999999999923e+01
1.188499999999999979e+01
1.188799999999999990e+01
1.188899999999999935e+01
1.189000000000000057e+01
1.188499999999999979e+01
1.188400000000000034e+01
1.188899999999999935e+01
1.188499999999999979e+01
1.188499999999999979e+01
1.188899999999999935e+01
1.188799999999999990e+01
1.188899999999999935e+01
1.188799999999999990e+01
1.188899999999999935e+01
1.188799999999999990e+01
1.188799999999999990e+01
1.188799999999999990e+01
1.188799999999999990e+01
1.188599999999999923e+01
1.188899999999999935e+01
1.188899999999999935e+01
1.188499999999999979e+01
1.188299999999999912e+01
1.188100000000000023e+01
1.188799999999999990e+01
1.188599999999999923e+01
1.188100000000000023e+01
1.188499999999999979e+01
1.188899999999999935e+01
1.188400000000000034e+01
1.188799999999999990e+01
1.188799999999999990e+01
1.188499999999999979e+01
1.189000000000000057e+01
1.188799999999999990e+01
1.188100000000000023e+01
1.188599999999999923e+01
1.188799999999999990e+01
1.188799999999999990e+01
1.188599999999999923e+01
1.188899999999999935e+01
1.188499999999999979e+01
1.188799999999999990e+01
1.188400000000000034e+01
1.188499999999999979e+01
1.188599999999999923e+01
1.188599999999999923e+01
1.188599999999999923e+01
1.188599999999999923e+01
1.188400000000000034e+01
1.188499999999999979e+01
1.187500000000000000e+01
1.188100000000000023e+01
1.187899999999999956e+01
1.188000000000000078e+01
1.188299999999999912e+01
1.187899999999999956e+01
1.188499999999999979e+01
1.188299999999999912e+01
1.188499999999999979e+01
1.188100000000000023e+01
1.188000000000000078e+01
1.188400000000000034e+01
1.188000000000000078e+01
1.188100000000000023e+01
1.188400000000000034e+01
1.188000000000000078e+01
1.188299999999999912e+01
1.188299999999999912e+01
1.188299999999999912e+01
1.188100000000000023e+01
1.188299999999999912e+01
1.188100000000000023e+01
1.188400000000000034e+01
1.188299999999999912e+01
1.188499999999999979e+01
1.188499999999999979e+01
1.188299999999999912e+01
1.188499999999999979e+01
1.188299999999999912e+01
1.188000000000000078e+01
1.188299999999999912e+01
1.188799999999999990e+01
1.188100000000000023e+01
1.188400000000000034e+01
1.188499999999999979e+01
1.188400000000000034e+01
1.188100000000000023e+01
1.188299999999999912e+01
1.188400000000000034e+01
1.188400000000000034e+01
1.188499999999999979e+01
1.188400000000000034e+01
1.188299999999999912e+01
1.188299999999999912e+01
1.188499999999999979e+01
1.188299999999999912e+01
1.188400000000000034e+01
1.188499999999999979e+01
1.188299999999999912e+01
1.188799999999999990e+01
1.188299999999999912e+01
1.188299999999999912e+01
1.187199999999999989e+01
1.186899999999999977e+01
1.187299999999999933e+01
1.187299999999999933e+01
1.187500000000000000e+01
1.187199999999999989e+01
1.187199999999999989e+01
1.187100000000000044e+01
1.187700000000000067e+01
1.187599999999999945e+01
1.187299999999999933e+01
1.187599999999999945e+01
1.187299999999999933e+01
1.187299999999999933e+01
1.187199999999999989e+01
1.187299999999999933e+01
1.187299999999999933e+01
1.187700000000000067e+01
1.187599999999999945e+01
1.187599999999999945e+01
1.187500000000000000e+01
1.187500000000000000e+01
1.187599999999999945e+01
1.187899999999999956e+01
1.187500000000000000e+01
1.187599999999999945e+01
1.187299999999999933e+01
1.187299999999999933e+01
1.187700000000000067e+01
1.187899999999999956e+01
1.187100000000000044e+01
1.187599999999999945e+01
1.187599999999999945e+01
1.187899999999999956e+01
1.187700000000000067e+01
1.187700000000000067e+01
1.188000000000000078e+01
1.187700000000000067e+01
1.187299999999999933e+01
1.187500000000000000e+01
1.187599999999999945e+01
1.187599999999999945e+01
1.187599999999999945e+01
1.187299999999999933e+01
1.187299999999999933e+01
1.187299999999999933e+01
1.187299999999999933e+01
1.187700000000000067e+01
1.187299999999999933e+01
1.187299999999999933e+01
1.187100000000000044e+01
1.187500000000000000e+01
1.187599999999999945e+01
1.187500000000000000e+01
1.187800000000000011e+01
1.187500000000000000e+01
1.187899999999999956e+01
1.188199999999999967e+01
1.188000000000000078e+01
1.188000000000000078e+01
1.188199999999999967e+01
1.188000000000000078e+01
1.188000000000000078e+01
1.188000000000000078e+01
1.188199999999999967e+01
1.188199999999999967e+01
1.188400000000000034e+01
1.188299999999999912e+01
1.188400000000000034e+01
1.187599999999999945e+01
1.187899999999999956e+01
1.188000000000000078e+01
1.188199999999999967e+01
1.188000000000000078e+01
1.188199999999999967e+01
1.188199999999999967e+01
