4.200000000000000000e+01
2.800000000000000000e+01
2.200000000000000000e+01
3.400000000000000000e+01
3.600000000000000000e+01
4.600000000000000000e+01
6.600000000000000000e+01
4.400000000000000000e+01
8.600000000000000000e+01
6.200000000000000000e+01
1.080000000000000000e+02
9.200000000000000000e+01
1.170000000000000000e+02
1.840000000000000000e+02
1.820000000000000000e+02
2.540000000000000000e+02
2.940000000000000000e+02
2.780000000000000000e+02
2.740000000000000000e+02
2.680000000000000000e+02
3.020000000000000000e+02
3.160000000000000000e+02
2.240000000000000000e+02
2.780000000000000000e+02
3.120000000000000000e+02
3.100000000000000000e+02
2.460000000000000000e+02
2.120000000000000000e+02
1.830000000000000000e+02
2.460000000000000000e+02
2.300000000000000000e+02
2.780000000000000000e+02
2.970000000000000000e+02
1.900000000000000000e+02
1.860000000000000000e+02
2.660000000000000000e+02
2.100000000000000000e+02
2.160000000000000000e+02
1.910000000000000000e+02
2.600000000000000000e+02
2.700000000000000000e+02
2.120000000000000000e+02
3.220000000000000000e+02
2.380000000000000000e+02
3.380000000000000000e+02
3.040000000000000000e+02
3.440000000000000000e+02
3.940000000000000000e+02
4.660000000000000000e+02
3.720000000000000000e+02
3.280000000000000000e+02
2.500000000000000000e+02
1.780000000000000000e+02
1.720000000000000000e+02
1.480000000000000000e+02
1.240000000000000000e+02
1.200000000000000000e+02
1.100000000000000000e+02
6.600000000000000000e+01
7.200000000000000000e+01
6.600000000000000000e+01
