3.281392421546074079e-02
3.057948977867883111e-02
3.275667071587148871e-02
3.157057321107063774e-02
2.927899422014091160e-02
3.107072568150412439e-02
3.392508211033966325e-02
2.952764069174304215e-02
2.755424478618074408e-02
3.256729038469588500e-02
2.885826931674998971e-02
3.057771836751744035e-02
3.171364196743612501e-02
3.257164499431890181e-02
3.176625472459336519e-02
2.884174550910682117e-02
2.823136354144915525e-02
2.943622152003991244e-02
2.986803458404004366e-02
3.419816311846616413e-02
3.072415567961357327e-02
3.192853302452541148e-02
2.859360320248355986e-02
3.174090376771796645e-02
2.975897688145597714e-02
2.950672279210429447e-02
3.224055126331175358e-02
2.999380293327824978e-02
3.141978688455544788e-02
3.086083273931821205e-02
3.243510914868154987e-02
3.223806571605703636e-02
3.131115459882582996e-02
2.997197741948584571e-02
3.313289974229966656e-02
3.321557639988630128e-02
3.286517990852794863e-02
3.182572782119285487e-02
3.507923067618241159e-02
3.331271902700474324e-02
3.177470339504905733e-02
3.072184168929599155e-02
3.435480508651240356e-02
3.474314008665153886e-02
2.945856624097270560e-02
3.082772015372536173e-02
3.106664978261787155e-02
3.192511804772053124e-02
3.520380031386520503e-02
3.340076615159471435e-02
3.499118772299359553e-02
3.604615983057440215e-02
3.817889289907379358e-02
3.567264089829410428e-02
3.819156820857130125e-02
3.839944146266963121e-02
3.498866504127635946e-02
3.674034307763284629e-02
3.713686732554657283e-02
4.121962597006063878e-02
4.505003193527783861e-02
4.463716362708838176e-02
4.438386505941985943e-02
4.204896111911129303e-02
4.466189938527161118e-02
4.199787460148778073e-02
4.157706093189963981e-02
3.884491978609625612e-02
4.069693501208190151e-02
4.525238568159246910e-02
4.215556598540769195e-02
3.817151621011374840e-02
4.179639186249840127e-02
3.793003278416400698e-02
3.725837695256151161e-02
3.642700078828361304e-02
3.560272155419572787e-02
3.672229316190392390e-02
3.635410294503189921e-02
3.812200799332425560e-02
3.828955936618189809e-02
4.061642389698121025e-02
4.270431807354151121e-02
4.342273307790549264e-02
4.300135471747585508e-02
4.082325482707405140e-02
4.124700239808153784e-02
4.184829991281604350e-02
4.499584989733956819e-02
4.737141109120307503e-02
5.292296961506604697e-02
4.837946025050574722e-02
5.351141373139539636e-02
4.995415047377843587e-02
5.657367082057694618e-02
5.651677312915098089e-02
6.398176957798326625e-02
6.657638373159757705e-02
6.795645850777841390e-02
7.612548741581000311e-02
6.536115021971927730e-02
5.957888365255739616e-02
5.454623545075806129e-02
5.380450749150123696e-02
5.292443613813022779e-02
5.111236884496495048e-02
4.896148761035527125e-02
4.616257253806885230e-02
4.642235414899790330e-02
4.515375632541845236e-02
4.656020190592228408e-02
3.837657556200459175e-02
3.464407636869389073e-02
3.700981451856975857e-02
3.231212134232801930e-02
3.200614517987453861e-02
3.361764094029540129e-02
3.183220234423195238e-02
3.047650426259215090e-02
3.136552905008366948e-02
3.492330489807361077e-02
3.598090808958511605e-02
3.721662729495627681e-02
4.955377154733281442e-02
4.994873897888046227e-02
4.364095017868404452e-02
3.640644049270610333e-02
3.728913879846108143e-02
3.373961452490405188e-02
3.206074667791605076e-02
3.132216484024016173e-02
3.226775370092254541e-02
3.234571095872687541e-02
3.535418543785128626e-02
3.363585530560454090e-02
3.411749691581231203e-02
3.259731009343445202e-02
3.270891568275689776e-02
2.868124147621605932e-02
3.345340123380118741e-02
3.004274036267064879e-02
3.058129048126588534e-02
3.436078827690752791e-02
3.268109047284160212e-02
3.477392787321658546e-02
3.499681461032066315e-02
3.409279893563944841e-02
3.282765481223576254e-02
3.286994389079641449e-02
3.130141320396540722e-02
3.040581960848420459e-02
3.431230008723466091e-02
3.085358867337752511e-02
3.208422108033587988e-02
3.045642094516993331e-02
3.154856283286579938e-02
3.031385152561202889e-02
2.815124393801994931e-02
2.896155510958958040e-02
3.139464681022338666e-02
3.156396176530404385e-02
3.211948448227405772e-02
2.976070782224009628e-02
3.340359980541592055e-02
3.137631568415576166e-02
3.186386954164407287e-02
3.279509325322318286e-02
3.381819663447826335e-02
3.238347160434451588e-02
3.170792284129481109e-02
2.822091027090398857e-02
3.013664698839945560e-02
3.310299168287333949e-02
3.109278350515463918e-02
3.313609467455621432e-02
3.376042302216798741e-02
3.380575741759344471e-02
3.219978319347974183e-02
3.226726420859645644e-02
3.456249239381769395e-02
3.114256825075834012e-02
3.273362303537342977e-02
3.166769483857700962e-02
3.370465581262496735e-02
3.103996089453745638e-02
3.513657397927843345e-02
3.185113783998994030e-02
3.211373614886054578e-02
2.975393371275527124e-02
3.322584595289603676e-02
3.165789582729042900e-02
3.327759879287141287e-02
3.092366226827491377e-02
3.119396138287668444e-02
3.245202207396425537e-02
3.288051238118549352e-02
3.565936577864594476e-02
3.634111088168490850e-02
3.568897227433812797e-02
3.975573805011581308e-02
3.892744220424588369e-02
3.707181643734944881e-02
4.299749249804743489e-02
4.262010179169942181e-02
4.434244498176304061e-02
4.301075268817204644e-02
5.380550961965070711e-02
5.895116060097432831e-02
7.271197138649274083e-02
1.035123199471707500e-01
5.956715624105060614e-02
4.375493906750405754e-02
3.518965587790007926e-02
3.631834799726808838e-02
3.387934478625648921e-02
3.503791719047812114e-02
3.814016711310119073e-02
3.905056759545923878e-02
3.900981302750070739e-02
4.144294634689575652e-02
3.753984181324519082e-02
3.825905236506851881e-02
3.659316075423457715e-02
3.591321621937444003e-02
3.578417668437237908e-02
3.176595160594532924e-02
3.647584760849784113e-02
3.542288557213930239e-02
3.542608134280180593e-02
3.545508625817965498e-02
3.245130320942595653e-02
3.284701279647893324e-02
3.062185286772833512e-02
3.350110730823434996e-02
3.901065755077418040e-02
3.200787886248922937e-02
3.270971145651556389e-02
2.747585761040850089e-02
2.964036889372155884e-02
2.845019195797130612e-02
2.715941220978853807e-02
