1.174853505027852185e-01
1.189525077674212228e-01
1.193992014703086357e-01
1.304142490891917472e-01
1.263522547708763877e-01
1.246378458217349272e-01
1.219796700549908297e-01
1.230309614340032581e-01
1.188306557808796460e-01
1.220300713296043477e-01
1.160334384542223568e-01
1.212121212121212155e-01
1.170848267622461164e-01
1.194706215562078427e-01
1.161737005549050572e-01
1.176062273786504103e-01
1.178240403746299847e-01
1.168556979427505249e-01
1.157889442180976836e-01
1.187399449893611486e-01
1.200918852502804585e-01
1.232539030402629437e-01
1.190699729386425071e-01
1.181918644424564541e-01
1.169444877187516274e-01
1.161229904791634127e-01
1.213378273269380414e-01
1.221892693448368844e-01
1.217674166440769895e-01
1.171299973523960841e-01
1.185392664623189929e-01
1.179548903657962194e-01
1.123642658553218321e-01
1.161131083328861974e-01
1.224117277964748146e-01
1.218504509746872327e-01
1.097304964539007055e-01
1.206030150753768793e-01
1.192577913889389246e-01
1.159002103997595484e-01
1.182235834609494662e-01
1.171258647894161953e-01
1.105254011469617159e-01
1.126743554133204511e-01
1.092411446624946825e-01
1.165048543689320426e-01
1.110399067870667111e-01
1.060546102097348620e-01
1.043614579250881774e-01
1.079941434846266451e-01
1.001487357461576660e-01
1.116311319119431406e-01
1.092935466474923567e-01
1.092939768647786247e-01
1.102970868185751407e-01
1.042898109674021134e-01
1.111712036536265796e-01
1.072991312067981540e-01
9.823563626963097151e-02
1.000466884546121482e-01
8.431998997682139951e-02
8.389814984429382061e-02
8.184346444179578517e-02
9.489997182304873991e-02
8.800618421835047778e-02
1.004075364715610458e-01
9.753147506734839711e-02
9.493230588109380363e-02
9.892310189945342780e-02
9.934332379188415274e-02
9.213618230504398710e-02
8.047311114795777098e-02
8.963354242324199361e-02
8.003078106964217620e-02
7.991254441104127249e-02
7.503692762186114917e-02
6.243834503568734123e-02
6.255543073375509355e-02
6.178690538880112632e-02
6.688539688021642726e-02
6.425123453365144677e-02
7.435240535155138164e-02
8.257360199756111352e-02
8.879469016676892756e-02
9.653725078698845163e-02
1.024910220600809413e-01
1.052266820675714643e-01
1.051277749818263219e-01
1.150067114093959730e-01
1.082225869645788152e-01
1.089290390154490640e-01
1.074875778171226204e-01
1.150181881170968257e-01
1.174586835935266249e-01
1.191276123227606593e-01
1.224989292051642947e-01
1.167246359724105342e-01
1.164086687306501583e-01
1.117592542114158038e-01
1.203951318015608757e-01
1.056871274367649494e-01
1.202115723673665704e-01
1.135904850237328817e-01
9.846417295446031892e-02
7.993553585817889107e-02
8.326224193823579534e-02
8.139208532135840113e-02
1.041923913682601260e-01
1.131863326878630727e-01
1.241668253665968447e-01
1.199718616102833091e-01
1.212510961707103235e-01
1.205217493950303947e-01
1.236647744613318667e-01
1.172923440733077138e-01
1.210656832199402261e-01
1.183381264149788864e-01
1.130383480825958714e-01
1.258129216556251040e-01
1.136189522069656482e-01
1.136884138822009532e-01
1.198689305927911758e-01
1.227405428908627805e-01
1.197790603860237058e-01
1.287408243929983043e-01
1.203281677301731994e-01
1.154293408409327315e-01
1.184298882852084789e-01
1.170181170181170127e-01
1.179326268426972996e-01
1.196788540403165291e-01
1.076471565424442084e-01
1.109820193637621050e-01
1.139937553221685995e-01
1.158745855389447937e-01
1.148786030379141260e-01
1.193569437029127350e-01
1.145033624947925932e-01
1.182616682932430135e-01
1.188774620881994093e-01
1.100005844876965344e-01
1.215082124445510114e-01
1.081142467775821903e-01
1.169916434540389932e-01
1.132888837797448034e-01
1.221657194137002744e-01
1.279260655438681782e-01
1.162834408871624564e-01
1.170114801399717575e-01
1.257369680695814562e-01
1.162452775356001139e-01
1.176079365959097761e-01
1.196803989346631181e-01
1.200209338838169465e-01
1.205591469141941569e-01
1.165770062669846396e-01
1.133096566886521162e-01
1.166531181047497367e-01
1.214142368079329515e-01
1.086178492302448395e-01
1.131125531438800652e-01
1.175495774181074954e-01
1.121884415228704412e-01
1.119584617880902133e-01
1.132329348444858497e-01
1.027717877241887123e-01
1.085263528111339998e-01
1.087218123790090474e-01
1.118761676007472700e-01
1.117401195703931066e-01
1.025116374239091466e-01
1.083293969453629352e-01
1.183838607770326401e-01
1.075362161575606351e-01
1.132096746913232171e-01
1.113278940522643978e-01
1.128377956687262040e-01
1.131125314739492571e-01
1.135829020767524650e-01
1.013797634691195743e-01
9.861984060130887797e-02
9.580838323353293995e-02
7.643972274405648470e-02
3.986369189223944176e-02
5.380322317677305871e-02
7.772867606998001833e-02
9.369129143688260941e-02
1.009665702148617866e-01
1.104249464995414182e-01
1.112546920189526750e-01
1.057241924691282864e-01
1.100878262990973439e-01
1.133715437425206335e-01
1.157725666559588779e-01
1.144431227696738190e-01
1.111459181755529158e-01
1.100054278994029300e-01
1.103758120332705983e-01
1.079405251502689039e-01
1.005906568820476160e-01
1.063709118406956922e-01
1.128433556050482539e-01
1.199449433047125868e-01
1.108837700481816319e-01
1.137031709300143911e-01
1.097340723671918761e-01
1.068378732157327232e-01
1.015191263498261276e-01
1.080252172431419300e-01
1.092692618116346964e-01
1.110770174900276158e-01
1.185945236532840175e-01
1.185442370884741831e-01
1.167075394579639019e-01
1.145400245944838136e-01
1.121915575290877432e-01
1.061327519935746644e-01
1.099591208009953192e-01
1.092694195784002370e-01
1.130767827831479083e-01
1.058266166246231432e-01
1.081981924235625864e-01
1.045397475715324070e-01
1.098276723276723210e-01
1.087996025585294679e-01
1.124838650193619727e-01
1.205111124568521708e-01
1.147331997814605709e-01
1.170932627243306823e-01
1.204503484839459099e-01
1.155173457649694285e-01
1.177082731109440894e-01
1.223476564808794881e-01
1.186386970023448895e-01
1.180176905367745083e-01
1.171446003660768787e-01
1.166826841539940068e-01
1.206448257930317208e-01
1.225951326090914673e-01
1.241007194244604372e-01
1.169502351779803662e-01
