1.149499999999999922e+01
1.149699999999999989e+01
1.149499999999999922e+01
1.149799999999999933e+01
1.149900000000000055e+01
1.149399999999999977e+01
1.149499999999999922e+01
1.149399999999999977e+01
1.149699999999999989e+01
1.149300000000000033e+01
1.149499999999999922e+01
1.149499999999999922e+01
1.149900000000000055e+01
1.149699999999999989e+01
1.149399999999999977e+01
1.149699999999999989e+01
1.149799999999999933e+01
1.149900000000000055e+01
1.149900000000000055e+01
1.149699999999999989e+01
1.149900000000000055e+01
1.149399999999999977e+01
1.149699999999999989e+01
1.149699999999999989e+01
1.149699999999999989e+01
1.149499999999999922e+01
1.149399999999999977e+01
1.149799999999999933e+01
1.149799999999999933e+01
1.149699999999999989e+01
1.149900000000000055e+01
1.149499999999999922e+01
1.149900000000000055e+01
1.149900000000000055e+01
1.149799999999999933e+01
1.149799999999999933e+01
1.149900000000000055e+01
1.149799999999999933e+01
1.149900000000000055e+01
1.149900000000000055e+01
1.149499999999999922e+01
1.150300000000000011e+01
1.149799999999999933e+01
1.149799999999999933e+01
1.149799999999999933e+01
1.150099999999999945e+01
1.149499999999999922e+01
1.150099999999999945e+01
1.149399999999999977e+01
1.149900000000000055e+01
1.149900000000000055e+01
1.149499999999999922e+01
1.147400000000000020e+01
1.147400000000000020e+01
1.147499999999999964e+01
1.147400000000000020e+01
1.147400000000000020e+01
1.147499999999999964e+01
1.147499999999999964e+01
1.147400000000000020e+01
1.147499999999999964e+01
