1.255309108069844193e-01
1.224700783331345161e-01
1.169944528492183611e-01
1.239331228808605162e-01
1.205748335085874562e-01
1.215859030837004445e-01
1.178449891025886154e-01
1.149550224887556232e-01
1.149257739077064744e-01
1.231382666823032657e-01
1.176014273524164100e-01
1.168906844845000320e-01
1.185676491411111477e-01
1.187286577357499345e-01
1.186447094453908779e-01
1.186691452634773686e-01
1.206425153793574817e-01
1.163409968870719735e-01
1.212052474386601658e-01
1.198649622577096646e-01
1.130504525837375401e-01
1.220183842066477897e-01
1.154002438033319838e-01
1.189322226429382762e-01
1.164463525778631353e-01
1.199924342727444609e-01
1.130985862676716497e-01
1.143618033098725562e-01
1.158048890390897812e-01
1.180315409462283915e-01
1.165131553379192414e-01
1.156832889227255440e-01
1.178699872384856295e-01
1.171663165934695439e-01
1.096886482305163418e-01
1.154071699440947646e-01
1.146947827101894718e-01
1.162817866739359052e-01
1.138987827312223505e-01
1.139828718460770413e-01
1.161923454367026487e-01
1.164343446175471475e-01
1.129842320420478829e-01
1.169484144265410391e-01
1.149868260647292501e-01
1.089293506287437041e-01
1.169720232677772948e-01
1.104294478527607370e-01
1.091416052579167462e-01
1.148770606874974926e-01
1.143609809010963513e-01
1.118858827748336476e-01
1.084103255481977807e-01
1.017133532771280907e-01
1.112921817242338712e-01
1.085038106698756472e-01
1.141143511028686469e-01
1.045138198448995887e-01
1.057359780577970393e-01
9.826197879295224535e-02
9.390501826571813482e-02
7.850084642336915830e-02
7.545686775397916768e-02
8.197964478148074552e-02
8.605236260712320617e-02
9.396656356446497771e-02
1.045304482717473449e-01
1.019484353473725652e-01
1.069392569294279477e-01
1.034873276838364498e-01
1.080305556632672886e-01
1.070918426437092175e-01
1.083264045611117693e-01
1.027155122178625563e-01
1.072157013661727970e-01
9.799656554092731064e-02
9.349699660485766284e-02
1.027033141047392767e-01
9.585381905462428409e-02
9.349986466107265692e-02
9.048337783969967463e-02
8.119544085693591873e-02
8.677059440967227477e-02
7.201748667408060245e-02
7.494053885444691698e-02
6.769986919814499626e-02
5.971440934660320055e-02
5.156727980612609702e-02
2.958696595526450618e-02
3.663872418728276320e-02
7.348601355002286339e-02
8.811836550678306401e-02
9.833075611593512788e-02
9.392329468336758913e-02
1.025041866261634932e-01
1.052099926182058359e-01
1.013252022985809825e-01
1.087859610979539510e-01
1.090795680480293184e-01
1.090365372081432416e-01
1.138874985561929704e-01
1.137133708158022116e-01
1.106283296180148867e-01
1.150141426496445185e-01
1.154407636159461015e-01
1.134633592122704093e-01
1.100813315679969734e-01
1.100587728821173228e-01
1.182172021674425672e-01
1.108080070695815905e-01
8.871864083836138171e-02
6.310206310206310787e-02
7.477805154679494082e-02
9.963661938811393948e-02
1.012002286149742830e-01
1.139563154386102478e-01
1.182320009395920607e-01
1.137238461831624747e-01
1.128828725478949191e-01
1.148219917170105187e-01
1.185693669799914168e-01
1.129235588493715803e-01
1.183617479913776221e-01
1.152508693492300118e-01
1.202534075638318350e-01
1.082158300432412151e-01
1.143206948004744233e-01
1.144976554692904852e-01
1.133480740137321058e-01
1.127960993588513067e-01
1.110391342453225655e-01
1.117192655564613196e-01
1.149240598339645730e-01
1.075160225286463378e-01
1.055684000156745933e-01
1.167368210062136730e-01
1.122260260496596163e-01
1.132684809578197033e-01
1.168229754446044322e-01
1.098063373503253420e-01
1.123232641487141165e-01
1.073841412824463604e-01
1.136713963874945721e-01
1.148314168778016009e-01
1.124638140936669722e-01
1.130403828659573562e-01
1.145029100843330538e-01
1.156840046305536718e-01
1.083046760741531306e-01
1.186843270663070216e-01
1.218082385804776374e-01
1.084369619284484415e-01
1.177468481320121801e-01
1.170535992521034574e-01
1.133320087423008160e-01
1.130250589504815939e-01
1.121987655777017673e-01
1.062987586949002694e-01
1.122962845473650800e-01
1.127941467273086834e-01
1.095230511983438237e-01
1.049089950950585770e-01
1.081908861388187620e-01
1.178526435567115033e-01
1.124876114965312202e-01
1.142580097773827352e-01
1.068807525442971307e-01
1.073507567545866903e-01
1.118234196218453325e-01
1.120997170855713709e-01
1.107302713819105638e-01
1.135482839905709446e-01
1.125575806128580048e-01
1.139564141065703556e-01
1.159316361897932413e-01
1.155965549614269977e-01
1.095968897073869436e-01
1.085965549235548000e-01
1.103581024180936010e-01
1.113140908537327972e-01
1.079966023540832459e-01
1.063147208121827392e-01
1.140435530566861061e-01
1.133370039388420653e-01
1.086586024857629784e-01
1.139172040773871464e-01
1.078410851090551292e-01
1.071957358602309701e-01
1.003851611595378002e-01
9.438239294398878543e-02
8.952170533120576423e-02
8.097936225650358144e-02
6.169729506504233185e-02
1.399341008013667981e-02
7.481377088785987062e-02
9.367813773348933337e-02
1.020615622331557809e-01
1.068949752711857298e-01
1.079299691040164766e-01
1.144223238943159748e-01
1.119387960539561105e-01
1.118243106858826802e-01
1.104440822168329811e-01
1.055787384029494014e-01
1.041426698971283371e-01
1.009112785514221511e-01
1.011258304491387261e-01
1.089939024390243899e-01
1.056368585065677879e-01
1.035559339901877263e-01
1.054739118247707552e-01
1.009829852749595386e-01
1.055108844871543439e-01
1.084638255698711640e-01
1.054975969991794604e-01
1.095729244284089632e-01
7.011055592713538731e-02
1.010256618153808766e-01
1.046728971962616883e-01
1.040552671636548188e-01
1.123064708217546698e-01
1.102274089764597731e-01
1.077359884874178331e-01
1.105157146657545636e-01
1.104308651957953136e-01
1.117410173202486590e-01
1.141547188872051866e-01
1.114757896362653516e-01
1.110807966636785243e-01
1.140313195610575259e-01
1.132814029044506149e-01
1.093658650660638415e-01
1.149478742781847029e-01
1.104015670910871716e-01
1.118864941974785088e-01
1.150432276657060576e-01
1.136763154810734727e-01
1.135395081518551785e-01
1.079112122936824181e-01
1.082378871964419231e-01
1.117564590426597254e-01
