7.164179104477612359e-02
7.487264542115863730e-02
6.132812499999999722e-02
7.408840313376535702e-02
5.923125393824826834e-02
6.774617067833697825e-02
6.367782462782893560e-02
6.431622142199146241e-02
5.860865329978082877e-02
6.844971953499714989e-02
6.147672552166934257e-02
6.121509665541577383e-02
6.573553969940792996e-02
6.244972577696526750e-02
6.327667476074846920e-02
6.086149010643617657e-02
5.982148940519179531e-02
6.286701208981002043e-02
6.223306894447833831e-02
6.212438382064960213e-02
6.386509991369580808e-02
6.344192168476472937e-02
6.624669782564519827e-02
6.555650628578950367e-02
6.324797753560205960e-02
6.187529747739171915e-02
7.236603582046262362e-02
7.265474748913740288e-02
7.320412133439008207e-02
7.341197157300900777e-02
6.344387948698489155e-02
6.648501362397819803e-02
6.312862866955597230e-02
6.003783205855744987e-02
6.570723684210526272e-02
7.473460721868364909e-02
6.522249159302416499e-02
6.254430878298543328e-02
6.824064632520197848e-02
6.499879333923255786e-02
6.485938687610844078e-02
