1.418706842435656090e-01
4.210526315789473589e-02
4.494382022471909988e-02
8.620689655172414367e-02
5.517241379310344751e-02
5.172413793103448204e-02
1.869158878504672758e-02
7.092198581560284210e-02
1.359223300970873738e-01
9.174311926605505096e-02
6.722689075630251809e-02
1.398601398601398704e-01
7.207207207207207145e-02
1.779661016949152519e-01
2.836879432624113406e-02
1.634877384196185279e-01
1.208170360712733649e-01
3.883495145631067624e-02
3.550295857988165771e-02
7.486631016042780140e-02
1.102362204724409434e-01
1.193317422434367475e-01
1.335714285714285632e-01
7.017543859649122417e-02
1.254612546125461192e-01
1.050903119868637076e-01
1.290655653071760556e-01
1.261829652996845352e-01
1.311475409836065642e-01
1.704918032786885140e-01
1.578231292517006668e-01
1.393624907338769370e-01
1.245136186770428033e-01
1.236520488856937411e-01
1.463414634146341375e-01
1.109607577807848466e-01
8.393632416787265293e-02
1.252936570086139456e-01
1.284540702016430114e-01
1.314589665653495554e-01
1.342486651411136656e-01
1.097293343087051981e-01
1.267962806424344779e-01
1.204819277108433728e-01
1.547325102880658387e-01
1.373471307619943682e-01
1.602160216021602246e-01
1.491300745650372961e-01
1.441368078175895850e-01
1.711111111111111027e-01
1.518357187305538203e-01
1.212121212121212155e-01
1.053045186640471503e-01
1.087042142575817272e-01
1.264059989287627250e-01
1.268209083119108960e-01
1.312670920692798615e-01
1.315673289183222905e-01
1.389904901243599056e-01
1.228625712476250770e-01
1.660978384527872498e-01
