2.356000000000000000e+03
2.474000000000000000e+03
2.666000000000000000e+03
2.672000000000000000e+03
2.572000000000000000e+03
2.562000000000000000e+03
2.582000000000000000e+03
2.418000000000000000e+03
2.396000000000000000e+03
2.427000000000000000e+03
2.324000000000000000e+03
2.468000000000000000e+03
2.576000000000000000e+03
2.396000000000000000e+03
2.426000000000000000e+03
2.554000000000000000e+03
2.590000000000000000e+03
2.504000000000000000e+03
2.466000000000000000e+03
2.284000000000000000e+03
2.308000000000000000e+03
2.333000000000000000e+03
2.248000000000000000e+03
2.276000000000000000e+03
2.130000000000000000e+03
2.128000000000000000e+03
2.206000000000000000e+03
2.186000000000000000e+03
2.220000000000000000e+03
2.176000000000000000e+03
2.005000000000000000e+03
2.122000000000000000e+03
2.016000000000000000e+03
2.104000000000000000e+03
2.208000000000000000e+03
2.070000000000000000e+03
2.058000000000000000e+03
2.094000000000000000e+03
1.962000000000000000e+03
1.982000000000000000e+03
1.932000000000000000e+03
1.832000000000000000e+03
1.918000000000000000e+03
1.732000000000000000e+03
1.778000000000000000e+03
1.780000000000000000e+03
1.696000000000000000e+03
1.751000000000000000e+03
1.838000000000000000e+03
1.914000000000000000e+03
1.810000000000000000e+03
1.602000000000000000e+03
1.652000000000000000e+03
1.576000000000000000e+03
1.780000000000000000e+03
1.718000000000000000e+03
1.626000000000000000e+03
1.660000000000000000e+03
1.810000000000000000e+03
1.792000000000000000e+03
1.935000000000000000e+03
1.836000000000000000e+03
1.948000000000000000e+03
1.789000000000000000e+03
1.602000000000000000e+03
1.652000000000000000e+03
1.852000000000000000e+03
2.096000000000000000e+03
2.178000000000000000e+03
2.102000000000000000e+03
2.244000000000000000e+03
2.320000000000000000e+03
2.124000000000000000e+03
2.358000000000000000e+03
2.330000000000000000e+03
2.418000000000000000e+03
2.198000000000000000e+03
2.144000000000000000e+03
2.014000000000000000e+03
1.942000000000000000e+03
1.952000000000000000e+03
1.988000000000000000e+03
1.852000000000000000e+03
1.710000000000000000e+03
1.566000000000000000e+03
1.374000000000000000e+03
1.330000000000000000e+03
1.202000000000000000e+03
1.214000000000000000e+03
1.214000000000000000e+03
1.030000000000000000e+03
7.760000000000000000e+02
8.480000000000000000e+02
1.342000000000000000e+03
1.694000000000000000e+03
1.698000000000000000e+03
1.854000000000000000e+03
1.822000000000000000e+03
1.911000000000000000e+03
1.984000000000000000e+03
1.940000000000000000e+03
2.078000000000000000e+03
2.166000000000000000e+03
2.270000000000000000e+03
2.214000000000000000e+03
2.007000000000000000e+03
2.386000000000000000e+03
2.312000000000000000e+03
2.330000000000000000e+03
2.424000000000000000e+03
2.452000000000000000e+03
2.426000000000000000e+03
2.443000000000000000e+03
2.356000000000000000e+03
2.160000000000000000e+03
1.862000000000000000e+03
1.902000000000000000e+03
2.264000000000000000e+03
2.252000000000000000e+03
2.308000000000000000e+03
2.348000000000000000e+03
2.530000000000000000e+03
2.410000000000000000e+03
2.428000000000000000e+03
2.442000000000000000e+03
2.466000000000000000e+03
2.432000000000000000e+03
2.554000000000000000e+03
2.364000000000000000e+03
2.410000000000000000e+03
2.340000000000000000e+03
2.525000000000000000e+03
2.400000000000000000e+03
2.372000000000000000e+03
2.372000000000000000e+03
2.350000000000000000e+03
2.409000000000000000e+03
2.346000000000000000e+03
2.302000000000000000e+03
2.176000000000000000e+03
2.382000000000000000e+03
2.294000000000000000e+03
2.418000000000000000e+03
2.276000000000000000e+03
2.372000000000000000e+03
2.454000000000000000e+03
2.460000000000000000e+03
2.488000000000000000e+03
2.373000000000000000e+03
2.530000000000000000e+03
2.271000000000000000e+03
2.498000000000000000e+03
2.376000000000000000e+03
2.526000000000000000e+03
2.524000000000000000e+03
2.450000000000000000e+03
2.437000000000000000e+03
2.626000000000000000e+03
2.536000000000000000e+03
2.588000000000000000e+03
2.456000000000000000e+03
2.431000000000000000e+03
2.414000000000000000e+03
2.340000000000000000e+03
2.414000000000000000e+03
2.526000000000000000e+03
2.358000000000000000e+03
2.419000000000000000e+03
2.350000000000000000e+03
2.356000000000000000e+03
2.340000000000000000e+03
2.370000000000000000e+03
2.244000000000000000e+03
2.206000000000000000e+03
2.420000000000000000e+03
2.360000000000000000e+03
2.450000000000000000e+03
2.338000000000000000e+03
2.342000000000000000e+03
2.380000000000000000e+03
2.386000000000000000e+03
2.300000000000000000e+03
2.352000000000000000e+03
2.234000000000000000e+03
2.334000000000000000e+03
2.462000000000000000e+03
2.376000000000000000e+03
2.296000000000000000e+03
2.348000000000000000e+03
2.356000000000000000e+03
2.202000000000000000e+03
2.223000000000000000e+03
2.092000000000000000e+03
2.086000000000000000e+03
2.062000000000000000e+03
1.808000000000000000e+03
1.622000000000000000e+03
9.960000000000000000e+02
6.360000000000000000e+02
1.810000000000000000e+03
2.238000000000000000e+03
2.152000000000000000e+03
2.348000000000000000e+03
2.246000000000000000e+03
2.348000000000000000e+03
2.248000000000000000e+03
2.388000000000000000e+03
2.210000000000000000e+03
2.280000000000000000e+03
2.326000000000000000e+03
2.100000000000000000e+03
2.204000000000000000e+03
2.204000000000000000e+03
2.306000000000000000e+03
2.258000000000000000e+03
2.154000000000000000e+03
2.168000000000000000e+03
2.220000000000000000e+03
2.234000000000000000e+03
2.148000000000000000e+03
2.306000000000000000e+03
2.253000000000000000e+03
1.784000000000000000e+03
2.214000000000000000e+03
2.326000000000000000e+03
2.395000000000000000e+03
2.444000000000000000e+03
2.443000000000000000e+03
2.448000000000000000e+03
2.456000000000000000e+03
2.496000000000000000e+03
2.534000000000000000e+03
2.464000000000000000e+03
2.516000000000000000e+03
2.616000000000000000e+03
2.458000000000000000e+03
2.381000000000000000e+03
2.430000000000000000e+03
2.442000000000000000e+03
2.412000000000000000e+03
2.326000000000000000e+03
