1.158422565460205078e+01
1.156166315078735352e+01
1.145947623252868652e+01
1.156908702850341797e+01
1.156685042381286621e+01
1.157275009155273438e+01
1.153328394889831543e+01
1.161058926582336426e+01
1.159099149703979492e+01
1.156010842323303223e+01
1.158958578109741211e+01
1.155250883102416992e+01
1.150324726104736328e+01
1.147310543060302734e+01
1.159294795989990234e+01
1.159553241729736328e+01
1.154955911636352539e+01
1.150244331359863281e+01
1.157940411567687988e+01
1.155456948280334473e+01
1.164575314521789551e+01
1.155757761001586914e+01
1.156109976768493652e+01
1.158017277717590332e+01
1.157970309257507324e+01
1.153011465072631836e+01
1.167321038246154785e+01
1.146926784515380859e+01
1.151110363006591797e+01
1.153333592414855957e+01
1.153240561485290527e+01
1.146342444419860840e+01
1.163897275924682617e+01
1.165941905975341797e+01
1.156090688705444336e+01
1.156880879402160645e+01
1.151952791213989258e+01
1.158449316024780273e+01
1.154426717758178711e+01
1.156523084640502930e+01
1.155729722976684570e+01
1.158201336860656738e+01
1.157874989509582520e+01
1.150727009773254395e+01
1.154610443115234375e+01
1.154013895988464355e+01
1.154040288925170898e+01
1.158262848854064941e+01
1.158919405937194824e+01
1.175159335136413574e+01
1.150269222259521484e+01
1.149342846870422363e+01
1.152775621414184570e+01
1.155082821846008301e+01
1.158613705635070801e+01
1.158944010734558105e+01
1.153702473640441895e+01
1.148548936843872070e+01
1.154725098609924316e+01
1.154847955703735352e+01
1.153735780715942383e+01
1.159078931808471680e+01
1.150720310211181641e+01
1.144921422004699707e+01
1.157164382934570312e+01
1.159932875633239746e+01
1.153711700439453125e+01
1.169665050506591797e+01
1.157657551765441895e+01
1.156657552719116211e+01
1.156965184211730957e+01
1.157537555694580078e+01
1.157294130325317383e+01
1.152443313598632812e+01
1.154687094688415527e+01
1.155522799491882324e+01
1.152467131614685059e+01
1.150577044486999512e+01
1.150658178329467773e+01
1.163617038726806641e+01
1.149629545211791992e+01
1.151904869079589844e+01
1.149644136428833008e+01
1.161022567749023438e+01
1.158632373809814453e+01
1.157389688491821289e+01
1.147243905067443848e+01
1.152994656562805176e+01
1.146791720390319824e+01
1.153252410888671875e+01
1.152373957633972168e+01
1.170793557167053223e+01
1.152996897697448730e+01
1.147154378890991211e+01
1.153027558326721191e+01
1.144511723518371582e+01
1.151515221595764160e+01
1.154660558700561523e+01
1.153835916519165039e+01
1.149736046791076660e+01
1.148403978347778320e+01
1.145364928245544434e+01
1.159359216690063477e+01
1.154059219360351562e+01
1.162678766250610352e+01
1.158671545982360840e+01
1.164172291755676270e+01
1.157262396812438965e+01
1.151594877243041992e+01
1.156034755706787109e+01
1.154558777809143066e+01
1.150525355339050293e+01
1.154638481140136719e+01
1.163759541511535645e+01
1.155794262886047363e+01
1.159826946258544922e+01
1.157823061943054199e+01
1.156420421600341797e+01
1.153220653533935547e+01
1.149618363380432129e+01
1.150142145156860352e+01
1.159269952774047852e+01
1.150294446945190430e+01
1.152164006233215332e+01
1.154684901237487793e+01
1.154148387908935547e+01
1.154736518859863281e+01
1.157069492340087891e+01
1.158972477912902832e+01
1.153939247131347656e+01
1.151505470275878906e+01
1.153288459777832031e+01
1.157825708389282227e+01
1.160301733016967773e+01
1.154946041107177734e+01
1.149941539764404297e+01
1.159751486778259277e+01
1.162038445472717285e+01
1.151331496238708496e+01
1.167325258255004883e+01
1.157829380035400391e+01
1.151881480216979980e+01
1.152628493309020996e+01
1.154791450500488281e+01
1.159051990509033203e+01
1.162032246589660645e+01
1.159364676475524902e+01
1.165397858619689941e+01
1.162550783157348633e+01
1.154438400268554688e+01
1.162246751785278320e+01
1.159740853309631348e+01
1.161581087112426758e+01
1.155511403083801270e+01
1.151471281051635742e+01
1.159466886520385742e+01
1.152374100685119629e+01
1.156973886489868164e+01
1.149641633033752441e+01
1.169972348213195801e+01
1.154853677749633789e+01
1.150118327140808105e+01
1.158792567253112793e+01
1.158417463302612305e+01
1.155737519264221191e+01
1.151741099357604980e+01
1.160615634918212891e+01
1.166621589660644531e+01
1.162148547172546387e+01
1.155454111099243164e+01
1.151212024688720703e+01
1.156022024154663086e+01
1.150750088691711426e+01
1.163277292251586914e+01
1.155602622032165527e+01
1.153820109367370605e+01
1.160149025917053223e+01
1.159502530097961426e+01
1.157450842857360840e+01
1.150262928009033203e+01
1.156862306594848633e+01
1.158140254020690918e+01
1.158713150024414062e+01
1.151218175888061523e+01
1.152283692359924316e+01
1.159938502311706543e+01
1.153511023521423340e+01
1.150622868537902832e+01
1.149977779388427734e+01
1.158738923072814941e+01
1.154593420028686523e+01
1.157621741294860840e+01
1.153884553909301758e+01
1.158139801025390625e+01
1.158645868301391602e+01
1.150612974166870117e+01
1.158947873115539551e+01
1.153876733779907227e+01
1.152686238288879395e+01
1.146674370765686035e+01
1.158908653259277344e+01
1.151643276214599609e+01
1.150510406494140625e+01
1.157529067993164062e+01
1.155152177810668945e+01
1.149241256713867188e+01
1.153475379943847656e+01
1.156865930557250977e+01
1.156616044044494629e+01
1.167273545265197754e+01
1.153172373771667480e+01
1.155719518661499023e+01
1.157521557807922363e+01
1.156176352500915527e+01
1.152024912834167480e+01
1.173468947410583496e+01
1.160713171958923340e+01
1.159590196609497070e+01
1.153476977348327637e+01
1.166096258163452148e+01
1.163508272171020508e+01
1.160080337524414062e+01
1.158324646949768066e+01
1.157153487205505371e+01
1.156521677970886230e+01
1.155138039588928223e+01
1.153315496444702148e+01
1.157748413085937500e+01
1.153209590911865234e+01
1.155271363258361816e+01
1.166727423667907715e+01
1.164183473587036133e+01
1.151783108711242676e+01
1.154461669921875000e+01
1.158937406539916992e+01
1.155071449279785156e+01
1.153345417976379395e+01
1.157126975059509277e+01
1.161305451393127441e+01
1.159102535247802734e+01
1.150525379180908203e+01
