2.234000000000000000e+03
2.444000000000000000e+03
2.562000000000000000e+03
2.560000000000000000e+03
2.686000000000000000e+03
2.780000000000000000e+03
2.854000000000000000e+03
2.628000000000000000e+03
2.596000000000000000e+03
2.490000000000000000e+03
2.554000000000000000e+03
2.555000000000000000e+03
2.586000000000000000e+03
2.677000000000000000e+03
2.696000000000000000e+03
2.596000000000000000e+03
2.708000000000000000e+03
2.680000000000000000e+03
2.614000000000000000e+03
2.614000000000000000e+03
2.628000000000000000e+03
2.660000000000000000e+03
2.620000000000000000e+03
2.426000000000000000e+03
2.536000000000000000e+03
2.738000000000000000e+03
2.706000000000000000e+03
2.600000000000000000e+03
2.674000000000000000e+03
2.488000000000000000e+03
2.458000000000000000e+03
2.565000000000000000e+03
2.494000000000000000e+03
2.406000000000000000e+03
2.616000000000000000e+03
2.442000000000000000e+03
2.524000000000000000e+03
2.278000000000000000e+03
2.482000000000000000e+03
2.436000000000000000e+03
2.462000000000000000e+03
2.386000000000000000e+03
2.474000000000000000e+03
2.450000000000000000e+03
2.380000000000000000e+03
2.482000000000000000e+03
2.314000000000000000e+03
2.524000000000000000e+03
2.428000000000000000e+03
2.434000000000000000e+03
2.206000000000000000e+03
2.370000000000000000e+03
2.384000000000000000e+03
2.288000000000000000e+03
2.510000000000000000e+03
2.408000000000000000e+03
2.276000000000000000e+03
2.424000000000000000e+03
2.266000000000000000e+03
2.162000000000000000e+03
1.864000000000000000e+03
1.962000000000000000e+03
2.008000000000000000e+03
1.972000000000000000e+03
2.128000000000000000e+03
2.244000000000000000e+03
2.196000000000000000e+03
2.174000000000000000e+03
2.174000000000000000e+03
1.976000000000000000e+03
1.786000000000000000e+03
1.890000000000000000e+03
1.642000000000000000e+03
1.788000000000000000e+03
1.598000000000000000e+03
1.746000000000000000e+03
1.638000000000000000e+03
1.766000000000000000e+03
1.936000000000000000e+03
2.156000000000000000e+03
2.218000000000000000e+03
2.352000000000000000e+03
2.368000000000000000e+03
2.264000000000000000e+03
2.283000000000000000e+03
2.513000000000000000e+03
2.520000000000000000e+03
2.584000000000000000e+03
2.586000000000000000e+03
2.612000000000000000e+03
2.464000000000000000e+03
2.552000000000000000e+03
2.604000000000000000e+03
2.757000000000000000e+03
2.704000000000000000e+03
2.626000000000000000e+03
2.722000000000000000e+03
2.616000000000000000e+03
2.610000000000000000e+03
2.632000000000000000e+03
2.702000000000000000e+03
2.596000000000000000e+03
2.738000000000000000e+03
2.202000000000000000e+03
1.858000000000000000e+03
1.994000000000000000e+03
2.340000000000000000e+03
2.595000000000000000e+03
2.726000000000000000e+03
2.642000000000000000e+03
2.642000000000000000e+03
2.592000000000000000e+03
2.770000000000000000e+03
2.650000000000000000e+03
2.586000000000000000e+03
2.626000000000000000e+03
2.676000000000000000e+03
2.656000000000000000e+03
2.684000000000000000e+03
2.622000000000000000e+03
2.734000000000000000e+03
2.602000000000000000e+03
2.706000000000000000e+03
2.618000000000000000e+03
2.690000000000000000e+03
2.604000000000000000e+03
2.480000000000000000e+03
2.682000000000000000e+03
2.522000000000000000e+03
2.642000000000000000e+03
2.708000000000000000e+03
2.642000000000000000e+03
2.598000000000000000e+03
2.502000000000000000e+03
2.494000000000000000e+03
2.508000000000000000e+03
2.422000000000000000e+03
2.674000000000000000e+03
2.572000000000000000e+03
2.500000000000000000e+03
2.542000000000000000e+03
2.672000000000000000e+03
2.614000000000000000e+03
2.530000000000000000e+03
2.510000000000000000e+03
2.584000000000000000e+03
2.434000000000000000e+03
2.342000000000000000e+03
2.574000000000000000e+03
2.622000000000000000e+03
2.606000000000000000e+03
2.488000000000000000e+03
2.638000000000000000e+03
2.428000000000000000e+03
2.608000000000000000e+03
2.532000000000000000e+03
2.594000000000000000e+03
2.504000000000000000e+03
2.428000000000000000e+03
2.582000000000000000e+03
2.502000000000000000e+03
2.590000000000000000e+03
2.602000000000000000e+03
2.530000000000000000e+03
2.418000000000000000e+03
2.514000000000000000e+03
2.582000000000000000e+03
2.368000000000000000e+03
2.448000000000000000e+03
2.458000000000000000e+03
2.468000000000000000e+03
2.672000000000000000e+03
2.500000000000000000e+03
2.504000000000000000e+03
2.306000000000000000e+03
2.334000000000000000e+03
2.330000000000000000e+03
2.084000000000000000e+03
1.954000000000000000e+03
1.370000000000000000e+03
5.480000000000000000e+02
1.654000000000000000e+03
1.860000000000000000e+03
2.133000000000000000e+03
2.044000000000000000e+03
2.206000000000000000e+03
2.162000000000000000e+03
2.232000000000000000e+03
2.267000000000000000e+03
2.376000000000000000e+03
2.453000000000000000e+03
2.418000000000000000e+03
2.394000000000000000e+03
2.278000000000000000e+03
2.579000000000000000e+03
2.700000000000000000e+03
2.472000000000000000e+03
2.382000000000000000e+03
2.270000000000000000e+03
2.298000000000000000e+03
2.284000000000000000e+03
2.271000000000000000e+03
2.422000000000000000e+03
2.446000000000000000e+03
2.416000000000000000e+03
2.392000000000000000e+03
2.053000000000000000e+03
2.164000000000000000e+03
2.352000000000000000e+03
2.562000000000000000e+03
2.394000000000000000e+03
2.356000000000000000e+03
2.476000000000000000e+03
2.292000000000000000e+03
2.324000000000000000e+03
2.274000000000000000e+03
2.464000000000000000e+03
2.514000000000000000e+03
2.362000000000000000e+03
2.368000000000000000e+03
2.220000000000000000e+03
2.310000000000000000e+03
2.452000000000000000e+03
2.630000000000000000e+03
2.416000000000000000e+03
2.544000000000000000e+03
2.584000000000000000e+03
2.558000000000000000e+03
2.518000000000000000e+03
2.566000000000000000e+03
2.608000000000000000e+03
2.628000000000000000e+03
2.538000000000000000e+03
2.622000000000000000e+03
2.574000000000000000e+03
2.518000000000000000e+03
2.550000000000000000e+03
2.520000000000000000e+03
2.494000000000000000e+03
2.422000000000000000e+03
2.560000000000000000e+03
