8.213755566551211862e-02
8.003904343582235459e-02
9.718670076726342033e-02
7.300585849481748546e-02
8.278765201122544048e-02
8.750563824988723260e-02
8.406466512702077953e-02
7.040417209908735041e-02
7.709958696649839294e-02
6.821052631578947145e-02
7.505720823798626984e-02
6.947459834997829486e-02
8.421052631578947179e-02
7.236842105263158187e-02
6.994085883260478531e-02
6.835066864784546115e-02
7.336757153338224757e-02
7.416196974191634206e-02
9.833526906697638570e-02
9.967992684042066565e-02
7.293271700051361106e-02
9.202851587815942536e-02
9.523809523809523281e-02
8.852755194218608903e-02
1.142857142857142821e-01
1.020656136087484817e-01
8.240887480190174641e-02
1.056338028169014065e-01
1.335807050092764348e-01
1.167608286252354022e-01
8.067940552016984734e-02
1.887905604719763986e-01
8.308605341246290410e-02
1.356589147286821617e-01
1.454545454545454475e-01
2.297872340425531901e-01
1.021276595744680799e-01
1.501976284584980170e-01
1.513513513513513598e-01
1.925133689839572115e-01
1.052631578947368363e-01
1.650943396226415005e-01
1.617647058823529493e-01
1.658986175115207407e-01
2.331288343558282072e-01
1.242937853107344698e-01
1.818181818181818232e-01
1.045751633986928136e-01
2.080924855491329550e-01
3.571428571428571508e-01
1.879194630872483285e-01
1.984732824427480891e-01
2.068965517241379282e-01
1.623376623376623362e-01
1.333333333333333315e-01
6.849315068493150305e-02
1.788617886178861804e-01
2.518518518518518268e-01
1.870503597122302186e-01
2.926829268292682751e-01
2.706766917293232932e-01
