5.080000000000000000e+02
5.020000000000000000e+02
4.740000000000000000e+02
5.280000000000000000e+02
5.560000000000000000e+02
5.080000000000000000e+02
4.960000000000000000e+02
4.700000000000000000e+02
4.940000000000000000e+02
5.280000000000000000e+02
5.200000000000000000e+02
5.430000000000000000e+02
5.270000000000000000e+02
5.930000000000000000e+02
6.440000000000000000e+02
5.900000000000000000e+02
6.320000000000000000e+02
6.560000000000000000e+02
6.340000000000000000e+02
6.560000000000000000e+02
6.780000000000000000e+02
6.480000000000000000e+02
6.860000000000000000e+02
6.540000000000000000e+02
7.140000000000000000e+02
6.980000000000000000e+02
6.500000000000000000e+02
7.440000000000000000e+02
7.220000000000000000e+02
6.860000000000000000e+02
6.580000000000000000e+02
7.160000000000000000e+02
6.360000000000000000e+02
6.000000000000000000e+02
6.000000000000000000e+02
6.900000000000000000e+02
6.000000000000000000e+02
6.300000000000000000e+02
6.740000000000000000e+02
5.690000000000000000e+02
6.100000000000000000e+02
