7.090808829999999716e+02
7.090795080000000326e+02
7.090795299999999770e+02
7.090795520000000352e+02
7.090795500000000402e+02
7.090795550000000276e+02
7.090795669999999973e+02
7.090795769999999720e+02
7.090795709999999872e+02
7.090795849999999518e+02
7.090795920000000478e+02
7.090796070000000100e+02
7.090796189999999797e+02
7.090796189999999797e+02
7.090796340000000555e+02
7.090796490000000176e+02
7.090796530000000075e+02
7.090796669999999722e+02
7.090796589999999924e+02
7.090796910000000253e+02
7.090796950000000152e+02
7.090797029999999950e+02
7.090797139999999672e+02
7.090797310000000380e+02
7.090797400000000152e+02
7.090797509999999875e+02
7.090797539999999799e+02
7.090797659999999496e+02
7.090797750000000406e+02
7.090797810000000254e+02
7.090797910000000002e+02
7.090798009999999749e+02
7.090798170000000482e+02
7.090798270000000230e+02
7.090798360000000002e+02
7.090798469999999725e+02
7.090798499999999649e+02
7.090798690000000306e+02
7.090798810000000003e+02
7.090798819999999978e+02
7.090799029999999448e+02
