2.431564545631408691e+01
1.154891514778137207e+01
1.152740764617919922e+01
1.158559393882751465e+01
1.149985122680664062e+01
1.152349638938903809e+01
1.153118729591369629e+01
1.160299205780029297e+01
1.155572295188903809e+01
1.157212042808532715e+01
1.154482865333557129e+01
1.154396629333496094e+01
1.152705407142639160e+01
1.152035546302795410e+01
1.155099201202392578e+01
1.155364513397216797e+01
1.152588033676147461e+01
1.153661346435546875e+01
1.155363965034484863e+01
1.156547284126281738e+01
1.155473351478576660e+01
1.149495148658752441e+01
1.153130364418029785e+01
1.148905706405639648e+01
1.152021002769470215e+01
1.157521510124206543e+01
1.149756836891174316e+01
1.152285242080688477e+01
1.152018213272094727e+01
1.159833788871765137e+01
1.149406409263610840e+01
1.152720546722412109e+01
1.156751561164855957e+01
1.156352758407592773e+01
1.159681510925292969e+01
1.149118065834045410e+01
1.153715157508850098e+01
1.157713150978088379e+01
1.159167599678039551e+01
1.154970574378967285e+01
1.150603985786437988e+01
1.158395051956176758e+01
1.156382369995117188e+01
1.152797484397888184e+01
1.165125155448913574e+01
1.152002596855163574e+01
1.155362367630004883e+01
1.148548889160156250e+01
1.157037878036499023e+01
1.153389453887939453e+01
1.158955097198486328e+01
1.154212427139282227e+01
1.155137729644775391e+01
1.150231552124023438e+01
1.150465846061706543e+01
1.150084519386291504e+01
1.171712207794189453e+01
1.153917312622070312e+01
1.149261164665222168e+01
1.154274630546569824e+01
1.156802964210510254e+01
1.148132061958312988e+01
1.159410643577575684e+01
1.155565071105957031e+01
1.149266195297241211e+01
1.152725982666015625e+01
1.148746609687805176e+01
1.156218123435974121e+01
1.152052950859069824e+01
1.155742430686950684e+01
1.148888039588928223e+01
1.153788089752197266e+01
1.155319857597351074e+01
1.148871183395385742e+01
1.150542402267456055e+01
1.154165482521057129e+01
1.153889179229736328e+01
1.151632571220397949e+01
1.155119013786315918e+01
1.146529173851013184e+01
1.151575946807861328e+01
1.151970934867858887e+01
1.157723402976989746e+01
1.150771403312683105e+01
1.150530624389648438e+01
1.149251174926757812e+01
1.153947544097900391e+01
1.154088997840881348e+01
1.159583926200866699e+01
1.152229261398315430e+01
1.157722544670104980e+01
1.155856990814208984e+01
1.150071668624877930e+01
1.155021595954895020e+01
1.158589243888854980e+01
1.151629948616027832e+01
1.154458546638488770e+01
1.155882835388183594e+01
1.149807667732238770e+01
1.147985482215881348e+01
1.171701025962829590e+01
1.154758787155151367e+01
1.153911972045898438e+01
1.151932621002197266e+01
1.149399924278259277e+01
1.157492780685424805e+01
1.161641979217529297e+01
1.150691556930541992e+01
1.148796391487121582e+01
1.160712599754333496e+01
1.155812501907348633e+01
1.150594449043273926e+01
1.155975651741027832e+01
1.157191014289855957e+01
1.150540113449096680e+01
1.151457762718200684e+01
1.155655479431152344e+01
1.155655884742736816e+01
1.159948325157165527e+01
1.152547526359558105e+01
1.160162401199340820e+01
1.148877716064453125e+01
1.149233889579772949e+01
1.154309797286987305e+01
1.175507402420043945e+01
1.150536680221557617e+01
1.150099563598632812e+01
1.158136558532714844e+01
1.157308483123779297e+01
1.157539963722229004e+01
1.155862045288085938e+01
1.157654452323913574e+01
1.155047798156738281e+01
1.156956338882446289e+01
1.153342032432556152e+01
1.155590033531188965e+01
1.155363798141479492e+01
1.154996800422668457e+01
1.153937363624572754e+01
1.159316062927246094e+01
1.157872390747070312e+01
1.152055549621582031e+01
1.153761649131774902e+01
1.160218119621276855e+01
1.160154938697814941e+01
1.153425359725952148e+01
1.153822040557861328e+01
1.154098987579345703e+01
1.153708100318908691e+01
1.156982302665710449e+01
1.156232285499572754e+01
1.148730397224426270e+01
1.150922870635986328e+01
1.155198287963867188e+01
1.156904792785644531e+01
1.154750204086303711e+01
1.153876233100891113e+01
1.158694386482238770e+01
1.153745651245117188e+01
1.155680751800537109e+01
1.150002074241638184e+01
1.155077791213989258e+01
1.154431557655334473e+01
1.152464675903320312e+01
1.148293113708496094e+01
1.155848622322082520e+01
1.159394478797912598e+01
1.149921154975891113e+01
1.156103515625000000e+01
1.159773612022399902e+01
1.157012820243835449e+01
1.154750132560729980e+01
1.152102279663085938e+01
1.158860087394714355e+01
1.152349257469177246e+01
1.150106310844421387e+01
1.150236177444458008e+01
1.151329946517944336e+01
1.164172077178955078e+01
1.148287320137023926e+01
1.158033442497253418e+01
1.167367219924926758e+01
1.153611588478088379e+01
1.157049417495727539e+01
1.156131529808044434e+01
1.152764391899108887e+01
1.144971942901611328e+01
1.157300114631652832e+01
1.158205580711364746e+01
1.152092862129211426e+01
1.156214761734008789e+01
1.156943655014038086e+01
1.159853100776672363e+01
1.158518886566162109e+01
1.154814505577087402e+01
1.152644872665405273e+01
1.158240842819213867e+01
1.153817653656005859e+01
1.153776526451110840e+01
1.148772621154785156e+01
1.157725834846496582e+01
1.157264566421508789e+01
1.157513213157653809e+01
1.155512213706970215e+01
1.154516577720642090e+01
1.154999256134033203e+01
1.158317899703979492e+01
1.264194464683532715e+01
1.148280405998229980e+01
1.148117399215698242e+01
1.155191349983215332e+01
1.165283155441284180e+01
1.151545429229736328e+01
1.149460268020629883e+01
1.150310897827148438e+01
1.157223653793334961e+01
1.150468969345092773e+01
1.155821371078491211e+01
1.155009722709655762e+01
1.156235408782958984e+01
1.153994822502136230e+01
1.157380509376525879e+01
1.156231379508972168e+01
1.158843708038330078e+01
1.150209045410156250e+01
1.149991416931152344e+01
1.161332941055297852e+01
1.153137063980102539e+01
1.149633407592773438e+01
1.160080289840698242e+01
1.157025194168090820e+01
1.157271409034729004e+01
1.155700755119323730e+01
1.156491756439208984e+01
1.159784698486328125e+01
1.161170697212219238e+01
1.162986421585083008e+01
1.159307050704956055e+01
1.153513288497924805e+01
1.152637481689453125e+01
1.170212125778198242e+01
