2.926000000000000000e+03
3.080000000000000000e+03
3.016000000000000000e+03
3.180000000000000000e+03
3.096000000000000000e+03
3.174000000000000000e+03
3.082000000000000000e+03
3.067000000000000000e+03
2.996000000000000000e+03
3.150000000000000000e+03
3.032000000000000000e+03
3.009000000000000000e+03
3.182000000000000000e+03
3.164000000000000000e+03
3.134000000000000000e+03
3.128000000000000000e+03
3.177000000000000000e+03
3.102000000000000000e+03
3.206000000000000000e+03
3.160000000000000000e+03
2.960000000000000000e+03
3.146000000000000000e+03
3.124000000000000000e+03
3.141000000000000000e+03
3.092000000000000000e+03
3.172000000000000000e+03
3.016000000000000000e+03
3.006000000000000000e+03
3.084000000000000000e+03
3.106000000000000000e+03
2.998000000000000000e+03
3.039000000000000000e+03
3.048000000000000000e+03
3.068000000000000000e+03
2.836000000000000000e+03
2.952000000000000000e+03
2.948000000000000000e+03
2.986000000000000000e+03
2.910000000000000000e+03
2.968000000000000000e+03
2.960000000000000000e+03
2.982000000000000000e+03
2.902000000000000000e+03
2.954000000000000000e+03
2.924000000000000000e+03
2.746000000000000000e+03
2.956000000000000000e+03
2.754000000000000000e+03
2.740000000000000000e+03
2.864000000000000000e+03
2.952000000000000000e+03
2.808000000000000000e+03
2.734000000000000000e+03
2.618000000000000000e+03
2.800000000000000000e+03
2.705000000000000000e+03
2.892000000000000000e+03
2.628000000000000000e+03
2.660000000000000000e+03
2.465000000000000000e+03
2.442000000000000000e+03
1.994000000000000000e+03
1.920000000000000000e+03
2.054000000000000000e+03
2.189000000000000000e+03
2.400000000000000000e+03
2.628000000000000000e+03
2.590000000000000000e+03
2.720000000000000000e+03
2.650000000000000000e+03
2.786000000000000000e+03
2.774000000000000000e+03
2.736000000000000000e+03
2.644000000000000000e+03
2.786000000000000000e+03
2.568000000000000000e+03
2.506000000000000000e+03
2.724000000000000000e+03
2.476000000000000000e+03
2.418000000000000000e+03
2.338000000000000000e+03
2.130000000000000000e+03
2.232000000000000000e+03
1.878000000000000000e+03
1.922000000000000000e+03
1.708000000000000000e+03
1.518000000000000000e+03
1.298000000000000000e+03
7.500000000000000000e+02
8.960000000000000000e+02
1.768000000000000000e+03
2.150000000000000000e+03
2.480000000000000000e+03
2.422000000000000000e+03
2.632000000000000000e+03
2.708000000000000000e+03
2.592000000000000000e+03
2.802000000000000000e+03
2.798000000000000000e+03
2.844000000000000000e+03
2.958000000000000000e+03
3.054000000000000000e+03
2.928000000000000000e+03
3.009000000000000000e+03
3.084000000000000000e+03
2.996000000000000000e+03
2.910000000000000000e+03
2.940000000000000000e+03
3.098000000000000000e+03
2.884000000000000000e+03
2.235000000000000000e+03
1.618000000000000000e+03
1.912000000000000000e+03
2.550000000000000000e+03
2.656000000000000000e+03
2.906000000000000000e+03
3.020000000000000000e+03
2.984000000000000000e+03
2.952000000000000000e+03
3.022000000000000000e+03
3.040000000000000000e+03
2.956000000000000000e+03
3.020000000000000000e+03
3.016000000000000000e+03
3.132000000000000000e+03
2.878000000000000000e+03
2.988000000000000000e+03
2.979000000000000000e+03
2.922000000000000000e+03
2.938000000000000000e+03
2.914000000000000000e+03
2.878000000000000000e+03
3.004000000000000000e+03
2.768000000000000000e+03
2.694000000000000000e+03
2.912000000000000000e+03
2.852000000000000000e+03
2.876000000000000000e+03
3.002000000000000000e+03
2.852000000000000000e+03
2.852000000000000000e+03
2.718000000000000000e+03
2.876000000000000000e+03
2.946000000000000000e+03
2.836000000000000000e+03
2.858000000000000000e+03
2.892000000000000000e+03
2.898000000000000000e+03
2.740000000000000000e+03
2.948000000000000000e+03
3.096000000000000000e+03
2.834000000000000000e+03
3.054000000000000000e+03
3.005000000000000000e+03
2.852000000000000000e+03
2.828000000000000000e+03
2.854000000000000000e+03
2.766000000000000000e+03
2.832000000000000000e+03
2.852000000000000000e+03
2.751000000000000000e+03
2.588000000000000000e+03
2.614000000000000000e+03
2.900000000000000000e+03
2.724000000000000000e+03
2.828000000000000000e+03
2.636000000000000000e+03
2.674000000000000000e+03
2.756000000000000000e+03
2.734000000000000000e+03
2.746000000000000000e+03
2.842000000000000000e+03
2.810000000000000000e+03
2.808000000000000000e+03
2.910000000000000000e+03
2.832000000000000000e+03
2.678000000000000000e+03
2.692000000000000000e+03
2.752000000000000000e+03
2.742000000000000000e+03
2.670000000000000000e+03
2.618000000000000000e+03
2.718000000000000000e+03
2.676000000000000000e+03
2.614000000000000000e+03
2.738000000000000000e+03
2.576000000000000000e+03
2.534000000000000000e+03
2.476000000000000000e+03
2.290000000000000000e+03
2.188000000000000000e+03
1.958000000000000000e+03
1.494000000000000000e+03
3.440000000000000000e+02
1.858000000000000000e+03
2.322000000000000000e+03
2.510000000000000000e+03
2.572000000000000000e+03
2.620000000000000000e+03
2.776000000000000000e+03
2.780000000000000000e+03
2.770000000000000000e+03
2.778000000000000000e+03
2.606000000000000000e+03
2.622000000000000000e+03
2.558000000000000000e+03
2.542000000000000000e+03
2.717000000000000000e+03
2.678000000000000000e+03
2.554000000000000000e+03
2.634000000000000000e+03
2.558000000000000000e+03
2.690000000000000000e+03
2.736000000000000000e+03
2.700000000000000000e+03
2.794000000000000000e+03
1.782000000000000000e+03
2.492000000000000000e+03
2.632000000000000000e+03
2.666000000000000000e+03
2.829000000000000000e+03
2.758000000000000000e+03
2.770000000000000000e+03
2.908000000000000000e+03
2.868000000000000000e+03
2.858000000000000000e+03
2.938000000000000000e+03
2.887000000000000000e+03
2.850000000000000000e+03
2.920000000000000000e+03
2.894000000000000000e+03
2.806000000000000000e+03
2.966000000000000000e+03
2.818000000000000000e+03
2.902000000000000000e+03
2.994000000000000000e+03
2.910000000000000000e+03
2.904000000000000000e+03
2.844000000000000000e+03
2.750000000000000000e+03
2.790000000000000000e+03
