9.828376505703016741e-02
1.077744807121661652e-01
9.577903998218063875e-02
9.314463515005520777e-02
1.030058994287854635e-01
9.621853022118030674e-02
9.708368956017858487e-02
1.034032727637787391e-01
1.014620743793543389e-01
9.261176470588235177e-02
8.891671884783969304e-02
9.675723049956179433e-02
9.252068208678035366e-02
9.854685151160848255e-02
9.241925963403321842e-02
9.419773608802342602e-02
9.248102652374617927e-02
9.520907913778657583e-02
9.382753176452898747e-02
9.001366022000144296e-02
9.241252040599048923e-02
9.770357847280923547e-02
8.713720758763991714e-02
9.343065693430656349e-02
9.282700421940928703e-02
9.167178227951708336e-02
9.170572651314448653e-02
8.747249816654444066e-02
9.140991634360334794e-02
9.331635047261513383e-02
8.604863008899166221e-02
9.236975725116505775e-02
8.766048502139800469e-02
9.273056057866184421e-02
9.448940269749518672e-02
9.289495265786923417e-02
9.097270818754374377e-02
9.648225387581647883e-02
9.684344438260315824e-02
9.832809137560007129e-02
9.608864632431984854e-02
