1.147799999999999976e+01
1.147899999999999920e+01
1.147899999999999920e+01
1.147899999999999920e+01
1.147600000000000087e+01
1.147899999999999920e+01
1.147899999999999920e+01
1.148300000000000054e+01
1.147600000000000087e+01
1.147899999999999920e+01
1.147899999999999920e+01
1.147799999999999976e+01
1.148199999999999932e+01
1.148000000000000043e+01
1.147899999999999920e+01
1.147899999999999920e+01
1.147600000000000087e+01
1.148199999999999932e+01
1.147899999999999920e+01
1.147600000000000087e+01
1.148000000000000043e+01
1.147799999999999976e+01
1.147799999999999976e+01
1.147899999999999920e+01
1.148000000000000043e+01
1.148600000000000065e+01
1.149000000000000021e+01
1.148600000000000065e+01
1.149300000000000033e+01
1.148600000000000065e+01
1.149300000000000033e+01
1.149000000000000021e+01
1.148900000000000077e+01
1.149300000000000033e+01
1.149099999999999966e+01
1.148900000000000077e+01
1.148600000000000065e+01
1.149300000000000033e+01
1.148700000000000010e+01
1.148900000000000077e+01
1.148600000000000065e+01
1.148900000000000077e+01
1.149399999999999977e+01
1.149099999999999966e+01
1.149099999999999966e+01
1.149399999999999977e+01
1.149000000000000021e+01
1.149300000000000033e+01
1.148900000000000077e+01
1.149399999999999977e+01
1.149000000000000021e+01
1.148900000000000077e+01
1.149000000000000021e+01
1.149300000000000033e+01
1.149300000000000033e+01
1.149300000000000033e+01
1.149399999999999977e+01
1.149499999999999922e+01
1.149399999999999977e+01
1.149000000000000021e+01
1.149300000000000033e+01
1.149499999999999922e+01
1.149000000000000021e+01
1.149300000000000033e+01
1.148600000000000065e+01
1.148900000000000077e+01
1.149000000000000021e+01
1.149099999999999966e+01
1.148900000000000077e+01
1.149099999999999966e+01
1.148900000000000077e+01
1.149099999999999966e+01
1.149099999999999966e+01
1.149300000000000033e+01
1.149300000000000033e+01
1.149000000000000021e+01
1.149600000000000044e+01
1.149799999999999933e+01
1.149300000000000033e+01
1.149300000000000033e+01
1.149900000000000055e+01
1.149300000000000033e+01
1.149499999999999922e+01
1.149600000000000044e+01
1.149799999999999933e+01
1.149300000000000033e+01
1.149300000000000033e+01
1.149399999999999977e+01
1.149499999999999922e+01
1.149399999999999977e+01
1.149399999999999977e+01
1.149499999999999922e+01
1.149600000000000044e+01
1.149900000000000055e+01
1.149399999999999977e+01
1.149399999999999977e+01
1.149799999999999933e+01
1.149799999999999933e+01
1.149799999999999933e+01
1.149399999999999977e+01
1.149600000000000044e+01
1.149799999999999933e+01
1.149600000000000044e+01
1.149499999999999922e+01
1.149499999999999922e+01
1.149600000000000044e+01
1.149300000000000033e+01
1.149399999999999977e+01
1.149399999999999977e+01
1.149300000000000033e+01
1.149000000000000021e+01
1.149099999999999966e+01
1.149300000000000033e+01
1.149600000000000044e+01
1.149099999999999966e+01
1.149300000000000033e+01
1.149600000000000044e+01
1.149499999999999922e+01
1.149300000000000033e+01
1.149600000000000044e+01
1.149600000000000044e+01
1.149499999999999922e+01
1.149300000000000033e+01
1.149600000000000044e+01
1.149399999999999977e+01
1.149399999999999977e+01
1.149499999999999922e+01
1.149300000000000033e+01
1.145899999999999963e+01
1.146299999999999919e+01
1.145899999999999963e+01
1.146100000000000030e+01
1.146299999999999919e+01
1.146100000000000030e+01
1.145800000000000018e+01
1.146199999999999974e+01
1.146100000000000030e+01
1.145800000000000018e+01
1.146100000000000030e+01
1.146499999999999986e+01
1.146499999999999986e+01
1.146499999999999986e+01
1.146599999999999930e+01
1.146700000000000053e+01
1.146100000000000030e+01
1.146299999999999919e+01
1.146499999999999986e+01
1.146299999999999919e+01
1.146199999999999974e+01
1.146199999999999974e+01
1.146499999999999986e+01
1.146599999999999930e+01
1.146299999999999919e+01
1.146599999999999930e+01
1.146299999999999919e+01
1.146199999999999974e+01
1.145899999999999963e+01
1.146199999999999974e+01
1.146299999999999919e+01
1.146599999999999930e+01
1.146700000000000053e+01
1.146599999999999930e+01
1.146299999999999919e+01
1.146499999999999986e+01
1.146199999999999974e+01
1.146100000000000030e+01
1.146100000000000030e+01
1.146100000000000030e+01
1.145899999999999963e+01
1.146199999999999974e+01
1.145800000000000018e+01
1.145700000000000074e+01
1.145899999999999963e+01
1.145500000000000007e+01
1.145800000000000018e+01
1.146100000000000030e+01
1.146100000000000030e+01
1.146100000000000030e+01
1.146100000000000030e+01
1.145500000000000007e+01
1.148000000000000043e+01
1.148000000000000043e+01
1.148000000000000043e+01
1.148000000000000043e+01
1.148300000000000054e+01
1.147899999999999920e+01
1.148199999999999932e+01
1.148199999999999932e+01
1.148300000000000054e+01
1.148199999999999932e+01
1.148000000000000043e+01
1.148700000000000010e+01
1.148199999999999932e+01
1.148600000000000065e+01
1.148300000000000054e+01
1.148000000000000043e+01
1.148199999999999932e+01
1.148700000000000010e+01
1.148399999999999999e+01
1.148600000000000065e+01
1.148600000000000065e+01
1.148199999999999932e+01
1.148399999999999999e+01
1.148199999999999932e+01
1.148600000000000065e+01
1.148600000000000065e+01
1.148600000000000065e+01
1.148700000000000010e+01
1.148300000000000054e+01
1.148600000000000065e+01
1.148199999999999932e+01
1.148600000000000065e+01
1.148300000000000054e+01
1.149000000000000021e+01
1.148399999999999999e+01
1.148600000000000065e+01
1.148399999999999999e+01
1.148399999999999999e+01
1.148199999999999932e+01
1.148700000000000010e+01
1.148300000000000054e+01
1.148300000000000054e+01
1.148600000000000065e+01
1.148600000000000065e+01
1.148600000000000065e+01
1.148300000000000054e+01
1.148300000000000054e+01
1.148199999999999932e+01
1.148399999999999999e+01
1.148000000000000043e+01
1.148300000000000054e+01
1.148600000000000065e+01
1.148499999999999943e+01
1.148300000000000054e+01
1.148099999999999987e+01
1.148499999999999943e+01
1.148700000000000010e+01
1.148300000000000054e+01
1.148499999999999943e+01
1.148300000000000054e+01
1.148300000000000054e+01
