1.624850657108721508e-01
1.548453760425123615e-01
1.622390181845393964e-01
1.575296486909823213e-01
1.548971560109898282e-01
1.582854955989284329e-01
1.612203694010319321e-01
1.556807374350720474e-01
1.547102737291148333e-01
1.580428664213033019e-01
1.530034822983168952e-01
1.631406761177753573e-01
1.570011025358324097e-01
1.566378747187341103e-01
1.565229543707637450e-01
1.561394994106635181e-01
1.642767850577248334e-01
1.522486288848263203e-01
1.528808631111791272e-01
1.580104632648419161e-01
1.651599179518346838e-01
1.578907435508346002e-01
1.580524892170480367e-01
1.586096987174622497e-01
1.609437222931850708e-01
1.506700470843897188e-01
1.594087384972103505e-01
1.638380721475277413e-01
1.567308380448006744e-01
1.496168178302749174e-01
1.465160339625289354e-01
1.602640634876044690e-01
1.562500000000000000e-01
1.584200467190486350e-01
1.482604302006640673e-01
1.541405962458594070e-01
1.680969587473652438e-01
1.623780628312466445e-01
1.509319132750095160e-01
1.548786783686112445e-01
1.599398722284855190e-01
1.500973253550573205e-01
1.585928911689263587e-01
1.502726435804829785e-01
1.539541759053954240e-01
1.589443250055600776e-01
1.578034246058686030e-01
1.425386330437456717e-01
1.511206962951552046e-01
1.500038780733731480e-01
1.464872944693572376e-01
1.542168674698795316e-01
1.445524844958272770e-01
1.474822884131941902e-01
1.616259375756109451e-01
1.482333103395416518e-01
1.528367425704361127e-01
1.516680472927178225e-01
1.551528020019716514e-01
1.516371647800653366e-01
1.438975943500331034e-01
1.422262145370162545e-01
1.398449387725527182e-01
1.424288952255611529e-01
1.369904761904761903e-01
1.517822322751735398e-01
1.550073924208232867e-01
1.567910447761194093e-01
1.512373968835930282e-01
1.521407892731982403e-01
1.474284833063458922e-01
1.469462605645032727e-01
1.507459189252518816e-01
1.572137684107738631e-01
1.663534602500204296e-01
1.551903807615230557e-01
1.511158504074948672e-01
1.535285008480200553e-01
1.474227586730433581e-01
1.480736500077363405e-01
1.488757578083032829e-01
1.533495366854017994e-01
1.407792599291581848e-01
1.462316321693790389e-01
1.428239845261121965e-01
1.541880603877691658e-01
1.505156262300244019e-01
1.511818394570559332e-01
1.468311748026668584e-01
1.467903308259694839e-01
1.430577107810537263e-01
1.407278504955738752e-01
1.428678285586057195e-01
1.483047647813939551e-01
1.440926524780025697e-01
1.450543042495808788e-01
1.363269498862719198e-01
1.431331854290417149e-01
1.373488804635524807e-01
1.461510128913443840e-01
1.393881593426747889e-01
1.359838663209449738e-01
1.309919988670962265e-01
1.295532157085941827e-01
1.313382029643287707e-01
1.324036697247706340e-01
1.258612117337879199e-01
1.305720790188734659e-01
1.348136399682791364e-01
1.277749285661953227e-01
1.230948734777218695e-01
1.281730556986240832e-01
1.195976154992548501e-01
1.212592304702681673e-01
1.259889094269870669e-01
1.233732813763693814e-01
1.328707462906916770e-01
1.280080732805465027e-01
1.382970880943604763e-01
1.318885007485563476e-01
1.383951430034379426e-01
1.317728055077452554e-01
1.457239444724160171e-01
1.434536447275300830e-01
1.438724962308852162e-01
1.490253769768297154e-01
1.465844049654352055e-01
1.475739733174331048e-01
1.428881807647740532e-01
1.471207610195338078e-01
1.420433528149737390e-01
1.394129215529171795e-01
1.485673859214715342e-01
1.381235765189919862e-01
1.374716124148372409e-01
1.372564004585403175e-01
1.424171862089686769e-01
1.405541935963152689e-01
1.418408507517418538e-01
1.439180907058908443e-01
1.368980169971671379e-01
1.400275701951679552e-01
1.395703295108143283e-01
1.450614983227730137e-01
1.486326739695799648e-01
1.489874990861905224e-01
1.454738330975954841e-01
1.427842193538977622e-01
1.535617265318442448e-01
1.527703066164604606e-01
1.440418378782218900e-01
1.454723519662498021e-01
1.511961722488038284e-01
1.506798970966556350e-01
1.410598551277163493e-01
1.538461538461538547e-01
1.570919025574865346e-01
1.435413749907891723e-01
1.450738733387779422e-01
1.498427437471918644e-01
1.480251281680987907e-01
1.546767947572237067e-01
1.516316225789434147e-01
1.486983269562607846e-01
1.391748703689787425e-01
1.494190967146264426e-01
1.508335954702736681e-01
1.459311424100156462e-01
1.491234904557849628e-01
1.394089781186555466e-01
1.402202810482339468e-01
1.511918274687854835e-01
1.591987348444912909e-01
1.485654978130328541e-01
1.551584675343775366e-01
1.464032799105478844e-01
1.478166726813424647e-01
1.457136624736421193e-01
1.529837507982686473e-01
1.490381071718139550e-01
1.521305664278856939e-01
1.499740913465097414e-01
1.480020454379428752e-01
1.465053763440860302e-01
1.497699165947656008e-01
1.590175953079178972e-01
1.467246244185159698e-01
1.574109832393604802e-01
1.370407149950347570e-01
1.503231468922045788e-01
1.514675875058860421e-01
1.544968478174128246e-01
1.549068005787726521e-01
1.438615467820443528e-01
1.463326071169208376e-01
1.449974420814149068e-01
1.496884618271901446e-01
1.466337152699767887e-01
1.532872711731604887e-01
1.571965666453855326e-01
1.432805609773729616e-01
1.451753747634987601e-01
1.480037542415710006e-01
1.373328514636790731e-01
1.460715065899657883e-01
1.426597833200028975e-01
1.478186217123234336e-01
1.564176319676591764e-01
1.531496672341742804e-01
1.486196432536451839e-01
1.392281753465717531e-01
1.500580720092915266e-01
1.469638497282822753e-01
1.461664456750643437e-01
1.419613176186158843e-01
1.279379157427937841e-01
1.318528799444829980e-01
1.229284991830700974e-01
1.231322850661034224e-01
1.216748372578960041e-01
9.270577029923009194e-02
1.160789092847893944e-01
1.323562069731290258e-01
1.414173478295373265e-01
1.393633540372670732e-01
1.441828361070634223e-01
1.431201104463874774e-01
1.472862282783434229e-01
1.410590601027779944e-01
1.459782280012095479e-01
1.512737597602334672e-01
1.510807736063708717e-01
1.455968688845401260e-01
1.475834970530451873e-01
1.558279334842688768e-01
1.458109751734993076e-01
1.541215964192465537e-01
1.501732768579129851e-01
1.570334542523176002e-01
1.529187333078977362e-01
1.473250423136360232e-01
