1.293788953363421423e-01
1.238843030669082579e-01
1.275021470568804827e-01
1.256551630249812812e-01
1.287176317054742891e-01
1.341896111268804925e-01
1.285013212533031302e-01
1.290850889600238249e-01
1.341774106384621412e-01
1.321990514191071220e-01
1.339839612649417477e-01
1.246027640233537820e-01
1.250571559213534412e-01
1.313954341921750035e-01
1.273828212603722865e-01
1.373436660784163321e-01
1.238302013925282608e-01
1.250455971401473743e-01
1.381593467225777916e-01
1.277701580885006738e-01
1.290797217763509919e-01
1.271252204585537893e-01
1.338250035801231697e-01
1.294371992468094090e-01
1.352292925702097415e-01
1.241060463772303696e-01
1.290874118401367787e-01
1.229171175070331162e-01
1.235498839907192559e-01
1.265013147608556598e-01
1.192859642982149054e-01
1.209071482732474029e-01
1.240419098516278712e-01
1.148560880563341824e-01
1.257903494176372816e-01
1.273371793980677125e-01
1.191798669683878514e-01
1.228655544651619247e-01
1.134388093302482609e-01
1.152942755519763829e-01
1.233415561037402436e-01
1.184980601038995163e-01
1.165023182916476163e-01
1.181764044200357272e-01
1.154472604078441572e-01
1.122879979205926304e-01
1.199610516066212246e-01
1.212350433227891572e-01
1.162171389552748429e-01
1.097176581047548810e-01
1.110133351384282180e-01
1.111906776902545357e-01
1.075282714054927313e-01
1.162730674925796931e-01
1.104979722092945954e-01
1.153616654511701867e-01
1.151172610927044815e-01
1.060713594425446854e-01
9.820328209119802421e-02
9.816812408246633481e-02
9.218359900134434626e-02
7.706284067414322092e-02
9.502403696072922457e-02
9.620125150116932977e-02
9.929836284664216028e-02
1.040670685235224879e-01
1.062648691514670868e-01
1.103658114929811224e-01
1.073613578054075368e-01
1.077450124269496851e-01
1.029559621958576338e-01
1.007294429708222860e-01
9.777777777777778290e-02
9.654246391406512418e-02
1.072999120492524189e-01
8.924811519391429027e-02
7.931581488378508515e-02
7.388012171820819429e-02
6.602649470806756793e-02
5.658142289735906827e-02
5.257248530480153337e-02
3.894190738487158382e-02
3.490584607309231424e-02
5.132461783219201962e-02
6.130534510321818120e-02
7.534773187949954376e-02
1.051049088175697727e-01
1.072716543177496540e-01
1.076593094859198824e-01
1.217636684303350925e-01
1.151099091602524049e-01
1.196792907893879099e-01
1.191269463520772398e-01
1.169843453199711780e-01
1.206161914126515911e-01
1.209148160424262514e-01
1.268661668104306417e-01
1.076057075533446844e-01
1.194266464099346114e-01
1.227035455223374621e-01
1.256965507512167457e-01
1.199420969187288827e-01
1.194049942787911434e-01
1.154071852383125735e-01
1.083427960724066552e-01
1.086838901663736007e-01
7.992034517092598545e-02
7.279693486590038676e-02
8.304476080543798933e-02
1.108099590293098041e-01
1.205052275336919027e-01
1.186773905272564822e-01
1.175340656702082986e-01
1.209809264305177073e-01
1.155988041503018954e-01
1.183567593653857691e-01
1.277970282492511822e-01
1.229672401602639603e-01
1.200115841297422492e-01
1.268322600429316049e-01
1.260134926038249670e-01
1.198207599287950398e-01
1.223803518885486080e-01
1.206485732550706125e-01
1.203550658096112641e-01
1.191581740336489226e-01
1.217331102521202330e-01
1.224274406332453852e-01
1.249281471546273281e-01
1.209140153166054360e-01
1.186389641674194528e-01
1.193102187557126270e-01
1.196529336812086619e-01
1.123890113819200343e-01
1.165250351531454398e-01
1.323331409886516763e-01
1.182241539894442750e-01
1.228648486664668804e-01
1.199503164369787600e-01
1.163759280497374260e-01
1.191780015309427121e-01
1.196300715990453456e-01
1.177827767203091652e-01
1.193812025685931089e-01
1.180676665504011152e-01
1.196765498652291038e-01
1.184401696983785612e-01
1.191475079711361018e-01
1.150750613619498791e-01
1.158010537895894920e-01
1.186509548963835814e-01
1.143860073836470426e-01
1.202854897852278643e-01
1.231851031968227150e-01
1.165785381026438611e-01
1.218702865761689264e-01
1.187903699354081050e-01
1.189693626012442718e-01
1.157053712019595199e-01
1.213665877783846048e-01
1.146842787482254128e-01
1.162064531929223044e-01
1.102079395085066166e-01
1.183431952662721831e-01
1.175105852328751227e-01
1.149223101729698049e-01
1.111913357400722002e-01
1.165780901765815225e-01
1.133589700718943272e-01
1.081264491319346294e-01
1.171895807809087559e-01
1.114241667109669848e-01
1.128804886962877924e-01
1.108081691445033240e-01
1.076125111332320444e-01
1.166234327712926955e-01
1.077606984092978476e-01
1.138228825832752200e-01
1.102921959123935036e-01
1.094279552223477447e-01
1.121427459930494364e-01
1.009112210361884920e-01
1.050828098229583119e-01
9.908609908609908312e-02
9.334689289728630157e-02
7.139550434648422872e-02
2.661456408089982531e-02
5.428824972594874232e-02
9.283583651682453253e-02
9.556765559004630484e-02
1.014670526470732581e-01
1.043287357418985345e-01
1.019704200727685056e-01
1.066872081267151301e-01
1.120892865733391086e-01
1.059500217506887665e-01
1.110531061648711432e-01
1.097141780854169607e-01
1.099735640471040665e-01
1.005627487761357880e-01
1.055579287104276426e-01
1.072470700789284886e-01
1.078651685393258453e-01
9.963724304715840252e-02
1.095837923272187375e-01
1.023395942192722313e-01
1.064021641118124417e-01
1.031169439887508754e-01
7.820686978459150118e-02
9.888894233081621521e-02
1.085854929781381178e-01
1.053990722586198719e-01
1.099844361646936802e-01
1.088929219600725945e-01
1.167229970962060243e-01
1.138195684703383753e-01
1.105973208752443204e-01
1.145748794576788993e-01
1.124933443051454596e-01
1.099309359371278827e-01
1.093654739014209981e-01
1.078417161907522792e-01
1.143442023687673698e-01
1.078682039654590141e-01
1.101756776485473682e-01
1.058723743950506363e-01
1.109796862946772905e-01
1.128315192396136812e-01
1.142393344493481400e-01
1.182855132907894014e-01
1.097898364315876285e-01
1.191327138432213550e-01
1.166320950405430878e-01
1.154954869807665041e-01
1.167179002128162640e-01
1.201692256500451611e-01
1.146878417574057341e-01
1.161398822772913841e-01
1.201144408883716430e-01
1.083897863470557610e-01
1.116621793963440551e-01
