7.090763429999999516e+02
7.090763329999999769e+02
7.090763249999999971e+02
7.090763359999999693e+02
7.090763399999999592e+02
7.090763470000000552e+02
7.090763570000000300e+02
7.090763759999999820e+02
7.090763749999999845e+02
7.090763759999999820e+02
7.090763970000000427e+02
7.090764020000000301e+02
7.090764120000000048e+02
7.090764259999999695e+02
7.090764380000000529e+02
7.090764440000000377e+02
7.090764540000000125e+02
7.090764629999999897e+02
7.090764789999999493e+02
7.090764890000000378e+02
7.090764950000000226e+02
7.090765039999999999e+02
7.090765259999999444e+02
7.090765249999999469e+02
7.090765330000000404e+02
7.090765380000000278e+02
7.090765499999999975e+02
7.090765810000000329e+02
7.090765709999999444e+02
7.090765870000000177e+02
7.090765959999999950e+02
7.090766029999999773e+02
7.090766029999999773e+02
7.090766240000000380e+02
7.090766429999999900e+02
7.090766459999999825e+02
7.090766539999999623e+02
7.090766650000000482e+02
7.090766830000000027e+02
7.090766820000000052e+02
7.090766889999999876e+02
