2.463604378700256348e+01
1.157395553588867188e+01
1.157830166816711426e+01
1.154435157775878906e+01
1.153149151802062988e+01
1.157958126068115234e+01
1.162655162811279297e+01
1.156638979911804199e+01
1.157282018661499023e+01
1.160892939567565918e+01
1.161805009841918945e+01
1.176924872398376465e+01
1.156038093566894531e+01
1.152324151992797852e+01
1.156568789482116699e+01
1.155817961692810059e+01
1.155894970893859863e+01
1.149777936935424805e+01
1.151007270812988281e+01
1.150961136817932129e+01
1.151007580757141113e+01
1.155337119102478027e+01
1.155809855461120605e+01
1.168652153015136719e+01
1.154686212539672852e+01
1.157921648025512695e+01
1.156673812866210938e+01
1.150469183921813965e+01
1.155198335647583008e+01
1.159674906730651855e+01
1.153182601928710938e+01
1.152502703666687012e+01
1.157955050468444824e+01
1.158039999008178711e+01
1.152943897247314453e+01
1.161576128005981445e+01
1.152020335197448730e+01
1.163445186614990234e+01
1.159704232215881348e+01
1.150200366973876953e+01
1.157725620269775391e+01
1.154356551170349121e+01
1.158372688293457031e+01
1.161163258552551270e+01
1.160767555236816406e+01
1.158773374557495117e+01
1.160281848907470703e+01
1.152309632301330566e+01
1.161854314804077148e+01
1.152383089065551758e+01
1.150347876548767090e+01
1.153818249702453613e+01
1.159845900535583496e+01
1.154697418212890625e+01
1.155082607269287109e+01
1.151741337776184082e+01
1.158474349975585938e+01
1.156635355949401855e+01
1.155363750457763672e+01
1.159515619277954102e+01
1.152764964103698730e+01
1.154818487167358398e+01
1.152423810958862305e+01
1.158329558372497559e+01
1.158937072753906250e+01
1.149237227439880371e+01
1.158914947509765625e+01
1.155975580215454102e+01
1.157140731811523438e+01
1.150946593284606934e+01
1.159835076332092285e+01
1.155821871757507324e+01
1.159035944938659668e+01
1.147593998908996582e+01
1.155899405479431152e+01
1.155926585197448730e+01
1.160268139839172363e+01
1.145795774459838867e+01
1.164654898643493652e+01
1.152223682403564453e+01
1.151366758346557617e+01
1.150665807723999023e+01
1.155658340454101562e+01
1.156889963150024414e+01
1.152894616127014160e+01
1.153030395507812500e+01
1.155786204338073730e+01
1.158165121078491211e+01
1.148662590980529785e+01
1.155663251876831055e+01
1.159472179412841797e+01
1.156571578979492188e+01
1.154227662086486816e+01
1.153269124031066895e+01
1.161451935768127441e+01
1.154820728302001953e+01
1.151919126510620117e+01
1.160338973999023438e+01
1.147625088691711426e+01
1.152341198921203613e+01
1.155361652374267578e+01
1.159029841423034668e+01
1.149313879013061523e+01
1.154538512229919434e+01
1.148909068107604980e+01
1.159220051765441895e+01
1.156681203842163086e+01
1.153260231018066406e+01
1.150000762939453125e+01
1.155664134025573730e+01
1.156408119201660156e+01
1.158944272994995117e+01
1.157247829437255859e+01
1.148691678047180176e+01
1.151385045051574707e+01
1.156863832473754883e+01
1.155620431900024414e+01
1.158763170242309570e+01
1.164854407310485840e+01
1.145128321647644043e+01
1.164470791816711426e+01
1.157172417640686035e+01
1.150101971626281738e+01
1.159933829307556152e+01
1.158469772338867188e+01
1.153716111183166504e+01
1.150540113449096680e+01
1.150438499450683594e+01
1.162281560897827148e+01
1.158654236793518066e+01
1.160599160194396973e+01
1.163854837417602539e+01
1.146577262878417969e+01
1.153832983970642090e+01
1.160282874107360840e+01
1.154256892204284668e+01
1.153460669517517090e+01
1.151222062110900879e+01
1.156200146675109863e+01
1.165029668807983398e+01
1.159219241142272949e+01
1.165611147880554199e+01
1.160974168777465820e+01
1.164107441902160645e+01
1.152639365196228027e+01
1.151922297477722168e+01
1.159106898307800293e+01
1.162212657928466797e+01
1.155967068672180176e+01
1.150890827178955078e+01
1.163390278816223145e+01
1.155478024482727051e+01
1.169939279556274414e+01
1.150807428359985352e+01
1.156723952293395996e+01
1.156933736801147461e+01
1.153126931190490723e+01
1.153241586685180664e+01
1.162293457984924316e+01
1.157768201828002930e+01
1.149938273429870605e+01
1.159928560256958008e+01
1.154613971710205078e+01
1.154930615425109863e+01
1.155459880828857422e+01
1.158035421371459961e+01
1.160001325607299805e+01
1.154220843315124512e+01
1.160897898674011230e+01
1.153445148468017578e+01
1.153565907478332520e+01
1.150223875045776367e+01
1.160089087486267090e+01
1.161486959457397461e+01
1.156844067573547363e+01
1.167617321014404297e+01
1.161006116867065430e+01
1.164583778381347656e+01
1.151757144927978516e+01
1.149739432334899902e+01
1.155490326881408691e+01
1.158261036872863770e+01
1.156996440887451172e+01
1.154632544517517090e+01
1.156468701362609863e+01
1.160492444038391113e+01
1.153935384750366211e+01
1.156150221824645996e+01
1.161738443374633789e+01
1.149796199798583984e+01
1.150479674339294434e+01
1.155063939094543457e+01
1.157322549819946289e+01
1.146930694580078125e+01
1.158595943450927734e+01
1.150735878944396973e+01
1.163001513481140137e+01
1.160534977912902832e+01
1.147768974304199219e+01
1.157662057876586914e+01
1.157066178321838379e+01
1.149515914916992188e+01
1.153418588638305664e+01
1.164994645118713379e+01
1.153863739967346191e+01
1.157671451568603516e+01
1.149655246734619141e+01
1.155913901329040527e+01
1.151530241966247559e+01
1.153642821311950684e+01
1.149343705177307129e+01
1.161381530761718750e+01
1.157006931304931641e+01
1.150641608238220215e+01
1.153148508071899414e+01
1.158568024635314941e+01
1.156479549407958984e+01
1.154227566719055176e+01
1.159389758110046387e+01
1.163964271545410156e+01
1.158809828758239746e+01
1.153728723526000977e+01
1.159956407546997070e+01
1.158309531211853027e+01
1.151131415367126465e+01
1.191297388076782227e+01
1.159626269340515137e+01
1.167927336692810059e+01
1.154894876480102539e+01
1.159841370582580566e+01
1.156426596641540527e+01
1.151781392097473145e+01
1.152524447441101074e+01
1.153351664543151855e+01
1.167076182365417480e+01
1.157768011093139648e+01
1.157927346229553223e+01
1.167355275154113770e+01
1.162635016441345215e+01
1.151438546180725098e+01
1.155339789390563965e+01
