2.871100000000000000e+04
2.924300000000000000e+04
2.940900000000000000e+04
2.957300000000000000e+04
2.924900000000000000e+04
2.938100000000000000e+04
2.948500000000000000e+04
2.916300000000000000e+04
2.933700000000000000e+04
2.928100000000000000e+04
2.934100000000000000e+04
2.943100000000000000e+04
2.949900000000000000e+04
2.900500000000000000e+04
2.981300000000000000e+04
2.944500000000000000e+04
2.948100000000000000e+04
2.940300000000000000e+04
2.914500000000000000e+04
2.888300000000000000e+04
2.927500000000000000e+04
2.970500000000000000e+04
2.912900000000000000e+04
2.946900000000000000e+04
2.948900000000000000e+04
2.903300000000000000e+04
2.923100000000000000e+04
2.932300000000000000e+04
2.919700000000000000e+04
2.900500000000000000e+04
2.931700000000000000e+04
2.925500000000000000e+04
2.877100000000000000e+04
2.805700000000000000e+04
2.874700000000000000e+04
2.779200000000000000e+04
2.740900000000000000e+04
2.709100000000000000e+04
2.774300000000000000e+04
2.754500000000000000e+04
2.732900000000000000e+04
2.695300000000000000e+04
2.703500000000000000e+04
2.690500000000000000e+04
2.638700000000000000e+04
2.713100000000000000e+04
2.631100000000000000e+04
2.652100000000000000e+04
2.653600000000000000e+04
2.658700000000000000e+04
2.558900000000000000e+04
2.672300000000000000e+04
2.633500000000000000e+04
2.572300000000000000e+04
2.567100000000000000e+04
2.525700000000000000e+04
2.577500000000000000e+04
2.517700000000000000e+04
2.549700000000000000e+04
2.539300000000000000e+04
2.544300000000000000e+04
2.559700000000000000e+04
2.560100000000000000e+04
2.564700000000000000e+04
2.603100000000000000e+04
2.558100000000000000e+04
2.574600000000000000e+04
2.545900000000000000e+04
2.540900000000000000e+04
2.598100000000000000e+04
2.533100000000000000e+04
2.512100000000000000e+04
2.517700000000000000e+04
2.522500000000000000e+04
2.554900000000000000e+04
2.585900000000000000e+04
2.577700000000000000e+04
2.537300000000000000e+04
2.496900000000000000e+04
2.547100000000000000e+04
2.542300000000000000e+04
2.495500000000000000e+04
2.489200000000000000e+04
2.562500000000000000e+04
2.580000000000000000e+04
2.495700000000000000e+04
2.513100000000000000e+04
2.442300000000000000e+04
2.493900000000000000e+04
2.521100000000000000e+04
2.535300000000000000e+04
2.476300000000000000e+04
2.446500000000000000e+04
2.425500000000000000e+04
2.433500000000000000e+04
2.429500000000000000e+04
2.436600000000000000e+04
2.413700000000000000e+04
2.440300000000000000e+04
2.468700000000000000e+04
2.545100000000000000e+04
2.453100000000000000e+04
2.477200000000000000e+04
2.478700000000000000e+04
2.467900000000000000e+04
2.403700000000000000e+04
2.424900000000000000e+04
2.420100000000000000e+04
2.461700000000000000e+04
2.430500000000000000e+04
2.404100000000000000e+04
2.446100000000000000e+04
2.419600000000000000e+04
2.385500000000000000e+04
2.392400000000000000e+04
2.337500000000000000e+04
2.341900000000000000e+04
2.345500000000000000e+04
2.396700000000000000e+04
2.371900000000000000e+04
2.380300000000000000e+04
2.384300000000000000e+04
2.388700000000000000e+04
2.389700000000000000e+04
2.450300000000000000e+04
2.401500000000000000e+04
2.423100000000000000e+04
2.452300000000000000e+04
2.445900000000000000e+04
2.346700000000000000e+04
2.388200000000000000e+04
2.390300000000000000e+04
2.403300000000000000e+04
2.375800000000000000e+04
2.413000000000000000e+04
2.418700000000000000e+04
2.403600000000000000e+04
2.416100000000000000e+04
2.427700000000000000e+04
2.377600000000000000e+04
2.343900000000000000e+04
2.420900000000000000e+04
2.393700000000000000e+04
2.461100000000000000e+04
2.453100000000000000e+04
2.452000000000000000e+04
2.429300000000000000e+04
2.467500000000000000e+04
2.467100000000000000e+04
2.488900000000000000e+04
2.446100000000000000e+04
2.443300000000000000e+04
2.389700000000000000e+04
2.445300000000000000e+04
2.496700000000000000e+04
2.437900000000000000e+04
2.430500000000000000e+04
2.415100000000000000e+04
2.449900000000000000e+04
2.463100000000000000e+04
2.384900000000000000e+04
2.438900000000000000e+04
2.407300000000000000e+04
2.248500000000000000e+04
2.410300000000000000e+04
2.380900000000000000e+04
2.502500000000000000e+04
2.372300000000000000e+04
2.411100000000000000e+04
2.478300000000000000e+04
2.471300000000000000e+04
2.430500000000000000e+04
2.431300000000000000e+04
2.504100000000000000e+04
2.569100000000000000e+04
2.507100000000000000e+04
2.465100000000000000e+04
2.416300000000000000e+04
2.514100000000000000e+04
2.467900000000000000e+04
2.442700000000000000e+04
2.474100000000000000e+04
2.453500000000000000e+04
2.441900000000000000e+04
2.444500000000000000e+04
2.475900000000000000e+04
2.440100000000000000e+04
2.442300000000000000e+04
2.371500000000000000e+04
2.400300000000000000e+04
2.454100000000000000e+04
2.341900000000000000e+04
2.421500000000000000e+04
2.434300000000000000e+04
2.342100000000000000e+04
2.408700000000000000e+04
2.469900000000000000e+04
2.417500000000000000e+04
2.412500000000000000e+04
2.446300000000000000e+04
2.346100000000000000e+04
2.366600000000000000e+04
2.381300000000000000e+04
2.385700000000000000e+04
2.351700000000000000e+04
2.330100000000000000e+04
2.339300000000000000e+04
2.400300000000000000e+04
2.437300000000000000e+04
2.427400000000000000e+04
2.444300000000000000e+04
2.487500000000000000e+04
2.475100000000000000e+04
2.483900000000000000e+04
2.394900000000000000e+04
2.376700000000000000e+04
2.378400000000000000e+04
2.404900000000000000e+04
2.386500000000000000e+04
2.472300000000000000e+04
2.445500000000000000e+04
2.482500000000000000e+04
2.486300000000000000e+04
2.401700000000000000e+04
2.420100000000000000e+04
2.417500000000000000e+04
2.419500000000000000e+04
2.413900000000000000e+04
2.462300000000000000e+04
2.517700000000000000e+04
2.537700000000000000e+04
2.534900000000000000e+04
2.537100000000000000e+04
2.502300000000000000e+04
2.523600000000000000e+04
2.491200000000000000e+04
2.490900000000000000e+04
2.472500000000000000e+04
2.520100000000000000e+04
2.484300000000000000e+04
2.468900000000000000e+04
