2.160000000000000000e+02
3.320000000000000000e+02
2.980000000000000000e+02
3.340000000000000000e+02
2.000000000000000000e+02
8.200000000000000000e+01
4.040000000000000000e+02
3.360000000000000000e+02
3.540000000000000000e+02
2.920000000000000000e+02
3.640000000000000000e+02
2.960000000000000000e+02
3.260000000000000000e+02
3.500000000000000000e+02
3.280000000000000000e+02
2.980000000000000000e+02
3.440000000000000000e+02
3.180000000000000000e+02
3.440000000000000000e+02
3.160000000000000000e+02
3.820000000000000000e+02
3.700000000000000000e+02
3.340000000000000000e+02
3.320000000000000000e+02
3.640000000000000000e+02
3.280000000000000000e+02
3.040000000000000000e+02
3.540000000000000000e+02
3.300000000000000000e+02
3.260000000000000000e+02
3.020000000000000000e+02
3.240000000000000000e+02
3.640000000000000000e+02
3.580000000000000000e+02
3.940000000000000000e+02
3.280000000000000000e+02
3.120000000000000000e+02
3.320000000000000000e+02
3.040000000000000000e+02
3.580000000000000000e+02
3.420000000000000000e+02
