1.700000000000000000e+02
1.840000000000000000e+02
2.480000000000000000e+02
2.620000000000000000e+02
2.480000000000000000e+02
2.520000000000000000e+02
2.980000000000000000e+02
2.020000000000000000e+02
1.960000000000000000e+02
2.000000000000000000e+02
2.300000000000000000e+02
2.040000000000000000e+02
1.720000000000000000e+02
2.120000000000000000e+02
1.920000000000000000e+02
2.540000000000000000e+02
2.220000000000000000e+02
2.600000000000000000e+02
2.240000000000000000e+02
2.140000000000000000e+02
2.120000000000000000e+02
2.420000000000000000e+02
2.060000000000000000e+02
2.220000000000000000e+02
2.500000000000000000e+02
2.240000000000000000e+02
2.300000000000000000e+02
2.540000000000000000e+02
2.280000000000000000e+02
2.100000000000000000e+02
2.620000000000000000e+02
1.960000000000000000e+02
2.320000000000000000e+02
1.980000000000000000e+02
2.060000000000000000e+02
1.800000000000000000e+02
2.300000000000000000e+02
2.140000000000000000e+02
2.140000000000000000e+02
2.080000000000000000e+02
2.090000000000000000e+02
