3.244704821991888088e-02
4.142233312538989159e-02
3.769765970904490754e-02
4.098662412565959312e-02
3.515556336790297276e-02
7.481751824817518826e-02
4.637814257834921294e-02
4.076185854664563651e-02
4.347292152769249851e-02
3.589428395820528500e-02
4.601188218935658991e-02
3.646667487988172751e-02
3.942435602854033050e-02
4.317256691747872049e-02
4.030969644832247539e-02
3.652408383380316426e-02
4.166162044326026520e-02
3.946878490753381874e-02
4.295167936071919018e-02
3.849433548544280853e-02
4.627498485766202291e-02
4.459443172230927177e-02
4.055859137826350880e-02
4.097247932864371556e-02
4.373423044575273227e-02
4.054388133498145613e-02
3.711390550604321686e-02
4.267631103074141091e-02
3.855590606379249996e-02
3.877720946830022497e-02
3.501449275362318592e-02
3.816703969843326938e-02
4.200807847663012157e-02
4.276669454067614368e-02
4.510589582140812903e-02
3.661940381824271840e-02
3.463972465859886662e-02
3.626433642818132491e-02
3.341761020116521680e-02
3.909150469534832667e-02
3.694501458355838736e-02
