7.090765089999999873e+02
7.090765159999999696e+02
7.090765059999999949e+02
7.090765049999999974e+02
7.090765129999999772e+02
7.090765159999999696e+02
7.090765189999999620e+02
7.090765119999999797e+02
7.090765089999999873e+02
7.090765079999999898e+02
7.090765069999999923e+02
7.090765159999999696e+02
7.090765020000000050e+02
7.090765069999999923e+02
7.090765069999999923e+02
7.090765139999999747e+02
7.090765049999999974e+02
7.090765119999999797e+02
7.090765169999999671e+02
7.090765169999999671e+02
7.090765119999999797e+02
7.090765089999999873e+02
7.090765089999999873e+02
7.090765030000000024e+02
7.090765119999999797e+02
7.090765129999999772e+02
7.090765129999999772e+02
7.090765099999999848e+02
7.090765119999999797e+02
7.090765069999999923e+02
7.090765069999999923e+02
7.090765039999999999e+02
7.090765069999999923e+02
7.090765099999999848e+02
7.090765099999999848e+02
7.090765119999999797e+02
7.090765089999999873e+02
7.090765069999999923e+02
7.090765089999999873e+02
7.090765099999999848e+02
7.090765119999999797e+02
7.090765119999999797e+02
7.090765179999999646e+02
7.090765039999999999e+02
7.090765109999999822e+02
7.090765099999999848e+02
7.090765089999999873e+02
7.090765059999999949e+02
7.090765059999999949e+02
7.090765149999999721e+02
7.090765020000000050e+02
7.090765039999999999e+02
7.090765099999999848e+02
7.090765099999999848e+02
7.090765109999999822e+02
7.090765069999999923e+02
7.090765119999999797e+02
7.090765129999999772e+02
7.090765139999999747e+02
7.090765109999999822e+02
7.090765099999999848e+02
7.090765129999999772e+02
7.090765149999999721e+02
7.090765139999999747e+02
7.090765109999999822e+02
7.090765109999999822e+02
7.090765099999999848e+02
7.090765069999999923e+02
7.090765109999999822e+02
7.090765030000000024e+02
7.090765139999999747e+02
7.090765079999999898e+02
7.090765049999999974e+02
7.090765089999999873e+02
7.090765079999999898e+02
7.090765129999999772e+02
7.090765069999999923e+02
7.090765079999999898e+02
7.090765109999999822e+02
7.090765119999999797e+02
7.090765119999999797e+02
7.090765079999999898e+02
7.090765099999999848e+02
7.090765069999999923e+02
7.090765030000000024e+02
7.090765020000000050e+02
7.090765089999999873e+02
7.090765149999999721e+02
7.090765109999999822e+02
7.090765079999999898e+02
7.090765169999999671e+02
7.090765030000000024e+02
7.090765059999999949e+02
7.090765099999999848e+02
7.090765149999999721e+02
7.090765119999999797e+02
7.090765119999999797e+02
7.090765119999999797e+02
7.090765119999999797e+02
7.090765079999999898e+02
7.090765099999999848e+02
7.090765059999999949e+02
7.090765099999999848e+02
7.090765089999999873e+02
7.090765139999999747e+02
7.090765149999999721e+02
7.090765079999999898e+02
7.090765079999999898e+02
7.090765109999999822e+02
7.090765149999999721e+02
7.090765119999999797e+02
7.090765099999999848e+02
7.090765109999999822e+02
7.090765089999999873e+02
7.090765119999999797e+02
7.090765089999999873e+02
7.090765129999999772e+02
7.090765079999999898e+02
7.090765149999999721e+02
7.090765129999999772e+02
7.090765109999999822e+02
7.090765159999999696e+02
7.090765139999999747e+02
7.090765079999999898e+02
7.090765089999999873e+02
7.090765039999999999e+02
7.090765149999999721e+02
7.090765089999999873e+02
7.090765089999999873e+02
7.090765079999999898e+02
7.090765109999999822e+02
7.090765119999999797e+02
7.090765039999999999e+02
7.090765119999999797e+02
7.090765169999999671e+02
7.090765129999999772e+02
7.090765089999999873e+02
7.090765139999999747e+02
7.090765149999999721e+02
7.090765129999999772e+02
7.090765059999999949e+02
7.090765039999999999e+02
7.090765139999999747e+02
7.090765059999999949e+02
7.090765020000000050e+02
7.090765089999999873e+02
7.090765119999999797e+02
7.090765089999999873e+02
7.090765099999999848e+02
7.090765099999999848e+02
7.090765139999999747e+02
7.090765069999999923e+02
7.090765109999999822e+02
7.090765129999999772e+02
7.090765089999999873e+02
7.090765189999999620e+02
7.090765099999999848e+02
7.090765089999999873e+02
7.090765099999999848e+02
7.090765139999999747e+02
7.090765069999999923e+02
7.090765119999999797e+02
7.090765139999999747e+02
7.090765139999999747e+02
7.090765049999999974e+02
7.090765010000000075e+02
7.090765069999999923e+02
7.090765119999999797e+02
7.090765079999999898e+02
7.090765119999999797e+02
7.090765039999999999e+02
7.090765119999999797e+02
7.090765089999999873e+02
7.090765099999999848e+02
7.090765119999999797e+02
7.090765109999999822e+02
7.090765129999999772e+02
7.090765159999999696e+02
7.090765069999999923e+02
7.090765109999999822e+02
7.090765129999999772e+02
7.090765099999999848e+02
7.090765059999999949e+02
7.090765169999999671e+02
7.090765069999999923e+02
7.090765109999999822e+02
7.090765119999999797e+02
7.090765030000000024e+02
7.090765079999999898e+02
7.090765079999999898e+02
7.090765109999999822e+02
7.090765149999999721e+02
7.090765099999999848e+02
7.090765049999999974e+02
7.090765129999999772e+02
7.090765119999999797e+02
7.090765049999999974e+02
7.090765099999999848e+02
7.090765119999999797e+02
7.090765079999999898e+02
7.090765149999999721e+02
7.090765089999999873e+02
7.090765139999999747e+02
7.090765089999999873e+02
7.090765089999999873e+02
7.090765089999999873e+02
7.090765079999999898e+02
7.090765189999999620e+02
7.090765089999999873e+02
7.090765099999999848e+02
7.090765030000000024e+02
7.090765079999999898e+02
7.090765159999999696e+02
7.090765089999999873e+02
7.090765149999999721e+02
7.090765109999999822e+02
7.090765069999999923e+02
7.090765079999999898e+02
7.090765159999999696e+02
7.090765089999999873e+02
7.090765079999999898e+02
7.090765119999999797e+02
7.090765089999999873e+02
7.090765049999999974e+02
7.090765139999999747e+02
7.090765099999999848e+02
7.090765109999999822e+02
7.090765079999999898e+02
7.090765149999999721e+02
7.090765169999999671e+02
7.090765119999999797e+02
7.090765129999999772e+02
7.090765149999999721e+02
7.090765119999999797e+02
7.090765089999999873e+02
7.090765079999999898e+02
7.090765109999999822e+02
7.090765039999999999e+02
7.090765000000000100e+02
7.090765109999999822e+02
7.090765129999999772e+02
