1.772000000000000000e+03
1.988000000000000000e+03
1.968000000000000000e+03
2.042000000000000000e+03
2.101000000000000000e+03
2.110000000000000000e+03
2.084000000000000000e+03
2.056000000000000000e+03
2.003000000000000000e+03
2.024000000000000000e+03
2.030000000000000000e+03
1.946000000000000000e+03
1.916000000000000000e+03
2.006000000000000000e+03
1.930000000000000000e+03
1.854000000000000000e+03
1.954000000000000000e+03
1.998000000000000000e+03
2.118000000000000000e+03
1.962000000000000000e+03
1.960000000000000000e+03
1.956000000000000000e+03
1.871000000000000000e+03
1.886000000000000000e+03
1.878000000000000000e+03
2.037000000000000000e+03
1.838000000000000000e+03
1.979000000000000000e+03
1.912000000000000000e+03
2.000000000000000000e+03
1.900000000000000000e+03
1.948000000000000000e+03
1.874000000000000000e+03
1.872000000000000000e+03
1.858000000000000000e+03
1.692000000000000000e+03
1.834000000000000000e+03
1.826000000000000000e+03
1.840000000000000000e+03
1.892000000000000000e+03
1.756000000000000000e+03
1.796000000000000000e+03
1.628000000000000000e+03
1.500000000000000000e+03
1.578000000000000000e+03
1.686000000000000000e+03
1.524000000000000000e+03
1.544000000000000000e+03
1.542000000000000000e+03
1.474000000000000000e+03
1.488000000000000000e+03
1.394000000000000000e+03
1.396000000000000000e+03
1.582000000000000000e+03
1.522000000000000000e+03
1.618000000000000000e+03
1.514000000000000000e+03
1.386000000000000000e+03
1.340000000000000000e+03
1.359000000000000000e+03
1.252000000000000000e+03
1.110000000000000000e+03
1.138000000000000000e+03
1.388000000000000000e+03
1.540000000000000000e+03
1.596000000000000000e+03
1.528000000000000000e+03
1.394000000000000000e+03
1.361000000000000000e+03
1.342000000000000000e+03
1.424000000000000000e+03
1.250000000000000000e+03
1.285000000000000000e+03
1.234000000000000000e+03
1.116000000000000000e+03
1.028000000000000000e+03
8.680000000000000000e+02
7.220000000000000000e+02
7.220000000000000000e+02
8.500000000000000000e+02
9.160000000000000000e+02
1.084000000000000000e+03
8.880000000000000000e+02
1.432000000000000000e+03
1.554000000000000000e+03
1.532000000000000000e+03
1.694000000000000000e+03
1.649000000000000000e+03
1.762000000000000000e+03
1.625000000000000000e+03
1.662000000000000000e+03
1.595000000000000000e+03
1.542000000000000000e+03
1.588000000000000000e+03
1.652000000000000000e+03
1.610000000000000000e+03
1.612000000000000000e+03
1.698000000000000000e+03
1.814000000000000000e+03
1.802000000000000000e+03
1.682000000000000000e+03
1.612000000000000000e+03
1.202000000000000000e+03
1.106000000000000000e+03
1.462000000000000000e+03
1.682000000000000000e+03
1.846000000000000000e+03
1.884000000000000000e+03
1.782000000000000000e+03
1.650000000000000000e+03
1.672000000000000000e+03
1.588000000000000000e+03
1.740000000000000000e+03
1.824000000000000000e+03
1.706000000000000000e+03
1.762000000000000000e+03
1.746000000000000000e+03
1.676000000000000000e+03
1.937000000000000000e+03
1.844000000000000000e+03
1.734000000000000000e+03
1.832000000000000000e+03
1.785000000000000000e+03
1.624000000000000000e+03
1.634000000000000000e+03
1.776000000000000000e+03
1.762000000000000000e+03
1.808000000000000000e+03
1.689000000000000000e+03
1.780000000000000000e+03
1.786000000000000000e+03
1.868000000000000000e+03
1.750000000000000000e+03
1.864000000000000000e+03
1.796000000000000000e+03
1.779000000000000000e+03
1.796000000000000000e+03
1.841000000000000000e+03
1.880000000000000000e+03
1.778000000000000000e+03
1.728000000000000000e+03
1.900000000000000000e+03
1.804000000000000000e+03
1.902000000000000000e+03
1.770000000000000000e+03
1.758000000000000000e+03
1.823000000000000000e+03
1.726000000000000000e+03
1.820000000000000000e+03
1.752000000000000000e+03
1.784000000000000000e+03
1.850000000000000000e+03
1.714000000000000000e+03
1.736000000000000000e+03
1.660000000000000000e+03
1.754000000000000000e+03
1.780000000000000000e+03
1.814000000000000000e+03
1.662000000000000000e+03
1.624000000000000000e+03
1.530000000000000000e+03
1.582000000000000000e+03
1.556000000000000000e+03
1.510000000000000000e+03
1.634000000000000000e+03
1.756000000000000000e+03
1.660000000000000000e+03
1.638000000000000000e+03
1.664000000000000000e+03
1.620000000000000000e+03
1.662000000000000000e+03
1.706000000000000000e+03
1.686000000000000000e+03
1.834000000000000000e+03
1.656000000000000000e+03
1.596000000000000000e+03
1.694000000000000000e+03
1.614000000000000000e+03
1.572000000000000000e+03
1.466000000000000000e+03
1.420000000000000000e+03
1.180000000000000000e+03
5.260000000000000000e+02
8.920000000000000000e+02
1.242000000000000000e+03
1.496000000000000000e+03
1.604000000000000000e+03
1.630000000000000000e+03
1.644000000000000000e+03
1.721000000000000000e+03
1.685000000000000000e+03
1.588000000000000000e+03
1.753000000000000000e+03
1.734000000000000000e+03
1.856000000000000000e+03
1.684000000000000000e+03
1.626000000000000000e+03
1.538000000000000000e+03
1.448000000000000000e+03
1.424000000000000000e+03
1.393000000000000000e+03
1.476000000000000000e+03
1.536000000000000000e+03
1.494000000000000000e+03
1.236000000000000000e+03
1.432000000000000000e+03
1.686000000000000000e+03
1.468000000000000000e+03
1.682000000000000000e+03
1.516000000000000000e+03
1.660000000000000000e+03
1.728000000000000000e+03
1.710000000000000000e+03
1.698000000000000000e+03
1.596000000000000000e+03
1.524000000000000000e+03
1.766000000000000000e+03
1.738000000000000000e+03
1.612000000000000000e+03
1.568000000000000000e+03
1.602000000000000000e+03
1.716000000000000000e+03
1.584000000000000000e+03
1.612000000000000000e+03
1.668000000000000000e+03
1.674000000000000000e+03
1.666000000000000000e+03
1.752000000000000000e+03
1.598000000000000000e+03
1.624000000000000000e+03
1.570000000000000000e+03
1.700000000000000000e+03
1.624000000000000000e+03
1.682000000000000000e+03
1.706000000000000000e+03
1.705000000000000000e+03
1.794000000000000000e+03
1.992000000000000000e+03
1.729000000000000000e+03
1.842000000000000000e+03
1.672000000000000000e+03
