1.165420739888824997e-01
1.201943307448070097e-01
1.170873136824889388e-01
1.150286634943235020e-01
1.145488987111391715e-01
1.209423112595065797e-01
1.153975426672144006e-01
1.163193804167435008e-01
1.150952398429184870e-01
1.166654277856240263e-01
1.195237195237195266e-01
1.203515370150055608e-01
1.151272754457444009e-01
1.210975186199976794e-01
1.231799540991007913e-01
1.202247614737715492e-01
1.138242065139449810e-01
1.145934219191880044e-01
1.160901567445940252e-01
1.145664084640090619e-01
1.198160128641412026e-01
1.147891283973758170e-01
1.177321269652921998e-01
1.071840899780268919e-01
1.164583887264025591e-01
1.148499515972894458e-01
1.173004612939489155e-01
1.124918747371238537e-01
1.111994849070181424e-01
1.175499793706162588e-01
1.158529558637114432e-01
1.102565046185551845e-01
1.108465511557199940e-01
1.161179158706970860e-01
1.134646210212960776e-01
1.072090122103353110e-01
1.115777306877287628e-01
1.081207765321667152e-01
1.058792231976589532e-01
1.102331855848911191e-01
1.051180951651801143e-01
1.061149000115593627e-01
1.096526890463468407e-01
1.071385961423742261e-01
1.102864833685829604e-01
1.104812541537980308e-01
1.085491308974813746e-01
1.107412773622586805e-01
1.037710202337954885e-01
1.108768163171414273e-01
1.057642718292537837e-01
1.081996926592852376e-01
1.009458769967424147e-01
1.030586938550564907e-01
1.010343037418633405e-01
1.065751587583323445e-01
1.025321871718075373e-01
9.862822057280534738e-02
9.313591436496464204e-02
9.163267730566665437e-02
8.031538669655625962e-02
8.316281224663139848e-02
8.218016420614424056e-02
9.046333954160173940e-02
9.542743538767395339e-02
9.562181036798281242e-02
9.340046892416496715e-02
9.602226603270323790e-02
1.060058443555828983e-01
1.037965865552072514e-01
9.982452719828426024e-02
9.460359760159893494e-02
9.713762490545005401e-02
9.002003063508895453e-02
8.964463425145946518e-02
9.392374117739836492e-02
8.671317646131410095e-02
7.324214832938912012e-02
6.877850363613953466e-02
6.457541456079528286e-02
4.718195788511857919e-02
3.605367266201721377e-02
3.032766891617204655e-02
2.318699582471928436e-02
3.323384689844317147e-02
5.418978575189340591e-02
8.467379766473422109e-02
9.038248223162564932e-02
9.763013976098845748e-02
1.016693862181498736e-01
1.021011295089267606e-01
9.947452034706097401e-02
1.028580993430137647e-01
1.050344683517860922e-01
1.049721442633937962e-01
1.101868494754002364e-01
1.156540568080499237e-01
1.064118930939340346e-01
1.161580415504392394e-01
1.090639297638184707e-01
1.105359690238434944e-01
1.137520541905487209e-01
1.153514357310109623e-01
1.126854198695308867e-01
1.104672975113593775e-01
8.073037744621497369e-02
6.444435287815732105e-02
7.365509268816317068e-02
1.036049176911856690e-01
1.105414530448918381e-01
1.151487337811339662e-01
1.114155998200335451e-01
1.075286618931335647e-01
1.166534925323459704e-01
1.085482771069838370e-01
1.149300480267279184e-01
1.093917441810621921e-01
1.133308516358522561e-01
1.141441255420194145e-01
1.162270521207005719e-01
1.150219719271299984e-01
1.140992931532059107e-01
1.093678471846518813e-01
1.111997648343341916e-01
1.104613119581220326e-01
1.089481565421506343e-01
1.132719776787573379e-01
1.142637709604471530e-01
1.136411465129003734e-01
1.117372067785290940e-01
1.098009382528210981e-01
1.107987917435811348e-01
1.100029961905577142e-01
1.134047331145275478e-01
1.018224872087614696e-01
1.082360759230801134e-01
1.104015771653880790e-01
1.133891574585635387e-01
1.130843894375450354e-01
1.164606101523271015e-01
1.137503186878558725e-01
1.171495030661873493e-01
1.096282574832652679e-01
1.111531508807331731e-01
1.143261584578875029e-01
1.124068538710899651e-01
1.157316100877008869e-01
1.192935126248788058e-01
1.118445634574666836e-01
1.135995346324843169e-01
1.109497531222770894e-01
1.081423325313410205e-01
1.127511101712835723e-01
1.126112945700789986e-01
1.100624865330747659e-01
1.102201858215603875e-01
1.112579393836054392e-01
1.106982031215844042e-01
1.088534730873319256e-01
1.102741789695691477e-01
1.110204081632653050e-01
1.079783519553072640e-01
1.087474546163511163e-01
1.025292242295430395e-01
1.074619135988951757e-01
1.043380864170938699e-01
1.084219063473769590e-01
1.093524569294746646e-01
1.095144329464996374e-01
1.046574657048742890e-01
1.040603786313614720e-01
1.038634170896430287e-01
1.074619135988951757e-01
1.119458074601589331e-01
1.092000857816856074e-01
1.086704208399604521e-01
1.117000975361519821e-01
1.057937723328228746e-01
1.029690189328743566e-01
1.055529270076132342e-01
1.094944087042873798e-01
1.075039460773857813e-01
9.900990099009901457e-02
9.451469509300418348e-02
8.662529424352664875e-02
6.954198802188805983e-02
3.011031797534068771e-02
4.108380592312539659e-02
8.887753799003958455e-02
9.350939825368832781e-02
1.072944808954071766e-01
9.989409023511967856e-02
1.039655676737286372e-01
1.064476104907371712e-01
1.122154812615636099e-01
1.070020815802294190e-01
1.089423118723644723e-01
1.081994195867804348e-01
1.035036686493292224e-01
1.066481393026184332e-01
1.067707216671669318e-01
1.062250142775556794e-01
1.032945149140655494e-01
1.057626245276537258e-01
1.012175570865288809e-01
1.028257793405085579e-01
1.085995706528602028e-01
9.625444653693240871e-02
6.252932394966943808e-02
9.977649390629612924e-02
1.111631272077286403e-01
1.047764521322709780e-01
1.088725135238744340e-01
1.077742279020234284e-01
1.127512157335284204e-01
1.084045402372146444e-01
1.090282266752855000e-01
1.137532416157531479e-01
1.055587241697012180e-01
1.122606207351970059e-01
1.077550304677567794e-01
1.067520221462866098e-01
1.111159603718413075e-01
1.030028376604125162e-01
1.039674029594681581e-01
1.096358617063231261e-01
1.063987770255514359e-01
1.063524501065263722e-01
1.086483023702754652e-01
1.025185185185185227e-01
1.060460452095433048e-01
1.118827489242043421e-01
1.161481481481481531e-01
1.154297129456724746e-01
1.112773597811217569e-01
1.099321765905213605e-01
1.123671620305686097e-01
1.109183975633487029e-01
1.145837750731521082e-01
1.043131056856465566e-01
1.131851851851851803e-01
