5.840000000000000000e+02
5.940000000000000000e+02
5.720000000000000000e+02
6.080000000000000000e+02
5.860000000000000000e+02
5.570000000000000000e+02
5.920000000000000000e+02
6.660000000000000000e+02
5.920000000000000000e+02
6.660000000000000000e+02
6.140000000000000000e+02
6.380000000000000000e+02
6.180000000000000000e+02
5.980000000000000000e+02
5.560000000000000000e+02
6.180000000000000000e+02
5.920000000000000000e+02
5.860000000000000000e+02
6.280000000000000000e+02
6.640000000000000000e+02
6.100000000000000000e+02
5.940000000000000000e+02
7.280000000000000000e+02
6.660000000000000000e+02
6.200000000000000000e+02
6.020000000000000000e+02
6.460000000000000000e+02
6.120000000000000000e+02
6.440000000000000000e+02
6.340000000000000000e+02
6.400000000000000000e+02
6.070000000000000000e+02
6.520000000000000000e+02
7.760000000000000000e+02
6.580000000000000000e+02
6.500000000000000000e+02
6.480000000000000000e+02
7.640000000000000000e+02
7.380000000000000000e+02
8.040000000000000000e+02
7.360000000000000000e+02
7.220000000000000000e+02
7.960000000000000000e+02
6.780000000000000000e+02
7.460000000000000000e+02
7.880000000000000000e+02
6.640000000000000000e+02
8.040000000000000000e+02
7.980000000000000000e+02
8.300000000000000000e+02
8.340000000000000000e+02
8.720000000000000000e+02
9.020000000000000000e+02
9.020000000000000000e+02
9.460000000000000000e+02
9.740000000000000000e+02
9.310000000000000000e+02
9.420000000000000000e+02
1.028000000000000000e+03
1.244000000000000000e+03
1.618000000000000000e+03
1.658000000000000000e+03
1.508000000000000000e+03
1.584000000000000000e+03
1.414000000000000000e+03
1.244000000000000000e+03
1.154000000000000000e+03
1.016000000000000000e+03
1.008000000000000000e+03
1.008000000000000000e+03
8.640000000000000000e+02
9.100000000000000000e+02
9.760000000000000000e+02
9.860000000000000000e+02
1.158000000000000000e+03
1.204000000000000000e+03
1.254000000000000000e+03
1.352000000000000000e+03
1.434000000000000000e+03
1.664000000000000000e+03
1.576000000000000000e+03
1.822000000000000000e+03
2.000000000000000000e+03
2.220000000000000000e+03
2.299000000000000000e+03
2.702000000000000000e+03
3.038000000000000000e+03
2.876000000000000000e+03
1.814000000000000000e+03
1.396000000000000000e+03
1.208000000000000000e+03
1.186000000000000000e+03
1.068000000000000000e+03
1.068000000000000000e+03
1.044000000000000000e+03
9.380000000000000000e+02
7.800000000000000000e+02
7.600000000000000000e+02
7.700000000000000000e+02
7.160000000000000000e+02
7.500000000000000000e+02
6.760000000000000000e+02
6.780000000000000000e+02
6.820000000000000000e+02
6.700000000000000000e+02
6.640000000000000000e+02
7.400000000000000000e+02
9.580000000000000000e+02
1.308000000000000000e+03
1.426000000000000000e+03
1.070000000000000000e+03
7.200000000000000000e+02
6.460000000000000000e+02
6.220000000000000000e+02
6.900000000000000000e+02
5.980000000000000000e+02
5.620000000000000000e+02
6.480000000000000000e+02
6.300000000000000000e+02
6.380000000000000000e+02
6.000000000000000000e+02
6.200000000000000000e+02
5.820000000000000000e+02
6.740000000000000000e+02
6.480000000000000000e+02
6.880000000000000000e+02
6.840000000000000000e+02
6.440000000000000000e+02
6.800000000000000000e+02
6.520000000000000000e+02
6.780000000000000000e+02
6.220000000000000000e+02
6.660000000000000000e+02
6.220000000000000000e+02
6.880000000000000000e+02
6.400000000000000000e+02
6.740000000000000000e+02
6.840000000000000000e+02
7.080000000000000000e+02
6.960000000000000000e+02
6.780000000000000000e+02
6.540000000000000000e+02
6.840000000000000000e+02
6.140000000000000000e+02
6.520000000000000000e+02
6.160000000000000000e+02
6.320000000000000000e+02
6.430000000000000000e+02
5.680000000000000000e+02
6.360000000000000000e+02
6.480000000000000000e+02
6.140000000000000000e+02
6.140000000000000000e+02
6.700000000000000000e+02
6.740000000000000000e+02
6.540000000000000000e+02
7.520000000000000000e+02
7.260000000000000000e+02
7.580000000000000000e+02
7.460000000000000000e+02
6.860000000000000000e+02
7.280000000000000000e+02
7.060000000000000000e+02
7.360000000000000000e+02
8.300000000000000000e+02
7.840000000000000000e+02
7.660000000000000000e+02
6.880000000000000000e+02
7.900000000000000000e+02
7.480000000000000000e+02
7.180000000000000000e+02
7.640000000000000000e+02
7.380000000000000000e+02
7.420000000000000000e+02
7.980000000000000000e+02
8.180000000000000000e+02
7.680000000000000000e+02
7.640000000000000000e+02
6.300000000000000000e+02
7.680000000000000000e+02
7.320000000000000000e+02
6.860000000000000000e+02
7.340000000000000000e+02
7.120000000000000000e+02
8.980000000000000000e+02
9.660000000000000000e+02
1.008000000000000000e+03
1.236000000000000000e+03
1.490000000000000000e+03
2.164000000000000000e+03
3.046000000000000000e+03
2.090000000000000000e+03
1.158000000000000000e+03
1.020000000000000000e+03
9.120000000000000000e+02
8.260000000000000000e+02
7.660000000000000000e+02
6.960000000000000000e+02
6.600000000000000000e+02
7.700000000000000000e+02
8.040000000000000000e+02
8.060000000000000000e+02
8.340000000000000000e+02
8.320000000000000000e+02
9.060000000000000000e+02
8.640000000000000000e+02
9.680000000000000000e+02
8.680000000000000000e+02
9.880000000000000000e+02
9.440000000000000000e+02
8.760000000000000000e+02
8.020000000000000000e+02
1.312000000000000000e+03
1.004000000000000000e+03
9.440000000000000000e+02
8.520000000000000000e+02
8.580000000000000000e+02
7.210000000000000000e+02
7.320000000000000000e+02
7.900000000000000000e+02
6.680000000000000000e+02
6.420000000000000000e+02
6.420000000000000000e+02
6.960000000000000000e+02
6.840000000000000000e+02
7.180000000000000000e+02
6.820000000000000000e+02
7.220000000000000000e+02
6.620000000000000000e+02
7.220000000000000000e+02
6.660000000000000000e+02
5.740000000000000000e+02
6.520000000000000000e+02
6.360000000000000000e+02
6.200000000000000000e+02
6.160000000000000000e+02
5.640000000000000000e+02
5.960000000000000000e+02
6.580000000000000000e+02
6.100000000000000000e+02
6.360000000000000000e+02
